# Header FITS:
# SIMPLE: True
# BITPIX: 16
# NAXIS: 2
# NAXIS1: 3072
# NAXIS2: 2048
# EXTEND: True
# COMMENT:   FITS (Flexible Image Transport System) format is defined in 'Astronomy
# COMMENT:   and Astrophysics', volume 376, page 359; bibcode: 2001A&A...376..359H
# BZERO: 32768
# BSCALE: 1
# DATE-OBS: 2025-12-23T05:16:12.453
# DATE-END: 2025-12-23T05:16:12.597
# TSTART: 1766466972453.24
# TSTOP: 1766466972483.25
# DATE: 2025-12-23T05:16:13
# EXPOSURE: 30000.0
# COMMENT: Start of commanded pointing details
# RA0: 1.791231e-33
# DEC0: 4.591635e-41
# EPOCH0: 0.0
# WCSAXES: 2
# CTYPE1: RA---TAN-SIP
# CTYPE2: DEC--TAN-SIP
# RA: 165.477029640367
# DEC: 38.2093655315596
# EQUINOX: 2000.0
# CRVAL1: 165.477029640367
# CRVAL2: 38.2093655315596
# CRPIX1: 1535.5
# CRPIX2: 1023.5
# CD1_1: 0.00123032581900501
# CD1_2: 0.00134954592795742
# CD2_1: -0.0013502229727761
# CD2_2: 0.0012312108961317
# A_ORDER: 2
# A_0_2: -4.45887271480272e-07
# A_1_1: -3.8692351755496e-08
# A_2_0: -2.95137030684571e-07
# B_ORDER: 2
# B_0_2: -3.9234751512837e-06
# B_1_1: 5.20895637021082e-07
# B_2_0: 5.15068838112725e-07
# AP_ORDER: 2
# AP_0_0: 3.48281049904327e-05
# AP_0_1: 1.92355865027132e-06
# AP_0_2: 4.45729046201851e-07
# AP_1_0: 2.10717919466176e-07
# AP_1_1: 3.8708189692713e-08
# AP_2_0: 2.9513515874111e-07
# BP_ORDER: 2
# BP_0_0: 0.000231040066957592
# BP_0_1: 1.66410125111015e-05
# BP_0_2: 3.92219735082375e-06
# BP_1_0: -2.44678645069243e-06
# BP_1_1: -5.20569127213559e-07
# BP_2_0: -5.15014506833206e-07
# PERCORSO_FILE: /home/lorysimeone/tesi_magistrale/pmc_photometry/blazar/PMC_DATA_BLAZAR/20251223/run_00000006/20251223_051612.fits
#
ID,RAJ2000,DEJ2000,Mag,Catalogo
150011662323035793,166.23227147983,35.0126404136,14.0055,II/389/ps1_dr2
150061661324998709,166.1325128648,35.05675068121,14.4028,II/389/ps1_dr2
150171663292570262,166.32919076727,35.14136416383,14.4495,II/389/ps1_dr2
150131662442669088,166.24421259005,35.11539481046,13.123,II/389/ps1_dr2
150171662689915373,166.26909742,35.14569551,12.8858,II/389/ps1_dr2
150171662687945738,166.26875018,35.1459355,11.795,II/389/ps1_dr2
150181662337727538,166.23388022422,35.15587374203,14.3287,II/389/ps1_dr2
150181662341237682,166.23386383276,35.15586518655,13.288,II/389/ps1_dr2
150271662260419483,166.22599185397,35.23239416981,12.491,II/389/ps1_dr2
150341662854593623,166.28542347295,35.28583892815,13.097,II/389/ps1_dr2
150051659938318147,165.99376537,35.04792869,11.09,II/389/ps1_dr2
150051659940857737,165.99416683,35.04757616,14.7966,II/389/ps1_dr2
150081660316853712,166.03163365096,35.06926234526,14.7433,II/389/ps1_dr2
150221659227348721,165.92285276,35.19026439,11.406,II/389/ps1_dr2
150281658753636059,165.87534250479,35.23775498094,12.652,II/389/ps1_dr2
150231661379889596,166.13793568741,35.19912859622,13.9706,II/389/ps1_dr2
150251661415522916,166.14150490744,35.21022463878,14.7984,II/389/ps1_dr2
150331660037800529,166.0037545807,35.27492369748,13.397,II/389/ps1_dr2
150371660882297062,166.08818847547,35.31367746849,14.5008,II/389/ps1_dr2
150381659709763052,165.97096328133,35.31867385079,14.8213,II/389/ps1_dr2
150431661296749905,166.12965517196,35.36601811096,13.361,II/389/ps1_dr2
150441661178835155,166.11780898207,35.37043821019,14.8717,II/389/ps1_dr2
150301658519320582,165.85192648704,35.24994451471,14.7544,II/389/ps1_dr2
150361657841687606,165.78412689523,35.30583404137,14.4932,II/389/ps1_dr2
150401658076052671,165.80758014579,35.33506269784,13.2876,II/389/ps1_dr2
150411658133143946,165.81326866683,35.34446011291,12.274,II/389/ps1_dr2
150411658134074282,165.81328971,35.34449952,13.7653,II/389/ps1_dr2
150411658129264021,165.81262698,35.34443291,14.2952,II/389/ps1_dr2
150461658312307383,165.83121290215,35.38899025777,13.9236,II/389/ps1_dr2
150441656739485431,165.67368391788,35.37056703159,12.7992,II/389/ps1_dr2
150461657300887483,165.73009373,35.38906424,10.401,II/389/ps1_dr2
150461657302657771,165.73021016,35.38918199,10.02,II/389/ps1_dr2
150461657310347231,165.73075791,35.38865413,13.9687,II/389/ps1_dr2
150461657307128025,165.73089906,35.38944378,13.2659,II/389/ps1_dr2
150491656916491263,165.69143928,35.40874094,12.322,II/389/ps1_dr2
150491656919521562,165.69198437,35.40906837,14.2152,II/389/ps1_dr2
150491656922861256,165.69229734,35.40918733,10.9818,II/389/ps1_dr2
150491656927911218,165.69275927,35.40897256,12.1377,II/389/ps1_dr2
150491656924891753,165.69231728,35.40900273,11.0962,II/389/ps1_dr2
150531659287178554,165.92870021481,35.44828110467,14.1912,II/389/ps1_dr2
150531660081520619,166.00809319141,35.44161443996,14.6534,II/389/ps1_dr2
150581660139033669,166.01383996149,35.48582780019,14.2728,II/389/ps1_dr2
150581660944377845,166.09436903394,35.48931534933,14.3884,II/389/ps1_dr2
150611658324821004,165.83245971062,35.50865329216,13.832,II/389/ps1_dr2
150611658066420316,165.80660233266,35.50802033233,12.56,II/389/ps1_dr2
150611658590346389,165.85901448255,35.51312888387,13.232,II/389/ps1_dr2
150641659689013708,165.96882965,35.53571448,11.298,II/389/ps1_dr2
150641659689983095,165.96911504,35.53529582,13.5797,II/389/ps1_dr2
150671659377820235,165.93770703503,35.55797114298,14.8079,II/389/ps1_dr2
150711660167413413,166.01673786211,35.5939759383,12.515,II/389/ps1_dr2
150721660078822635,166.00789040054,35.60166433207,12.479,II/389/ps1_dr2
150801659445371379,165.94448760806,35.66726706748,14.146,II/389/ps1_dr2
151251676903653227,167.69030691735,36.04384232091,14.0215,II/389/ps1_dr2
151511679170969498,167.917052411,36.26567812763,13.5323,II/389/ps1_dr2
150481667641569954,166.76436170456,35.40782345187,13.031,II/389/ps1_dr2
150511667744832482,166.77463056052,35.42654625528,14.8137,II/389/ps1_dr2
150241664562612364,166.45626192,35.20148081,8.9602,II/389/ps1_dr2
150241664562922971,166.4561348,35.20194772,9.3352,II/389/ps1_dr2
150401665804745970,166.5804595779,35.33779497392,13.454,II/389/ps1_dr2
150461665348586918,166.53481067739,35.38858600602,13.7353,II/389/ps1_dr2
150341664169664078,166.41690957966,35.28620921125,13.8811,II/389/ps1_dr2
150351663404726300,166.34044437949,35.29639875419,14.0234,II/389/ps1_dr2
150491663903050723,166.39053303,35.40844375,10.925,II/389/ps1_dr2
150411666404978041,166.64053901299,35.34790006671,14.5568,II/389/ps1_dr2
150451665913089159,166.59128189961,35.38212376919,14.9048,II/389/ps1_dr2
150521665273287985,166.52727483512,35.43946337511,14.2018,II/389/ps1_dr2
150571665271435363,166.52709665656,35.47894671832,14.9965,II/389/ps1_dr2
150661665615286053,166.5615479,35.55451784,11.765,II/389/ps1_dr2
150701667243999782,166.72448584295,35.59098803243,14.6069,II/389/ps1_dr2
150751666126808188,166.61272651472,35.63133651907,13.3929,II/389/ps1_dr2
150671669091443366,166.90916157396,35.56062851579,13.4561,II/389/ps1_dr2
150731670038471238,167.00382145968,35.60885399124,13.335,II/389/ps1_dr2
150811670324488351,167.03260621182,35.6814255824,12.729,II/389/ps1_dr2
150881670951270508,167.09512054418,35.73323273241,14.9033,II/389/ps1_dr2
150721669009704371,166.90098012873,35.60309309801,13.9252,II/389/ps1_dr2
150791668662124958,166.86623489941,35.6619625253,13.5663,II/389/ps1_dr2
151051670056935886,167.00560546463,35.87942050368,13.02,II/389/ps1_dr2
151041669747022489,166.9746574746,35.86820241025,14.702,II/389/ps1_dr2
150481663002218304,166.30019422577,35.40639746352,14.1465,II/389/ps1_dr2
150541663924176760,166.39241462105,35.45512842271,14.3895,II/389/ps1_dr2
150651663588425859,166.35882816084,35.5460323236,13.4458,II/389/ps1_dr2
150681663949832976,166.39496951164,35.56862631844,14.2047,II/389/ps1_dr2
150571662646716734,166.26463456097,35.48007095994,14.1085,II/389/ps1_dr2
150611661796467013,166.17955597502,35.51359096678,12.838,II/389/ps1_dr2
150601661695133946,166.16947585902,35.50273360117,14.6759,II/389/ps1_dr2
150691662692949031,166.2692584362,35.58200217847,13.8005,II/389/ps1_dr2
150701662254751537,166.2254549,35.58413278,10.9636,II/389/ps1_dr2
150721662398967765,166.23984325045,35.60594249105,13.045,II/389/ps1_dr2
150761663192476707,166.31923895992,35.63839722297,13.4419,II/389/ps1_dr2
150691664837905357,166.48377242381,35.57895595438,14.6208,II/389/ps1_dr2
150691664084466459,166.4084492735,35.57986620949,13.9641,II/389/ps1_dr2
150741665616842863,166.56175927,35.61874666,14.5086,II/389/ps1_dr2
150761665157324507,166.51572485692,35.63653069364,13.8835,II/389/ps1_dr2
150791665433632113,166.54332096063,35.65951603352,13.7925,II/389/ps1_dr2
150811664730208954,166.47304419655,35.68192298126,12.149,II/389/ps1_dr2
150901665587382816,166.55877017063,35.7518498016,13.9113,II/389/ps1_dr2
150771663681914108,166.36818289325,35.64457334834,13.7106,II/389/ps1_dr2
150801664312480089,166.43123377491,35.66621935973,14.6786,II/389/ps1_dr2
150821664508022136,166.45067788432,35.68465475948,13.045,II/389/ps1_dr2
150801663296020603,166.32959500989,35.66666755952,14.3871,II/389/ps1_dr2
150731661700108133,166.16995390122,35.61461006688,13.6134,II/389/ps1_dr2
150741661744450819,166.17438313209,35.61685102928,13.1131,II/389/ps1_dr2
150701660653845628,166.06498851263,35.58753781741,12.0603,II/389/ps1_dr2
150711660479513097,166.04788814383,35.59371090673,14.5276,II/389/ps1_dr2
150701660551296983,166.05506308612,35.58860697084,13.6462,II/389/ps1_dr2
150791661196851016,166.11967288105,35.65865467295,14.51,II/389/ps1_dr2
150721662005839390,166.200656,35.60743,10.828,II/389/ps1_dr2
150721662012689517,166.20119776,35.60747622,12.6744,II/389/ps1_dr2
150831662067640542,166.20671699892,35.69162441625,13.163,II/389/ps1_dr2
150741660386714957,166.03860502046,35.6202588123,14.978,II/389/ps1_dr2
150831660794282615,166.07945729239,35.69327454122,12.307,II/389/ps1_dr2
150861660261704008,166.02611554944,35.71949979694,14.7602,II/389/ps1_dr2
150841661246371525,166.12459704141,35.7007570761,14.2333,II/389/ps1_dr2
150921660888078970,166.08874492766,35.77362907534,14.7033,II/389/ps1_dr2
150931661071931416,166.10702335,35.77568382,11.5034,II/389/ps1_dr2
150931661067551114,166.10684492,35.77555443,12.1658,II/389/ps1_dr2
150881663363153693,166.33626715407,35.73597914192,13.4726,II/389/ps1_dr2
151121663939457400,166.39390529404,35.9390144964,13.7107,II/389/ps1_dr2
150971662219907848,166.22177177,35.81423811,10.1531,II/389/ps1_dr2
150971662220228216,166.22199828,35.81466343,9.89,II/389/ps1_dr2
151131663155188881,166.31568777041,35.94857995104,10.8512,II/389/ps1_dr2
151181663221327790,166.32206420516,35.98934723607,13.8458,II/389/ps1_dr2
151151662846472114,166.28461593679,35.95960264701,14.6867,II/389/ps1_dr2
150951666784051301,166.67844241979,35.79225559709,14.2599,II/389/ps1_dr2
151011667475792228,166.74760774167,35.84307927856,13.182,II/389/ps1_dr2
150971667382017942,166.73815203712,35.81452306242,14.0332,II/389/ps1_dr2
150961667019708458,166.70197225647,35.80656447889,13.1149,II/389/ps1_dr2
151031667187827200,166.71872908176,35.86384396786,14.6735,II/389/ps1_dr2
151101667643793997,166.76437765401,35.91959244544,13.7856,II/389/ps1_dr2
151001665542685060,166.55429636807,35.83706282104,13.5185,II/389/ps1_dr2
151071666372101685,166.63726374401,35.89230812555,12.68,II/389/ps1_dr2
151131667004980324,166.70056873501,35.94144883875,14.6673,II/389/ps1_dr2
151191666756150505,166.67567017202,35.9915825326,13.6064,II/389/ps1_dr2
151121668448885847,166.84488256517,35.93780609672,13.9673,II/389/ps1_dr2
151351669037394032,166.90371057287,36.12794767319,13.3702,II/389/ps1_dr2
151131664636124685,166.46358719667,35.94506127306,12.454,II/389/ps1_dr2
151131664638904900,166.46396474,35.94503636,13.3567,II/389/ps1_dr2
151251665784587284,166.57848603849,36.04716363834,14.7973,II/389/ps1_dr2
151241663283378185,166.32829500072,36.03963632616,14.8667,II/389/ps1_dr2
151241663560646269,166.35602729644,36.03804252531,14.2923,II/389/ps1_dr2
151421664894150660,166.48938890477,36.18330578013,13.9339,II/389/ps1_dr2
151441667316976360,166.73166905299,36.20487805994,13.974,II/389/ps1_dr2
151541665171692018,166.51702992813,36.28448336594,12.626,II/389/ps1_dr2
151561666790730449,166.67904043835,36.29986751144,14.1834,II/389/ps1_dr2
151631666244621018,166.62446517492,36.35865612657,14.0387,II/389/ps1_dr2
151641666645769058,166.66457367357,36.37370285093,13.045,II/389/ps1_dr2
150951672877606254,167.28767982129,35.79638904503,14.7693,II/389/ps1_dr2
150951673051981762,167.30510159038,35.79264726178,14.7566,II/389/ps1_dr2
150971673542600673,167.35417968267,35.80843435505,13.3972,II/389/ps1_dr2
151131674343783078,167.43430660824,35.94377441525,13.9083,II/389/ps1_dr2
150961672475090638,167.24749844,35.79991465,14.0896,II/389/ps1_dr2
150961672480770350,167.24794922,35.79984198,11.1556,II/389/ps1_dr2
150961672483140953,167.24831085,35.80004244,12.2662,II/389/ps1_dr2
151011672768732422,167.27676733646,35.84320749824,13.6736,II/389/ps1_dr2
151011672247738036,167.22483702975,35.84794621021,12.347,II/389/ps1_dr2
151011672249348339,167.22485364698,35.84793897597,13.5563,II/389/ps1_dr2
151011672252338111,167.22483415876,35.84793928202,12.3535,II/389/ps1_dr2
151041672354028552,167.23534321512,35.87326870397,14.6082,II/389/ps1_dr2
151081672238559961,167.2237623955,35.90780037432,13.8903,II/389/ps1_dr2
151161673484124360,167.34833018838,35.96983579462,13.8751,II/389/ps1_dr2
151221673170565911,167.31702364686,36.02107880984,13.102,II/389/ps1_dr2
151121674897097391,167.48962609325,35.93904370526,13.8101,II/389/ps1_dr2
151211674616959952,167.46158542499,36.01616218789,13.5253,II/389/ps1_dr2
151241673761312353,167.37604715454,36.03482026922,14.6785,II/389/ps1_dr2
151361675207258460,167.52056125111,36.13988332251,13.4666,II/389/ps1_dr2
151071671690217226,167.16895785042,35.89717892722,14.1951,II/389/ps1_dr2
151211671490283545,167.14889492,36.01085641,7.892,II/389/ps1_dr2
151211671498201989,167.14975091,36.00943293,12.4244,II/389/ps1_dr2
151211671493823611,167.14936678,36.01086372,9.1708,II/389/ps1_dr2
151451674867062154,167.48658141892,36.20960623315,14.2504,II/389/ps1_dr2
151471673992460706,167.39932986,36.22511163,11.1607,II/389/ps1_dr2
151491674018339454,167.40172367692,36.24906345406,13.17,II/389/ps1_dr2
151521673083538474,167.3082645425,36.27323139975,13.8079,II/389/ps1_dr2
151531672261967164,167.22614701949,36.28047866701,14.6177,II/389/ps1_dr2
151541672258820894,167.22585711173,36.28357239588,14.9118,II/389/ps1_dr2
151561673277498569,167.3279408,36.3066183,12.6978,II/389/ps1_dr2
151571673274612706,167.32759079,36.31021643,7.0301,II/389/ps1_dr2
151571673288695799,167.32895151,36.31250412,14.3866,II/389/ps1_dr2
151571673302070499,167.33020443,36.30815493,12.7953,II/389/ps1_dr2
151561673706243876,167.3705558093,36.30273339752,14.5981,II/389/ps1_dr2
151591672770616346,167.27711043244,36.32975888997,14.519,II/389/ps1_dr2
151341676809000827,167.68082791478,36.11684405537,14.0004,II/389/ps1_dr2
151351676656830342,167.66562011653,36.12476371258,14.5742,II/389/ps1_dr2
151431676617003232,167.66163233697,36.19383525932,13.7982,II/389/ps1_dr2
151521677941952937,167.79413874812,36.26857489894,13.152,II/389/ps1_dr2
151481676751299871,167.6750528907,36.24104482944,12.902,II/389/ps1_dr2
151471675978245278,167.59762888724,36.22885614032,13.2606,II/389/ps1_dr2
151581676131707619,167.61311736885,36.32246386559,13.6213,II/389/ps1_dr2
151501676914789778,167.69135722,36.25761118,11.9993,II/389/ps1_dr2
151501676919289981,167.6919087,36.25777971,11.22,II/389/ps1_dr2
151511676918650339,167.69170666,36.2579961,13.3503,II/389/ps1_dr2
151501676923639787,167.69233523,36.25751177,13.4508,II/389/ps1_dr2
151581679186320482,167.91861247165,36.31650474291,13.6204,II/389/ps1_dr2
151581678932901841,167.89325531864,36.31763121936,14.7038,II/389/ps1_dr2
151561678434889784,167.84344946257,36.3075967158,12.861,II/389/ps1_dr2
151671678586599370,167.85862729553,36.39892146075,13.496,II/389/ps1_dr2
151631679281409262,167.92814505794,36.36548186508,14.6886,II/389/ps1_dr2
151701677909180581,167.79086739815,36.4166093899,13.7864,II/389/ps1_dr2
151751678655314537,167.86550702026,36.46155710409,14.1564,II/389/ps1_dr2
151881678891102524,167.88898534927,36.56814304085,12.527,II/389/ps1_dr2
151881678889512209,167.88889108,36.56790337,12.4069,II/389/ps1_dr2
151611675632208746,167.56321279,36.3484392,12.493,II/389/ps1_dr2
151611675635768824,167.56342052209,36.34837405336,14.1425,II/389/ps1_dr2
151621675240456971,167.52400527,36.35530666,13.2121,II/389/ps1_dr2
151771675969613239,167.59693154122,36.47717046087,14.4358,II/389/ps1_dr2
151781675970048456,167.5972474,36.48996155,11.579,II/389/ps1_dr2
151681674791991478,167.47915527809,36.40073103813,14.9291,II/389/ps1_dr2
151691673838437930,167.38372601923,36.41439856185,14.2901,II/389/ps1_dr2
151681673662955306,167.36622325918,36.40394629397,14.0124,II/389/ps1_dr2
151731674293728843,167.42921766,36.44854154,13.2892,II/389/ps1_dr2
151731674287818382,167.42876356,36.44815271,12.6738,II/389/ps1_dr2
151781675276809921,167.52770944494,36.49115263243,13.486,II/389/ps1_dr2
151781677033311539,167.70321923,36.48384628,11.7138,II/389/ps1_dr2
151781677039371586,167.70381267,36.48402003,10.7086,II/389/ps1_dr2
151851676117144804,167.6117326,36.54516035,13.578,II/389/ps1_dr2
151851676124285510,167.61236475,36.54562573,11.7073,II/389/ps1_dr2
151851676121825014,167.61219731,36.54551892,11.239,II/389/ps1_dr2
151851676127864772,167.61276865,36.54522554,14.2893,II/389/ps1_dr2
151991676795862932,167.6795198147,36.66023764925,13.9834,II/389/ps1_dr2
151271669954294685,166.99532615451,36.06176348572,13.7569,II/389/ps1_dr2
151271669955751988,166.99549658909,36.05950122395,14.6511,II/389/ps1_dr2
151431669257716650,166.92570831751,36.19677046707,13.7775,II/389/ps1_dr2
151491668842052508,166.88418061154,36.24330424379,13.8917,II/389/ps1_dr2
151561669031079365,166.90310899586,36.30729101635,14.3445,II/389/ps1_dr2
151551671727217311,167.17262956267,36.29728166131,13.359,II/389/ps1_dr2
151551672129276678,167.21286637103,36.29674455445,14.3022,II/389/ps1_dr2
151601671955352439,167.19547112594,36.33485241456,14.7563,II/389/ps1_dr2
151611671073718992,167.10729155752,36.348663523,14.9842,II/389/ps1_dr2
151671671647287310,167.16471985,36.39723616,11.8588,II/389/ps1_dr2
151671671650847665,167.16502702,36.39764443,10.897,II/389/ps1_dr2
151671671650988049,167.16506315,36.39779845,10.7829,II/389/ps1_dr2
151701672269630609,167.22684994502,36.41668485186,11.885,II/389/ps1_dr2
151701672265260663,167.22673203,36.41649956,12.9662,II/389/ps1_dr2
151761672719016036,167.27193153,36.4712193,11.0737,II/389/ps1_dr2
151761672715896512,167.27163526,36.47153467,10.821,II/389/ps1_dr2
151761672720516553,167.27214873,36.47177066,10.8832,II/389/ps1_dr2
151661670635552891,167.06344748378,36.38526538311,13.6615,II/389/ps1_dr2
151741670604366618,167.06020415,36.45491408,8.7896,II/389/ps1_dr2
151741670610266797,167.06110863,36.45536432,13.1457,II/389/ps1_dr2
151741670603825974,167.06019974,36.4545825,8.4994,II/389/ps1_dr2
151841671003145505,167.10022690506,36.53742833164,14.4284,II/389/ps1_dr2
151671669445037307,166.94444439128,36.39725414401,14.8795,II/389/ps1_dr2
151791669057635764,166.90571805801,36.49599551206,13.6116,II/389/ps1_dr2
151741667200044613,166.72009681255,36.45343090879,12.267,II/389/ps1_dr2
151741667201055211,166.72023773,36.45365029,13.1791,II/389/ps1_dr2
151731670019868186,167.00190933828,36.44802334828,13.5389,II/389/ps1_dr2
151821670308425837,167.03073928442,36.52106984124,14.9667,II/389/ps1_dr2
151781669501495758,166.95013659904,36.48764112326,14.7779,II/389/ps1_dr2
151921670562623161,167.05619864697,36.60213343121,14.7904,II/389/ps1_dr2
151961670530661155,167.05300920223,36.63378397267,13.7613,II/389/ps1_dr2
151961670540881424,167.05394342307,36.63404826884,11.781,II/389/ps1_dr2
151951670308420446,167.03080028896,36.62484840972,14.9409,II/389/ps1_dr2
151911668424335213,166.84204182,36.59530993,10.0242,II/389/ps1_dr2
151911668420485027,166.84234539,36.59568971,9.99,II/389/ps1_dr2
152001669758873328,166.9758421004,36.66894401597,13.482,II/389/ps1_dr2
152001669784694377,166.97853862,36.66987412,11.5494,II/389/ps1_dr2
152031670047208993,167.00464952985,36.69866196075,13.7366,II/389/ps1_dr2
151841673676176695,167.36760499179,36.53840825785,13.312,II/389/ps1_dr2
151941672760951753,167.27603585393,36.61756033617,14.7389,II/389/ps1_dr2
152041673902736239,167.39016772,36.70469068,12.2819,II/389/ps1_dr2
152041673897106634,167.38966782,36.70503683,13.0636,II/389/ps1_dr2
152041673900756845,167.39008492,36.70515593,11.354,II/389/ps1_dr2
152041675848460272,167.58467712,36.69967267,14.9162,II/389/ps1_dr2
152041675842700465,167.58426084905,36.69987323414,13.189,II/389/ps1_dr2
152041675641239688,167.56407912358,36.70753655422,14.1841,II/389/ps1_dr2
152061675007135129,167.50067844996,36.72042246515,14.6345,II/389/ps1_dr2
152061674655370188,167.46548406003,36.71628505724,14.2586,II/389/ps1_dr2
152191674816531330,167.48162072468,36.82557914037,14.4121,II/389/ps1_dr2
152221674154635437,167.41544055928,36.85400147514,13.6673,II/389/ps1_dr2
152171675083823697,167.50839613,36.81108768,13.9306,II/389/ps1_dr2
152171675086313987,167.50855674,36.8111466,11.911,II/389/ps1_dr2
152271675978702321,167.59783321529,36.89305423962,14.4039,II/389/ps1_dr2
151971671360797615,167.13598595825,36.64745660717,14.2574,II/389/ps1_dr2
152061672087746732,167.20878813188,36.72176436478,12.454,II/389/ps1_dr2
152091671503144712,167.15028790348,36.7450669352,14.5603,II/389/ps1_dr2
152111670488117268,167.04861243451,36.76374968018,12.7466,II/389/ps1_dr2
152121670396834932,167.03963889523,36.77026750488,14.9175,II/389/ps1_dr2
152271674164007854,167.41638292504,36.89766397307,14.8225,II/389/ps1_dr2
152261673214260051,167.32115246727,36.88277946401,12.779,II/389/ps1_dr2
152251673205299711,167.32046628432,36.88257338824,14.7854,II/389/ps1_dr2
152311673275566893,167.327529771,36.93021467641,14.874,II/389/ps1_dr2
152331672246140806,167.22439998,36.94172336,10.711,II/389/ps1_dr2
152331672243530487,167.22455101,36.94155955,10.5292,II/389/ps1_dr2
152351672105102683,167.2104267825,36.96006812851,13.3298,II/389/ps1_dr2
152431672330362634,167.23299244425,37.02667684482,14.563,II/389/ps1_dr2
152471673468489028,167.34681270849,37.06533650603,14.1602,II/389/ps1_dr2
152551673509927337,167.35093002361,37.13061665769,13.4663,II/389/ps1_dr2
150571655857436002,165.58570548781,35.47943822546,14.7724,II/389/ps1_dr2
150511656889363416,165.68888466639,35.42730532331,14.9734,II/389/ps1_dr2
150581656484334739,165.64834939076,35.48667846757,12.63,II/389/ps1_dr2
150651655869791709,165.58696952099,35.54254469791,14.7765,II/389/ps1_dr2
150701655826376059,165.58260196974,35.58784627671,14.6542,II/389/ps1_dr2
150721656045237367,165.60449765198,35.60556090882,13.607,II/389/ps1_dr2
150741655914037816,165.59139490815,35.62263919135,14.6318,II/389/ps1_dr2
150781657517010273,165.75167251399,35.64974057733,14.7734,II/389/ps1_dr2
150801657679853896,165.76795249553,35.66940667713,14.0842,II/389/ps1_dr2
150791658667439213,165.86683743958,35.66554277375,11.444,II/389/ps1_dr2
150791659005949368,165.90060626082,35.66559965189,12.229,II/389/ps1_dr2
150751657020538611,165.7020030672,35.63167835674,14.7694,II/389/ps1_dr2
150811657348193000,165.73484835,35.67702579,8.645,II/389/ps1_dr2
150811657357162828,165.73567441,35.6769473,13.7328,II/389/ps1_dr2
150811657351993063,165.73542727,35.67695965,8.6216,II/389/ps1_dr2
150811657340332845,165.7341061,35.6767746,13.4117,II/389/ps1_dr2
150821656935793029,165.69351374,35.68519975,10.6654,II/389/ps1_dr2
150821656938862530,165.6938767,35.68502709,10.4211,II/389/ps1_dr2
150821656940473114,165.694146,35.68549,10.336,II/389/ps1_dr2
150911658192019361,165.81919224158,35.76554281601,12.67,II/389/ps1_dr2
150751653711713610,165.37118435688,35.62745787197,14.0416,II/389/ps1_dr2
150821655290875023,165.52909880542,35.68696889317,14.5399,II/389/ps1_dr2
150841655573519758,165.55746699,35.70751541,13.8684,II/389/ps1_dr2
150841655577259504,165.55771533287,35.70738439313,11.411,II/389/ps1_dr2
150841655579449146,165.557957,35.70712347,12.4753,II/389/ps1_dr2
150851653895496329,165.38929221,35.71295935,14.9787,II/389/ps1_dr2
150931653970519301,165.39698744533,35.78221581309,13.6931,II/389/ps1_dr2
150991654114280723,165.4114511606,35.82505848647,14.3856,II/389/ps1_dr2
150921656609526998,165.66092554923,35.77200691382,14.7665,II/389/ps1_dr2
151001657006385496,165.70059851379,35.83739217032,12.994,II/389/ps1_dr2
151061656787864358,165.67880168936,35.8864339415,12.812,II/389/ps1_dr2
151071656714189573,165.67140621292,35.89912965715,14.0464,II/389/ps1_dr2
150971654907487065,165.49075830738,35.81368038216,14.0018,II/389/ps1_dr2
150991654744163641,165.47427198,35.82720206,11.7768,II/389/ps1_dr2
150991654747703666,165.47508116,35.82738623,11.782,II/389/ps1_dr2
150991654738333377,165.47428806,35.82749722,11.5728,II/389/ps1_dr2
151081654614981503,165.46150365152,35.90071059848,14.6797,II/389/ps1_dr2
151151656365623407,165.63659042927,35.96063394232,14.5188,II/389/ps1_dr2
151151655591251283,165.55911967105,35.95886802606,13.4592,II/389/ps1_dr2
151171655672041225,165.56719496752,35.97548683804,13.5447,II/389/ps1_dr2
151101649975069498,164.99751158007,35.92404186964,14.6659,II/389/ps1_dr2
150841652378338824,165.23779793118,35.70679264877,13.4631,II/389/ps1_dr2
151081650944264930,165.09444828703,35.90357313647,14.2279,II/389/ps1_dr2
151081651476539702,165.14770208595,35.90756820311,14.8664,II/389/ps1_dr2
151141652749996910,165.27498141379,35.95519749918,14.653,II/389/ps1_dr2
151151651568742011,165.15688976874,35.95949520561,12.729,II/389/ps1_dr2
151141654622457016,165.46224279613,35.95531324901,14.8951,II/389/ps1_dr2
151251654144503308,165.41439169548,36.04391092985,12.689,II/389/ps1_dr2
151201655090265596,165.50905241302,36.00412489689,14.951,II/389/ps1_dr2
151281655424906137,165.54256617527,36.07121778295,12.125,II/389/ps1_dr2
151281655424975793,165.54260068,36.07105811,14.196,II/389/ps1_dr2
151281653639760091,165.36398645537,36.06617777701,14.0716,II/389/ps1_dr2
151271653154899632,165.315729,36.06601,9.538,II/389/ps1_dr2
151271653160529532,165.31598603,36.0658971,10.6626,II/389/ps1_dr2
151281653161580026,165.31593147,36.06621434,10.1131,II/389/ps1_dr2
151271653164129521,165.31647674,36.06559307,13.849,II/389/ps1_dr2
151301653398290294,165.33982121079,36.08304373439,14.1271,II/389/ps1_dr2
151311654392951955,165.4393091445,36.09278608839,14.1096,II/389/ps1_dr2
151431654335628837,165.43361278006,36.1984956465,12.993,II/389/ps1_dr2
151151650758964976,165.07589672629,35.96196546456,14.7536,II/389/ps1_dr2
151261650897237160,165.08972240931,36.05544841652,14.9235,II/389/ps1_dr2
151281651152499968,165.11524867911,36.07445106255,14.0188,II/389/ps1_dr2
151301650893222415,165.08912772255,36.08485793314,13.0332,II/389/ps1_dr2
151301650888922488,165.08885919,36.08504195,11.637,II/389/ps1_dr2
151291649434463528,164.94343698287,36.07740850962,13.352,II/389/ps1_dr2
151311650020758314,165.00204305214,36.09803677791,13.7041,II/389/ps1_dr2
151301650883172688,165.08839297034,36.08498400206,13.4367,II/389/ps1_dr2
151391652986378873,165.29864951972,36.16517162226,13.679,II/389/ps1_dr2
151451652132185515,165.21319496683,36.21242751738,14.6405,II/389/ps1_dr2
151521651095071276,165.10949216051,36.26719350254,13.991,II/389/ps1_dr2
151581652071248264,165.20712031956,36.32301983012,14.4979,II/389/ps1_dr2
151361647389520539,164.73895441865,36.1332713441,14.5727,II/389/ps1_dr2
151361647711453645,164.77133877468,36.13596453992,12.5856,II/389/ps1_dr2
151361647713784010,164.77135639328,36.13596203841,12.597,II/389/ps1_dr2
151361647275894202,164.72763726123,36.13633987139,12.557,II/389/ps1_dr2
151401647357537297,164.73579645415,36.17222387521,14.4539,II/389/ps1_dr2
151431647401284169,164.74015968466,36.19461036672,14.4667,II/389/ps1_dr2
151561645169351502,164.51686209775,36.30069781923,14.3297,II/389/ps1_dr2
151641644884622782,164.48840956483,36.36836968531,13.204,II/389/ps1_dr2
151611645232870887,164.52317678133,36.34183165306,14.519,II/389/ps1_dr2
151311648824584980,164.8821641,36.09539474,12.5763,II/389/ps1_dr2
151311648856221886,164.88554002,36.09274531,13.1073,II/389/ps1_dr2
151311648863963337,164.8863845,36.09387328,12.7123,II/389/ps1_dr2
151311648877190971,164.88762992,36.09201859,12.7789,II/389/ps1_dr2
151301648757483916,164.87577662,36.08615428,13.3087,II/389/ps1_dr2
151381648284224008,164.82842906258,36.15282157777,14.0434,II/389/ps1_dr2
151451647539093159,164.75395222184,36.21042882964,13.189,II/389/ps1_dr2
151551647767565879,164.7767609344,36.29603570335,13.8077,II/389/ps1_dr2
151551649052099764,164.90517119353,36.29926488706,14.8227,II/389/ps1_dr2
151621649074150566,164.90736754321,36.34993289489,13.767,II/389/ps1_dr2
151631648332730234,164.83322572054,36.3579332688,14.7757,II/389/ps1_dr2
151681648688204373,164.86878826493,36.40309437511,13.6959,II/389/ps1_dr2
151541650771014576,165.07709292425,36.28661607887,14.9204,II/389/ps1_dr2
151571650530918296,165.05319631406,36.31464668181,11.468,II/389/ps1_dr2
151571650534358588,165.05338749,36.31512443,13.0398,II/389/ps1_dr2
151661651350625966,165.13507455887,36.38776722682,14.6877,II/389/ps1_dr2
151671649961506203,164.99616554216,36.39628191556,14.5206,II/389/ps1_dr2
151671650017099303,165.00173029996,36.39886323219,13.4915,II/389/ps1_dr2
151771650546270744,165.05472721807,36.47501932328,12.454,II/389/ps1_dr2
151591647488852950,164.74884191074,36.32687521865,14.432,II/389/ps1_dr2
151591647363136539,164.73630768161,36.32987588905,13.4242,II/389/ps1_dr2
151631647451692858,164.74510191348,36.36015453046,14.8957,II/389/ps1_dr2
151791647942248522,164.79394563,36.49838565,12.0822,II/389/ps1_dr2
151661646170397552,164.61698146076,36.38906687676,14.576,II/389/ps1_dr2
151721645505592470,164.55051747328,36.43481859643,14.9293,II/389/ps1_dr2
151781646491130926,164.64907855738,36.48351178246,13.385,II/389/ps1_dr2
151801647124352267,164.71222687,36.50143325,11.755,II/389/ps1_dr2
151801647127041993,164.71246447,36.50128,12.3504,II/389/ps1_dr2
151871647025680180,164.70251712978,36.5579033221,14.5238,II/389/ps1_dr2
151821648745260471,164.874392,36.516674,9.321,II/389/ps1_dr2
151821648748400657,164.8745594,36.51653526,9.8842,II/389/ps1_dr2
151821648753910268,164.87536093,36.51633522,9.8687,II/389/ps1_dr2
151871648559024364,164.85586054,36.56146291,14.9288,II/389/ps1_dr2
151871648555364252,164.85547534956,36.56132834101,11.732,II/389/ps1_dr2
151871650081360727,165.00818719722,36.5583302752,13.9845,II/389/ps1_dr2
151961650199689025,165.01995247645,36.64027511837,14.8403,II/389/ps1_dr2
152021649339938355,164.9339796346,36.68967216784,13.6377,II/389/ps1_dr2
152051648681620964,164.86813301123,36.70851253809,13.7663,II/389/ps1_dr2
151741643405899103,164.34040968557,36.45702613736,12.4076,II/389/ps1_dr2
151811643535248139,164.35346744048,36.51455072686,14.5458,II/389/ps1_dr2
151871643835854126,164.38350296462,36.56120135055,14.4199,II/389/ps1_dr2
151901642476896110,164.2476386932,36.58784199134,12.812,II/389/ps1_dr2
151881643133791876,164.31327715574,36.56765938072,13.8366,II/389/ps1_dr2
151921642132872409,164.21319199575,36.60141522008,13.8823,II/389/ps1_dr2
151941642700900582,164.26997099087,36.6165774716,14.4768,II/389/ps1_dr2
151931641749645690,164.17491316489,36.61246699332,13.349,II/389/ps1_dr2
152051641235160549,164.12341728782,36.70823416552,14.3748,II/389/ps1_dr2
151801645681781081,164.56800085,36.500091,11.0721,II/389/ps1_dr2
151801645685130994,164.56841412,36.50029483,11.059,II/389/ps1_dr2
151871645764679084,164.57638327633,36.56532977467,14.88,II/389/ps1_dr2
151951645942024468,164.59417268358,36.62814153496,13.477,II/389/ps1_dr2
152031647419208698,164.74204097,36.69846534,14.6658,II/389/ps1_dr2
152031647415328698,164.7414884956,36.69830077022,13.5572,II/389/ps1_dr2
152061646955982608,164.69585832,36.71896069,11.3132,II/389/ps1_dr2
152051647096755968,164.70964907908,36.71270383729,14.9298,II/389/ps1_dr2
152061646952063089,164.69496729,36.7183521,10.9729,II/389/ps1_dr2
152101648081471866,164.80813899655,36.7509372723,13.487,II/389/ps1_dr2
152121648147289733,164.81471743699,36.77417222034,14.8775,II/389/ps1_dr2
152181647258994088,164.72586558443,36.81946079703,13.8446,II/389/ps1_dr2
152251647366967755,164.73668576999,36.88087881586,14.8255,II/389/ps1_dr2
152271647363647900,164.73633414422,36.89767405869,14.8118,II/389/ps1_dr2
152271646260020301,164.62598485674,36.8913105534,14.1843,II/389/ps1_dr2
152181644792380620,164.47921877257,36.81659018795,13.411,II/389/ps1_dr2
152161642770151643,164.27697948124,36.80083802526,12.829,II/389/ps1_dr2
152161642773671734,164.27713543,36.80095388,13.5714,II/389/ps1_dr2
152131642085881262,164.20851953694,36.7755236926,14.7788,II/389/ps1_dr2
152241642531913761,164.25312614822,36.86926795804,14.2431,II/389/ps1_dr2
152231643297844186,164.32972502573,36.86128890001,14.4294,II/389/ps1_dr2
152191645382938027,164.5382238985,36.83111700611,14.5818,II/389/ps1_dr2
152261645433199012,164.54334131318,36.8902530124,14.1237,II/389/ps1_dr2
152431646034577497,164.60346609,37.03088144,13.2317,II/389/ps1_dr2
152431646037967305,164.60379407,37.03053767,14.5445,II/389/ps1_dr2
152431646041327969,164.60378494,37.03100811,10.941,II/389/ps1_dr2
152431646052405548,164.60525681,37.02907827,13.1873,II/389/ps1_dr2
152431646056864579,164.60559377,37.02842,9.0449,II/389/ps1_dr2
152431646062424014,164.60627911,37.02783817,13.0702,II/389/ps1_dr2
152441645633867259,164.56338364582,37.03881759112,13.866,II/389/ps1_dr2
152441645387825174,164.53872618528,37.03709826973,13.128,II/389/ps1_dr2
151001659782977367,165.97825203307,35.83894038108,14.7668,II/389/ps1_dr2
151071660429428270,166.04290505445,35.89797527565,12.8414,II/389/ps1_dr2
151091660616541402,166.06175322524,35.90902763084,12.1141,II/389/ps1_dr2
151101660374991626,166.03747388088,35.91749081898,14.5128,II/389/ps1_dr2
150991658920378966,165.8919757356,35.8319697465,12.8204,II/389/ps1_dr2
151041658645900707,165.86424517,35.86673624,14.7363,II/389/ps1_dr2
151041658641380435,165.86413378321,35.86647449527,12.347,II/389/ps1_dr2
151171659316666083,165.93166410017,35.97950741108,13.8274,II/389/ps1_dr2
151091660751819725,166.07518739335,35.91591548692,14.7333,II/389/ps1_dr2
151201661253666449,166.12533935808,36.00484652059,14.3628,II/389/ps1_dr2
151281662242312921,166.22417763838,36.06858344484,14.85,II/389/ps1_dr2
151311661675598561,166.16745252951,36.09828616108,12.682,II/389/ps1_dr2
151281660773712871,166.07728612864,36.06855744099,13.121,II/389/ps1_dr2
151311660617807936,166.06178326449,36.09774329537,14.3134,II/389/ps1_dr2
151341659985890375,165.9986100115,36.1164615523,14.9359,II/389/ps1_dr2
151321660998980621,166.09970965789,36.09996434384,12.3021,II/389/ps1_dr2
151351660789921216,166.0789724382,36.12542952998,14.9814,II/389/ps1_dr2
151411661357247028,166.13566912187,36.18030289622,14.4376,II/389/ps1_dr2
151081657399745519,165.73999229098,35.90407410273,14.3986,II/389/ps1_dr2
151111658018253344,165.80182583753,35.92726066808,13.8066,II/389/ps1_dr2
151141658310618220,165.83101207,35.95645762,10.5841,II/389/ps1_dr2
151141658315023590,165.83150057,35.95249172,8.7215,II/389/ps1_dr2
151141658320846793,165.83198715,35.95520731,8.3081,II/389/ps1_dr2
151141658324757193,165.8324186,35.95539391,8.3051,II/389/ps1_dr2
151191658431450199,165.84313152183,35.99129182536,13.359,II/389/ps1_dr2
151291657955888541,165.79557943164,36.08164863855,14.8939,II/389/ps1_dr2
151311658130488386,165.8131138142,36.09824896139,13.425,II/389/ps1_dr2
151341658652941614,165.86528337141,36.11754691163,14.6375,II/389/ps1_dr2
151211656576225791,165.65763017816,36.01261116803,14.4203,II/389/ps1_dr2
151271656975912128,165.69759153613,36.05958940361,11.968,II/389/ps1_dr2
151381657682580985,165.76818883585,36.15035010255,13.2835,II/389/ps1_dr2
151411659450076917,165.94495670467,36.18029411312,13.993,II/389/ps1_dr2
151451658948756169,165.89488251801,36.21300828538,14.6355,II/389/ps1_dr2
151521658949684335,165.89494293303,36.26981383019,14.1684,II/389/ps1_dr2
151391663400027021,166.33995574552,36.16365293017,14.6338,II/389/ps1_dr2
151391662588272778,166.25875657253,36.16009381141,14.9819,II/389/ps1_dr2
151431663350503887,166.33495637149,36.19440561136,13.4795,II/389/ps1_dr2
151451663393176230,166.33921871735,36.21301730355,13.364,II/389/ps1_dr2
151451663401219728,166.34005067601,36.21590597175,14.6989,II/389/ps1_dr2
151491661684647335,166.16843180195,36.24720962552,14.3425,II/389/ps1_dr2
151501661583835219,166.15836818888,36.25378408732,14.1487,II/389/ps1_dr2
151521663219789976,166.32196115688,36.27443094465,13.5461,II/389/ps1_dr2
151541662614884249,166.26143562331,36.28631950481,14.913,II/389/ps1_dr2
151641663293535155,166.32903014,36.37051257,13.3791,II/389/ps1_dr2
151641663297724924,166.32950349,36.37023458,11.472,II/389/ps1_dr2
151641663295464536,166.32969764,36.36982323,13.6034,II/389/ps1_dr2
151631662564604047,166.25644581986,36.36112782141,14.2616,II/389/ps1_dr2
151641663081505035,166.30803829686,36.37041595387,13.678,II/389/ps1_dr2
151681662976049276,166.2975595816,36.40721327982,13.7204,II/389/ps1_dr2
151511664412948901,166.44126203029,36.26519663914,13.9517,II/389/ps1_dr2
151581664779805899,166.47799720549,36.32101606413,14.6819,II/389/ps1_dr2
151621664732763007,166.47334301,36.35195131,11.595,II/389/ps1_dr2
151701663858369101,166.38578570295,36.42375224801,13.449,II/389/ps1_dr2
151701664082169429,166.4081883693,36.42401455012,14.7382,II/389/ps1_dr2
151781665211347927,166.52095719,36.48953838,11.656,II/389/ps1_dr2
151781665207198471,166.5208122,36.49028919,14.5319,II/389/ps1_dr2
151541661063562517,166.10630554183,36.28490291044,13.2574,II/389/ps1_dr2
151791661938276469,166.1938210195,36.49652010814,14.1677,II/389/ps1_dr2
151741663010210471,166.30102509133,36.44996949912,11.571,II/389/ps1_dr2
151741663014540685,166.30128987,36.45017292,10.7865,II/389/ps1_dr2
151791662670530293,166.26697134437,36.49141114251,14.5315,II/389/ps1_dr2
151801662191996299,166.21918374473,36.50472514888,14.8617,II/389/ps1_dr2
151891662855819942,166.28554805188,36.58279072073,13.5612,II/389/ps1_dr2
151441657142650480,165.71421996108,36.19987761005,14.091,II/389/ps1_dr2
151461656420927899,165.64209400862,36.22270005249,13.449,II/389/ps1_dr2
151521656239750144,165.62396191288,36.26626430459,14.4806,II/389/ps1_dr2
151521656401136850,165.64011820312,36.27182770294,13.8954,II/389/ps1_dr2
151511656744182474,165.67433878782,36.25980786523,12.501,II/389/ps1_dr2
151511654723417107,165.47236693396,36.26372930397,14.1987,II/389/ps1_dr2
151511655946414900,165.59470504,36.26210243,12.9196,II/389/ps1_dr2
151511655951305181,165.59498394,36.26227016,11.192,II/389/ps1_dr2
151511655953784876,165.59540334,36.26194489,12.0989,II/389/ps1_dr2
151601656598935009,165.65990574,36.33696982,9.4622,II/389/ps1_dr2
151561655560543338,165.55592585324,36.30229193102,12.3307,II/389/ps1_dr2
151651658752576308,165.87522198047,36.37982209682,12.906,II/389/ps1_dr2
151731657839315817,165.78395998671,36.44599661673,14.8303,II/389/ps1_dr2
151721656912598500,165.69127808395,36.43986344495,14.7891,II/389/ps1_dr2
151511653891324535,165.38914573184,36.2616119653,13.7705,II/389/ps1_dr2
151581653354786997,165.33554828,36.32216413,13.9896,II/389/ps1_dr2
151581653355297841,165.33519523,36.32261957,10.957,II/389/ps1_dr2
151581653356418270,165.33564924,36.32292904,10.7527,II/389/ps1_dr2
151741654905284015,165.49054416,36.45275281,12.668,II/389/ps1_dr2
151741654908373844,165.49053633682,36.4527505397,12.6132,II/389/ps1_dr2
151721652611648639,165.26115041832,36.43994526559,14.958,II/389/ps1_dr2
151781653196429323,165.31960694524,36.49053231983,14.8206,II/389/ps1_dr2
151781654029777021,165.40292196685,36.48858214708,14.5585,II/389/ps1_dr2
151811653770900652,165.37705383769,36.50833829276,14.4329,II/389/ps1_dr2
151821653794069826,165.37935957308,36.52427340279,13.9151,II/389/ps1_dr2
151851653704854347,165.37044137264,36.54473246348,14.6952,II/389/ps1_dr2
151881654429511504,165.44293306432,36.56729429791,14.1683,II/389/ps1_dr2
151871654057906046,165.40574042447,36.5628349201,13.9107,II/389/ps1_dr2
151891657159115232,165.71590091446,36.57879162351,14.3647,II/389/ps1_dr2
151931656393618098,165.63930246284,36.61448735648,13.317,II/389/ps1_dr2
152001656677138566,165.66766425013,36.67321070027,12.762,II/389/ps1_dr2
151961655032410293,165.50314006606,36.63300531373,14.4923,II/389/ps1_dr2
152071656242549628,165.62421880061,36.73243444534,13.067,II/389/ps1_dr2
152061655351590793,165.53508648213,36.71672693937,13.46,II/389/ps1_dr2
151801658675167007,165.86750111528,36.50536423105,14.6536,II/389/ps1_dr2
151831659265506009,165.92646114303,36.52946530078,13.7164,II/389/ps1_dr2
151851660350882068,166.0350389877,36.54287396952,14.4853,II/389/ps1_dr2
151871659908091241,165.99082221857,36.55884440656,13.6064,II/389/ps1_dr2
151901660253327209,166.02528866095,36.58883815078,13.934,II/389/ps1_dr2
151881659848662653,165.98479243074,36.56836359597,12.599,II/389/ps1_dr2
151881659849552053,165.98515291,36.56786158,13.719,II/389/ps1_dr2
151871658774889970,165.87749362439,36.56616445532,13.251,II/389/ps1_dr2
151931658381032442,165.83810202538,36.60984290862,14.6716,II/389/ps1_dr2
151991658172030471,165.81717218295,36.65817981956,14.9369,II/389/ps1_dr2
151991659413551451,165.94133598844,36.65899932834,14.0953,II/389/ps1_dr2
152051661064772316,166.10642855,36.70973964,11.524,II/389/ps1_dr2
152051661070892199,166.10680987247,36.70975324766,12.6745,II/389/ps1_dr2
152181661124233545,166.11243807788,36.81912238977,14.7188,II/389/ps1_dr2
152211661155476945,166.11557811404,36.84698150536,14.6796,II/389/ps1_dr2
152281661332226404,166.13320993939,36.90484731797,13.4434,II/389/ps1_dr2
152321660969489782,166.09693193992,36.94097220055,13.4426,II/389/ps1_dr2
151981657907383648,165.79077210606,36.65250057223,14.3206,II/389/ps1_dr2
152121658257342671,165.82572487443,36.76834238195,14.4711,II/389/ps1_dr2
152151658605209198,165.8606477525,36.79884512665,12.7567,II/389/ps1_dr2
152241659140550857,165.91403221936,36.86684668995,14.5518,II/389/ps1_dr2
152301658853736260,165.88533904883,36.9213454198,13.4674,II/389/ps1_dr2
152301659487901767,165.9487263328,36.9176000149,13.762,II/389/ps1_dr2
152421660188731909,166.01887930977,37.01771824313,14.6071,II/389/ps1_dr2
152461660273851537,166.02728126,37.05066609,10.133,II/389/ps1_dr2
152361659121450124,165.91213871201,36.96622466003,13.486,II/389/ps1_dr2
152451658930012552,165.89298881613,37.0432136401,12.854,II/389/ps1_dr2
151761666006223481,166.60062653,36.46920105,11.559,II/389/ps1_dr2
151761666009363816,166.60077627,36.46934856,12.3821,II/389/ps1_dr2
151891667733163881,166.77331026487,36.57771648064,14.3354,II/389/ps1_dr2
152021667206908890,166.72057748596,36.69020106322,12.899,II/389/ps1_dr2
151911666071476047,166.60714589991,36.59617308702,13.5708,II/389/ps1_dr2
151941665726975770,166.57267087649,36.62092075744,14.2854,II/389/ps1_dr2
151921665459999558,166.54600682646,36.60743047441,11.979,II/389/ps1_dr2
151901664874468104,166.4874691,36.58969441,11.9398,II/389/ps1_dr2
151961665518086858,166.55180484612,36.63851438166,14.1354,II/389/ps1_dr2
152011666251181434,166.62501255389,36.67569128907,13.052,II/389/ps1_dr2
152021666369087130,166.63683655,36.68870122,13.7546,II/389/ps1_dr2
152021666372368089,166.637133,36.689365,9.213,II/389/ps1_dr2
152021666368517970,166.63715123,36.68936341,9.8208,II/389/ps1_dr2
152051667184726100,166.71841954481,36.71289846437,14.1693,II/389/ps1_dr2
152071666838260795,166.68374578791,36.72515346523,13.232,II/389/ps1_dr2
152071666451104828,166.64508853,36.72843961,11.8542,II/389/ps1_dr2
152001668475672661,166.84753954924,36.66835207823,12.213,II/389/ps1_dr2
152001668479112613,166.84810549,36.66830108,12.993,II/389/ps1_dr2
152051668421241508,166.84204157333,36.70907625643,13.42,II/389/ps1_dr2
152081669139724651,166.91391168,36.73669052,13.7448,II/389/ps1_dr2
152081669145244935,166.91443986252,36.7369183842,11.05,II/389/ps1_dr2
152081669150824865,166.91505836,36.73679429,13.9188,II/389/ps1_dr2
152081669141335317,166.91416926,36.7371815,14.0794,II/389/ps1_dr2
152081669147415304,166.91469306,36.73709398,12.0455,II/389/ps1_dr2
152141669021393629,166.90207176,36.78572815,8.8714,II/389/ps1_dr2
152141669029352578,166.90288272,36.78486686,8.031,II/389/ps1_dr2
152141669036762538,166.90352054,36.7849652,8.6837,II/389/ps1_dr2
152171669616428570,166.96161638555,36.81497199555,13.9558,II/389/ps1_dr2
152111668609702707,166.86088834557,36.76008002246,14.2872,II/389/ps1_dr2
152241668968572182,166.89675583288,36.86794303322,14.1577,II/389/ps1_dr2
152081667571673164,166.7571403,36.73542452,14.1874,II/389/ps1_dr2
152081667566874821,166.75692338,36.73687546,9.8803,II/389/ps1_dr2
152171666955392697,166.6954885407,36.81003134066,14.4795,II/389/ps1_dr2
152171667993839787,166.79928220907,36.81592035823,14.6771,II/389/ps1_dr2
152201668071139629,166.80705126637,36.84085275942,13.288,II/389/ps1_dr2
152191664756851995,166.47563137177,36.82616267034,12.428,II/389/ps1_dr2
152241664395631969,166.43955976481,36.86775439537,14.7441,II/389/ps1_dr2
152301664547145746,166.45450062,36.92089404,12.128,II/389/ps1_dr2
152211666024051627,166.60238511749,36.84249036885,14.8642,II/389/ps1_dr2
152231665837021034,166.58367284022,36.85864880086,13.369,II/389/ps1_dr2
152371667379102444,166.73787141264,36.9765173927,13.6669,II/389/ps1_dr2
152521666740469069,166.67402964387,37.10704474006,14.7823,II/389/ps1_dr2
152491665843559277,166.58430505417,37.082207752,13.8393,II/389/ps1_dr2
152551666044276923,166.60443928544,37.13025573792,14.4318,II/389/ps1_dr2
152181670014778501,167.00131374662,36.8232244818,12.47,II/389/ps1_dr2
152291670125150346,167.01244131247,36.90805221144,13.5612,II/389/ps1_dr2
152371671329836609,167.13289421688,36.98000280343,14.3122,II/389/ps1_dr2
152361670282370708,167.02817044,36.96674809,12.5969,II/389/ps1_dr2
152361670287680916,167.02861519962,36.96688224816,11.869,II/389/ps1_dr2
152371670095796821,167.009432723,36.9801988668,12.793,II/389/ps1_dr2
152371670200157922,167.01990035828,36.98109429138,13.4226,II/389/ps1_dr2
152421669408632325,166.94086289235,37.01810405012,13.128,II/389/ps1_dr2
152421669409382664,166.94110273,37.01836337,14.3696,II/389/ps1_dr2
152421670259892959,167.02593451985,37.01861638554,13.8984,II/389/ps1_dr2
152461669534088828,166.95346935,37.05682392,12.864,II/389/ps1_dr2
152461669536458501,166.95364747083,37.0566228136,12.0683,II/389/ps1_dr2
152551672840312171,167.28399237327,37.12632243368,14.739,II/389/ps1_dr2
152591671967625570,167.19669535969,37.16247683127,14.5038,II/389/ps1_dr2
152591670588482883,167.05878351,37.1603012,13.9232,II/389/ps1_dr2
152591670585523248,167.05846597013,37.16048367301,12.81,II/389/ps1_dr2
152381668184632295,166.81841601462,36.98469418661,14.2044,II/389/ps1_dr2
152601666643379647,166.66448951,37.17421549,10.2181,II/389/ps1_dr2
152601666648089058,166.66485531,37.17380999,10.6281,II/389/ps1_dr2
152701667229261740,166.72288428772,37.25087432358,12.692,II/389/ps1_dr2
152761668225675075,166.82227949,37.30368869,11.8265,II/389/ps1_dr2
152641669950854745,166.99499785,37.20344106808,14.6094,II/389/ps1_dr2
152661670310267613,167.03096460083,37.22247765482,12.748,II/389/ps1_dr2
152861670279956567,167.0279010492,37.38826884577,14.6105,II/389/ps1_dr2
152811669657802478,166.96567964,37.3432811,11.461,II/389/ps1_dr2
152851669257437792,166.92558146,37.38092268,12.5774,II/389/ps1_dr2
152851669261128515,166.92590858,37.38156618,11.4366,II/389/ps1_dr2
152851669259638162,166.9258614,37.38134601,11.229,II/389/ps1_dr2
152911670262643888,167.02620093313,37.42769438201,13.6637,II/389/ps1_dr2
152191662709053702,166.27090576034,36.82759704299,14.0036,II/389/ps1_dr2
152301662821699319,166.28219672884,36.92388175353,14.1777,II/389/ps1_dr2
152381664499121668,166.45001732,36.98411373,14.3492,II/389/ps1_dr2
152381664501091166,166.45001927462,36.98371135506,12.946,II/389/ps1_dr2
152371662673706665,166.26738838917,36.97999461679,14.3467,II/389/ps1_dr2
152371661561998865,166.15618378911,36.98186192816,14.7469,II/389/ps1_dr2
152371661356952474,166.13568311373,36.97653466661,13.542,II/389/ps1_dr2
152521663411903621,166.34115519487,37.10246816052,13.3025,II/389/ps1_dr2
152521662616273339,166.26162748631,37.10224214114,14.7063,II/389/ps1_dr2
152511662478271781,166.24786745843,37.09260134515,14.189,II/389/ps1_dr2
152441664621397633,166.46214524473,37.03910473102,14.5844,II/389/ps1_dr2
152461664235241528,166.42352290905,37.05071360147,14.3232,II/389/ps1_dr2
152541664435437205,166.44350391121,37.12212452034,14.5552,II/389/ps1_dr2
152591664662457465,166.46618782448,37.16402302767,13.42,II/389/ps1_dr2
152591664867027771,166.48666318384,37.16427940264,13.4994,II/389/ps1_dr2
152541663780833989,166.37807096386,37.1194399378,13.5479,II/389/ps1_dr2
152441660885759242,166.0883049188,37.04044903001,12.251,II/389/ps1_dr2
152441661000056858,166.09999301422,37.03850552774,14.8485,II/389/ps1_dr2
152601660120453266,166.01207736339,37.16886441489,14.097,II/389/ps1_dr2
152651659832901337,165.98327859222,37.20891100665,14.0074,II/389/ps1_dr2
152701663589683026,166.35893233119,37.25199807309,13.7459,II/389/ps1_dr2
152801662902294074,166.29010807616,37.33620483214,13.7012,II/389/ps1_dr2
152791664303755944,166.43039438059,37.32939890789,13.218,II/389/ps1_dr2
152891663670477281,166.36696221586,37.4138862184,13.8864,II/389/ps1_dr2
152921661908460997,166.19081973145,37.43366665643,13.8277,II/389/ps1_dr2
152931662108091427,166.21073243192,37.44238113431,13.0739,II/389/ps1_dr2
152691666908318074,166.69076430561,37.24779264272,13.8911,II/389/ps1_dr2
152711666460991876,166.64605888983,37.25933260146,13.817,II/389/ps1_dr2
152821666378372106,166.63781802071,37.35122176775,14.9373,II/389/ps1_dr2
152751665844749496,166.5844294555,37.29903710106,14.4776,II/389/ps1_dr2
152841665979370266,166.59794002033,37.36631080605,13.4602,II/389/ps1_dr2
152931666971336042,166.69716888839,37.44612270783,12.868,II/389/ps1_dr2
152991666509983869,166.65101281207,37.49430506457,13.7665,II/389/ps1_dr2
152921667441965308,166.74421684256,37.43717321492,13.0879,II/389/ps1_dr2
152961668168991388,166.81663226,37.4671997,13.9759,II/389/ps1_dr2
152961668174701841,166.81737689,37.46751974,13.57,II/389/ps1_dr2
152961668170831757,166.81704787094,37.46743001201,12.0309,II/389/ps1_dr2
153071668994887074,166.89943290747,37.56369579635,13.5362,II/389/ps1_dr2
153121669297903937,166.92971310487,37.60273045893,14.1111,II/389/ps1_dr2
152971667368055964,166.73678159,37.47946775,11.532,II/389/ps1_dr2
152971667363365813,166.73642109129,37.47931321806,11.461,II/389/ps1_dr2
153061667971777727,166.7972164331,37.55586706942,12.394,II/389/ps1_dr2
153051666633396811,166.66335852012,37.54676120446,14.4212,II/389/ps1_dr2
153131667122731123,166.71230790794,37.60865328257,14.7168,II/389/ps1_dr2
152931664691606039,166.4691044,37.44595343,10.6402,II/389/ps1_dr2
152931664693996323,166.46929039,37.4463337,10.645,II/389/ps1_dr2
153021665141745818,166.51418538,37.52101369,11.163,II/389/ps1_dr2
153021665146535966,166.51453964,37.52134319,13.8585,II/389/ps1_dr2
153031665163689234,166.51632754223,37.53217886875,12.814,II/389/ps1_dr2
153111665407769876,166.54072765909,37.59938872243,14.4496,II/389/ps1_dr2
153001663639032897,166.36379907925,37.50189809751,14.5568,II/389/ps1_dr2
153011663215376057,166.32171209243,37.51289112011,12.272,II/389/ps1_dr2
153071663844649595,166.38434647,37.56574674,11.607,II/389/ps1_dr2
153121664133505614,166.41325382692,37.60417107263,13.3887,II/389/ps1_dr2
153161666626247427,166.66267003614,37.63892322907,14.8931,II/389/ps1_dr2
153231667484885744,166.74849984017,37.69584044124,14.1356,II/389/ps1_dr2
153321667219214561,166.72169672,37.769741,12.1698,II/389/ps1_dr2
153331667676899406,166.76767682014,37.78222616036,14.9031,II/389/ps1_dr2
153361666680069967,166.66799920687,37.80769804868,14.737,II/389/ps1_dr2
153361666711509045,166.67117090092,37.8069168526,13.9729,II/389/ps1_dr2
153411665700030158,166.56995769736,37.84121360315,14.3129,II/389/ps1_dr2
151821652896806512,165.28964873411,36.52150184811,14.2618,II/389/ps1_dr2
151801651794611754,165.17940594939,36.50085597901,14.0103,II/389/ps1_dr2
151841652469376078,165.24711527,36.53807875,8.2117,II/389/ps1_dr2
151841652469486940,165.24685505,36.53867331,12.9154,II/389/ps1_dr2
151891651427096054,165.14275987287,36.57942507982,12.109,II/389/ps1_dr2
151891651849578193,165.18494258491,36.58124513091,14.4675,II/389/ps1_dr2
152021651343987210,165.13437912564,36.68884115663,12.154,II/389/ps1_dr2
151981652591391805,165.259019,36.650963,10.123,II/389/ps1_dr2
152011654409113726,165.44091663,36.67754878,13.028,II/389/ps1_dr2
152021654520225703,165.45216418,36.68765808,11.6724,II/389/ps1_dr2
152021654524245891,165.45250089,36.68785448,12.5028,II/389/ps1_dr2
152181655034854914,165.50369720334,36.82039216412,11.6488,II/389/ps1_dr2
152181655038795311,165.50389869,36.82056555,11.777,II/389/ps1_dr2
152181655042265222,165.50421646,36.82049643,12.8272,II/389/ps1_dr2
152211653393787701,165.33922824155,36.84752805634,12.024,II/389/ps1_dr2
152191652946006880,165.29462761,36.83004279,12.012,II/389/ps1_dr2
152191652952666797,165.29503484,36.83019849,13.5234,II/389/ps1_dr2
152231651522070657,165.15215490557,36.8583213804,14.8026,II/389/ps1_dr2
152051649700919241,164.97022244261,36.71560728592,12.508,II/389/ps1_dr2
152101649976242905,164.99761627266,36.75187227547,14.3728,II/389/ps1_dr2
152181649184261578,164.91852652519,36.81734618283,12.42,II/389/ps1_dr2
152351650383370625,165.03834640044,36.95830048449,14.0799,II/389/ps1_dr2
152381653675860360,165.36748823289,36.98299379754,14.5536,II/389/ps1_dr2
152371653398818352,165.33994179,36.98125118,11.7065,II/389/ps1_dr2
152371653250927248,165.32504171071,36.98045484765,14.627,II/389/ps1_dr2
152501651897709142,165.18979719248,37.09034350935,13.5064,II/389/ps1_dr2
152521652430448824,165.24301277826,37.10679625224,13.73,II/389/ps1_dr2
152221656171012531,165.61707842666,36.85155838214,14.7453,II/389/ps1_dr2
152251656261040391,165.62612165178,36.87473679095,13.7319,II/389/ps1_dr2
152441656490939592,165.64904297288,37.04078418563,14.2819,II/389/ps1_dr2
152331655278899753,165.52778718224,36.94927265152,13.8218,II/389/ps1_dr2
152451655881283729,165.58815092,37.04464339,14.6171,II/389/ps1_dr2
152451655882923104,165.5881344,37.04381111,11.6357,II/389/ps1_dr2
152451655894413757,165.58940466,37.04426185,13.1665,II/389/ps1_dr2
152481655888944882,165.58885960198,37.07019612912,14.5238,II/389/ps1_dr2
152531655853546049,165.58531784578,37.11283129538,13.9499,II/389/ps1_dr2
152391657601590115,165.76014662,36.99150935,11.776,II/389/ps1_dr2
152491657296361612,165.72957595518,37.07578531448,14.1486,II/389/ps1_dr2
152591657545484223,165.75475508524,37.16137709602,12.791,II/389/ps1_dr2
152531658191623572,165.81907976664,37.11073426109,12.524,II/389/ps1_dr2
152631657843632284,165.78444759,37.19305058,12.173,II/389/ps1_dr2
152631657847022108,165.78461878,37.19273726,13.1361,II/389/ps1_dr2
152591656661811940,165.66554969,37.15934598,11.8468,II/389/ps1_dr2
152591656661391550,165.66637123,37.15895964,11.116,II/389/ps1_dr2
152621656262238357,165.62618614617,37.18976756152,14.8378,II/389/ps1_dr2
152631656121842420,165.61209896288,37.19307483756,13.8241,II/389/ps1_dr2
152631657839281967,165.78392121,37.19282318,13.4411,II/389/ps1_dr2
152711657088744692,165.70881384825,37.26171053346,14.7407,II/389/ps1_dr2
152761657446922591,165.74466748971,37.30164759854,14.9878,II/389/ps1_dr2
152531653898367928,165.38975453503,37.11419540225,14.4111,II/389/ps1_dr2
152581655683417208,165.56822024,37.15551874,12.7871,II/389/ps1_dr2
152581655688747439,165.56848414,37.15558106,11.732,II/389/ps1_dr2
152581655689376901,165.56863344,37.15528608,13.7938,II/389/ps1_dr2
152621653086958514,165.30867379448,37.18987251625,13.6223,II/389/ps1_dr2
152641653168647855,165.31686499433,37.20593496065,12.831,II/389/ps1_dr2
152701654144031835,165.41444418011,37.25095223475,13.5425,II/389/ps1_dr2
152721653749279112,165.37487363972,37.27370798884,14.6384,II/389/ps1_dr2
152791654063239275,165.40631799797,37.33214636563,13.152,II/389/ps1_dr2
152711656441381679,165.64407036072,37.25914154397,14.4111,II/389/ps1_dr2
152781657035341201,165.70350442101,37.31714025497,13.8773,II/389/ps1_dr2
152771656806207754,165.68055755329,37.31425998788,14.0592,II/389/ps1_dr2
152771655174189164,165.51735551489,37.3154090334,13.7361,II/389/ps1_dr2
152771654857373478,165.48570747106,37.3106725778,13.432,II/389/ps1_dr2
152301648323483387,164.83229031111,36.91894716087,13.47,II/389/ps1_dr2
152331649651476080,164.96512579024,36.94615721486,14.5624,II/389/ps1_dr2
152441649576969179,164.95770191818,37.04044199759,13.7037,II/389/ps1_dr2
152451649679144871,164.96791451869,37.04519258207,14.9696,II/389/ps1_dr2
152311647666093897,164.76657554235,36.92768281985,13.9354,II/389/ps1_dr2
152411648066843857,164.80667533752,37.01094273436,13.187,II/389/ps1_dr2
152581648800011619,164.87999925969,37.15080756585,14.908,II/389/ps1_dr2
152461650925129181,165.09245478545,37.05714554633,14.0192,II/389/ps1_dr2
152481651277397551,165.12763899752,37.07229314436,12.5678,II/389/ps1_dr2
152521650861926207,165.08619306358,37.10460770129,14.3597,II/389/ps1_dr2
152521650761627985,165.07615651312,37.10610344729,13.5561,II/389/ps1_dr2
152641651958910727,165.19588215224,37.20002275408,14.9552,II/389/ps1_dr2
152571651220135997,165.12200982908,37.14611521152,14.4275,II/389/ps1_dr2
152601650091696696,165.00916560367,37.17165899629,14.379,II/389/ps1_dr2
152651650153384075,165.01533144108,37.21118619551,14.1795,II/389/ps1_dr2
152671649525765562,164.95256307773,37.22905503684,13.326,II/389/ps1_dr2
152761650695898271,165.06955802936,37.30629719248,13.402,II/389/ps1_dr2
152441646555788051,164.65553676058,37.03944546444,13.5531,II/389/ps1_dr2
152601646644475290,164.66435506609,37.17055055003,13.187,II/389/ps1_dr2
152601645743738245,164.57434113511,37.17296970867,14.587,II/389/ps1_dr2
152741646841471471,164.68413110769,37.28399972965,14.7574,II/389/ps1_dr2
152731647111471790,164.7111315,37.27587552,10.899,II/389/ps1_dr2
152701648925183472,164.89252243835,37.25228678492,12.871,II/389/ps1_dr2
152801650244704122,165.02464763717,37.33606875319,13.189,II/389/ps1_dr2
152801650249394246,165.02464457349,37.33606592421,13.3732,II/389/ps1_dr2
152971649424342110,164.94246162777,37.47613910865,14.4188,II/389/ps1_dr2
152731652489046369,165.24885140601,37.27977349941,14.2728,II/389/ps1_dr2
152881653603974354,165.36034647811,37.40306301839,14.46,II/389/ps1_dr2
152881653050192032,165.30502757861,37.40109488124,13.7027,II/389/ps1_dr2
152881651882306330,165.18822103571,37.40466763489,13.9793,II/389/ps1_dr2
152901652684236987,165.26844787572,37.42187844621,13.202,II/389/ps1_dr2
152931651747511509,165.17465231251,37.44237639775,14.0356,II/389/ps1_dr2
152991652317440884,165.23183025,37.4917589,11.72,II/389/ps1_dr2
152971652608977908,165.2608883337,37.48104561604,13.4462,II/389/ps1_dr2
153031652232240419,165.22321156856,37.52479461675,14.0631,II/389/ps1_dr2
152831654071019054,165.40709133601,37.36535737273,14.9243,II/389/ps1_dr2
152931653361098935,165.33608849915,37.44856176719,14.9871,II/389/ps1_dr2
152931653332733273,165.33323762831,37.44392431498,14.4266,II/389/ps1_dr2
153001655308215450,165.53078282663,37.50403052658,14.9151,II/389/ps1_dr2
153131655209492664,165.52058809454,37.61012879648,12.6096,II/389/ps1_dr2
153101654868274442,165.48681044484,37.58653445756,14.4528,II/389/ps1_dr2
153131654803573708,165.48037042097,37.61095271768,13.8615,II/389/ps1_dr2
153091653762444479,165.37625704285,37.57822837098,14.3782,II/389/ps1_dr2
153031652669767238,165.26698503219,37.53048542908,13.298,II/389/ps1_dr2
153141654361215098,165.43611188883,37.62044155556,14.5564,II/389/ps1_dr2
152991649335344280,164.93376562892,37.4947702703,13.7741,II/389/ps1_dr2
153031650408582726,165.04088025,37.52680355,13.5093,II/389/ps1_dr2
153031650413492857,165.04114056,37.52686939,10.791,II/389/ps1_dr2
153031650415373332,165.04139522,37.52750015,11.7952,II/389/ps1_dr2
153041649889606531,164.98895800928,37.53817741341,14.7751,II/389/ps1_dr2
153091650127753842,165.01275080534,37.5775929158,14.7853,II/389/ps1_dr2
153031649212054944,164.92113987757,37.52851267478,13.6566,II/389/ps1_dr2
153171650302151855,165.03007631596,37.6426185583,14.2895,II/389/ps1_dr2
153201650486133070,165.04849901533,37.66865869775,14.4833,II/389/ps1_dr2
153231650725308038,165.07241783584,37.69779118792,13.4749,II/389/ps1_dr2
153251652313635746,165.23135995725,37.71259574529,14.7977,II/389/ps1_dr2
153261650783076122,165.07840227,37.72126364,14.1298,II/389/ps1_dr2
153261650785736711,165.0785613,37.72149059,12.0724,II/389/ps1_dr2
153261650782066581,165.0782238372,37.72152037217,11.906,II/389/ps1_dr2
153291650945686700,165.09450241204,37.74669127196,14.8334,II/389/ps1_dr2
153431652064518426,165.20648341019,37.86483188383,14.3043,II/389/ps1_dr2
152821659666309658,165.96668422,37.3576221,13.6289,II/389/ps1_dr2
152831659664020033,165.96641729187,37.35789953303,12.0353,II/389/ps1_dr2
152921660325999706,166.03259240363,37.44090223896,14.7714,II/389/ps1_dr2
152731658459095550,165.84588785646,37.27909372349,14.8147,II/389/ps1_dr2
152901658767433592,165.87673163037,37.41911031183,14.7814,II/389/ps1_dr2
152851659475136538,165.94752574944,37.37991313518,14.8414,II/389/ps1_dr2
152941660075959786,166.00764533967,37.45762835073,13.6116,II/389/ps1_dr2
152971662024020390,166.20235038923,37.47483508721,13.927,II/389/ps1_dr2
152981662234519630,166.22339530525,37.49086503496,13.894,II/389/ps1_dr2
153001661847873707,166.184745784,37.50260075957,12.435,II/389/ps1_dr2
153061661494503157,166.14940863701,37.55213385613,14.9535,II/389/ps1_dr2
153111662139896530,166.21393525674,37.59660094212,14.8667,II/389/ps1_dr2
152991659862152391,165.98615830432,37.49312418333,13.184,II/389/ps1_dr2
153011660712357682,166.07107914496,37.51419616058,12.3466,II/389/ps1_dr2
153011660714467375,166.07151196,37.51412368,13.8949,II/389/ps1_dr2
153101660183610728,166.01835805609,37.58341853921,14.1236,II/389/ps1_dr2
153101661163687324,166.11633574043,37.58890249342,11.43,II/389/ps1_dr2
152991658028766098,165.80285838706,37.49620470508,14.3915,II/389/ps1_dr2
152991658590139620,165.85902557004,37.49913263542,13.9395,II/389/ps1_dr2
153041658324273157,165.83242056177,37.535413492,14.4069,II/389/ps1_dr2
153291660881448301,166.08807689575,37.74803110952,12.494,II/389/ps1_dr2
153371659144419403,165.91443859696,37.81562668169,14.5406,II/389/ps1_dr2
153391658733046772,165.87328093362,37.83007931036,14.7754,II/389/ps1_dr2
153111662488498553,166.24878746927,37.59827305498,14.8634,II/389/ps1_dr2
153261664083587309,166.40832766473,37.72221209247,13.487,II/389/ps1_dr2
153331663588570750,166.35879724167,37.77509413902,12.571,II/389/ps1_dr2
153291662822509940,166.28220418909,37.74940046444,12.63,II/389/ps1_dr2
153291662819199769,166.28220081,37.74940182,12.4475,II/389/ps1_dr2
153391662567607685,166.2567291429,37.83085088623,14.1464,II/389/ps1_dr2
153411662795461468,166.27956130154,37.84225939986,14.1581,II/389/ps1_dr2
153481662807370026,166.2807027992,37.89947682287,14.564,II/389/ps1_dr2
153361664596162787,166.4598085748,37.8018408706,13.104,II/389/ps1_dr2
153361664597893124,166.45979726275,37.80183754574,13.1504,II/389/ps1_dr2
153501665949825276,166.59501779185,37.92043239889,12.241,II/389/ps1_dr2
153551665123363226,166.51232700848,37.96039311665,12.293,II/389/ps1_dr2
153481663252219521,166.32520465148,37.90739667594,13.3428,II/389/ps1_dr2
153601663810690920,166.38105609534,38.00023901184,13.567,II/389/ps1_dr2
153601665145374887,166.51478386,38.00337519,14.2336,II/389/ps1_dr2
153601665147845354,166.5150111,38.00399948,14.0377,II/389/ps1_dr2
153601665144235206,166.51458073,38.00366886,13.9878,II/389/ps1_dr2
153661664152271015,166.41518540293,38.05032318124,14.0037,II/389/ps1_dr2
153361660827726378,166.08265929689,37.80477951542,12.248,II/389/ps1_dr2
153361660759057676,166.07583961456,37.80584718017,13.8478,II/389/ps1_dr2
153341660750496770,166.07501044906,37.78842985926,13.095,II/389/ps1_dr2
153411661292409643,166.12919122199,37.84914445267,13.182,II/389/ps1_dr2
153461660808662926,166.08083832289,37.88520718165,13.6818,II/389/ps1_dr2
153511661296487901,166.12959136564,37.93100932038,13.255,II/389/ps1_dr2
153561661981994597,166.19816592684,37.96992725801,13.8027,II/389/ps1_dr2
153601660482286236,166.04809443921,38.00462557624,11.977,II/389/ps1_dr2
153681662864312312,166.28638115254,38.06802602184,14.5993,II/389/ps1_dr2
153211656028531754,165.60279203752,37.67596112041,14.7175,II/389/ps1_dr2
153241656148550356,165.61480712724,37.6997861776,14.0047,II/389/ps1_dr2
153331656517277954,165.65166734461,37.78109669106,13.9404,II/389/ps1_dr2
153291655119254316,165.51188970597,37.74477982873,14.2817,II/389/ps1_dr2
153321655077266773,165.50769251603,37.77183581428,14.066,II/389/ps1_dr2
153451655954377932,165.59539947395,37.88107061032,14.9119,II/389/ps1_dr2
153351657869427002,165.78693483698,37.79694078446,13.8578,II/389/ps1_dr2
153341658026485304,165.80271615,37.78733773,11.147,II/389/ps1_dr2
153341658027304975,165.80271122,37.78689357,13.369,II/389/ps1_dr2
153391657101926122,165.71015116168,37.82953615687,13.8964,II/389/ps1_dr2
153401658566417630,165.85666055934,37.83911944089,12.979,II/389/ps1_dr2
153401656734497990,165.67338923345,37.83944280978,13.7,II/389/ps1_dr2
153461656781182052,165.67809230172,37.88447556753,13.326,II/389/ps1_dr2
153531656658363364,165.66582327095,37.94392779072,13.8557,II/389/ps1_dr2
153591657792225567,165.77942693795,37.99560847291,12.3928,II/389/ps1_dr2
153611658146030596,165.81459694052,38.008305065,14.8261,II/389/ps1_dr2
153721657558882248,165.75581771019,38.10132403002,13.161,II/389/ps1_dr2
153441655372657825,165.53721692505,37.87265976445,14.2822,II/389/ps1_dr2
153511655710119191,165.57101003257,37.9321257887,13.9654,II/389/ps1_dr2
153591655053502929,165.5053180964,37.99355805379,13.9853,II/389/ps1_dr2
153421653208700421,165.32091600214,37.84986133784,14.9178,II/389/ps1_dr2
153601654351401902,165.43511836016,38.00104943254,14.7222,II/389/ps1_dr2
153611654217490927,165.42176192,38.00877398,8.9487,II/389/ps1_dr2
153621655588096979,165.55879566,38.02183525,11.1548,II/389/ps1_dr2
153621655592226968,165.55907654,38.02190164,10.628,II/389/ps1_dr2
153691656270047896,165.62697917868,38.08102849557,14.6388,II/389/ps1_dr2
153741656187498578,165.61871372415,38.12325975578,14.4422,II/389/ps1_dr2
153811656076091544,165.60752375181,38.17570764845,12.654,II/389/ps1_dr2
153851655103640570,165.51027425339,38.20822897223,13.7121,II/389/ps1_dr2
153571659383532232,165.93835918781,37.97633386573,13.8356,II/389/ps1_dr2
153591659060643939,165.90604875681,37.99442760885,13.6726,II/389/ps1_dr2
153601658887275427,165.88873643178,38.00401019788,13.5655,II/389/ps1_dr2
153621658592366821,165.85908926483,38.02183456812,12.609,II/389/ps1_dr2
153701660609885332,166.06094112109,38.08726114826,13.8553,II/389/ps1_dr2
153701659837341861,165.98371009675,38.08436869831,14.433,II/389/ps1_dr2
153751659653659022,165.96537169519,38.13200003612,14.4965,II/389/ps1_dr2
153761658242079494,165.82419845,38.1407586,11.1329,II/389/ps1_dr2
153761658250029150,165.82448602,38.14041021,10.946,II/389/ps1_dr2
153801658543606683,165.85428782486,38.171692387,13.7977,II/389/ps1_dr2
153871658974859398,165.89747453,38.23247985,9.4514,II/389/ps1_dr2
153871658979399642,165.89783306,38.23248674,10.0067,II/389/ps1_dr2
153851661137291254,166.11380947172,38.20883375354,12.958,II/389/ps1_dr2
153881661265039227,166.12665345,38.24053532,14.6034,II/389/ps1_dr2
153881661270679490,166.12719849611,38.24060707381,12.7319,II/389/ps1_dr2
153881661306919159,166.13057484,38.24053629,12.2265,II/389/ps1_dr2
153891661281010773,166.12835744,38.24191354,13.1504,II/389/ps1_dr2
153891661282560243,166.12831148,38.24135252,12.817,II/389/ps1_dr2
153891661297651850,166.12976469,38.24266582,12.4294,II/389/ps1_dr2
153891661308750809,166.13093521,38.24180522,11.727,II/389/ps1_dr2
153881661322337192,166.13221601,38.23871059,7.71,II/389/ps1_dr2
153891661818687140,166.18173213,38.24717515,7.2262,II/389/ps1_dr2
153891661824106606,166.18284303,38.24664403,8.271,II/389/ps1_dr2
153891661833747363,166.18342244,38.24715643,13.1885,II/389/ps1_dr2
153891661834564328,166.18336131,38.24482117,13.9613,II/389/ps1_dr2
153941662129643996,166.21303232958,38.28611884618,14.5599,II/389/ps1_dr2
153961659479608853,165.94794060003,38.30687175433,14.1019,II/389/ps1_dr2
153971659849815888,165.98497526666,38.31269814976,14.4437,II/389/ps1_dr2
154011660312456725,166.03122684435,38.34671553215,13.8448,II/389/ps1_dr2
153791657236370012,165.72361137627,38.15779991796,14.651,II/389/ps1_dr2
153881658342766575,165.83424393113,38.23826315028,14.9779,II/389/ps1_dr2
154041656666149152,165.6664927992,38.37372881615,13.218,II/389/ps1_dr2
154071658429878910,165.84293136028,38.39862640586,13.7207,II/389/ps1_dr2
154071658430007300,165.84299165,38.39712511,12.2468,II/389/ps1_dr2
154071658438287588,165.8439964,38.39752376,10.7508,II/389/ps1_dr2
154071658435727344,165.84344775,38.39703704,10.545,II/389/ps1_dr2
154131659873314201,165.98732271543,38.44460547395,14.5131,II/389/ps1_dr2
154231660625408154,166.06282314,38.5313529,11.1197,II/389/ps1_dr2
154201660163687911,166.01637240084,38.5060201217,13.9247,II/389/ps1_dr2
154231660622578491,166.06217022,38.53157646,13.87,II/389/ps1_dr2
154221658064869499,165.80646454,38.52402896,12.4126,II/389/ps1_dr2
154221658058919748,165.8057706,38.52423576,11.406,II/389/ps1_dr2
154221659553819315,165.95533789101,38.52381981361,13.232,II/389/ps1_dr2
154251659218924518,165.92186787903,38.54486299111,14.338,II/389/ps1_dr2
154301659194532324,165.9194327267,38.58467066666,13.3481,II/389/ps1_dr2
154331659013010886,165.9012685873,38.60852398624,14.4125,II/389/ps1_dr2
151711680906783986,168.09082014455,36.42777098037,13.7761,II/389/ps1_dr2
151711680910653953,168.09082682715,36.42777306297,13.7382,II/389/ps1_dr2
151801681739453660,168.17380924961,36.50255444697,12.8868,II/389/ps1_dr2
151811681970660550,168.19699184503,36.50828010893,14.7688,II/389/ps1_dr2
151821681791061426,168.17902353307,36.51733549071,14.8808,II/389/ps1_dr2
151921683219070676,168.32187310829,36.60002361039,14.7993,II/389/ps1_dr2
152101683711751273,168.3711100223,36.75051852129,14.0076,II/389/ps1_dr2
152121683962711308,168.39616609422,36.7671783773,12.668,II/389/ps1_dr2
152041685678961073,168.56790870896,36.70034317318,14.1638,II/389/ps1_dr2
152111685312854421,168.53124483323,36.76142622158,12.869,II/389/ps1_dr2
152131684635748309,168.46354530828,36.78137134293,14.0034,II/389/ps1_dr2
152281685182632759,168.51823024001,36.90175661788,14.7455,II/389/ps1_dr2
152291686865523892,168.68661554162,36.91101011594,12.248,II/389/ps1_dr2
152291686868183641,168.68686476,36.91093789,13.1881,II/389/ps1_dr2
152361688947184754,168.89476502763,36.97010658331,14.9522,II/389/ps1_dr2
152431688813251395,168.88137114125,37.02563716438,14.6446,II/389/ps1_dr2
152371687942369310,168.79427240611,36.98222009921,14.9508,II/389/ps1_dr2
152381685986484916,168.59864365305,36.98688568408,13.8541,II/389/ps1_dr2
152441687092559453,168.70936620601,37.0406834615,13.89,II/389/ps1_dr2
152541687592787998,168.75928163715,37.12279444025,13.7515,II/389/ps1_dr2
152341689781927169,168.97818107819,36.95544986035,14.3748,II/389/ps1_dr2
152351689584630605,168.95843553225,36.95831149365,14.7629,II/389/ps1_dr2
152521690595481216,169.05950265483,37.10049607305,14.6411,II/389/ps1_dr2
152541692564364633,169.25637426091,37.11999699866,14.513,II/389/ps1_dr2
152631693547475292,169.35470015531,37.195533749,14.3444,II/389/ps1_dr2
152671693526477614,169.35270379458,37.23088434282,12.291,II/389/ps1_dr2
152551691698802489,169.16953372,37.12659868,11.6093,II/389/ps1_dr2
152551691702602386,169.17003713,37.12626066,11.524,II/389/ps1_dr2
152541689960768425,168.99608581214,37.12319341417,13.309,II/389/ps1_dr2
152581689881283216,168.9880719345,37.15217869422,13.7189,II/389/ps1_dr2
152551688787193055,168.87865382291,37.12701175178,14.3983,II/389/ps1_dr2
152621688077490831,168.80774641879,37.18357864875,11.692,II/389/ps1_dr2
152591687859759972,168.7859579429,37.16610124292,14.5727,II/389/ps1_dr2
152621688074060703,168.8072166,37.18333885,13.133,II/389/ps1_dr2
152661688585887778,168.85853869044,37.22259652493,13.9554,II/389/ps1_dr2
152701691120766942,169.11202002101,37.25526324858,13.302,II/389/ps1_dr2
152701691194519374,169.11939511069,37.25728531651,13.8037,II/389/ps1_dr2
152731690467192426,169.04664850951,37.27649086093,12.996,II/389/ps1_dr2
152741691044817561,169.10444530295,37.28909794912,14.9981,II/389/ps1_dr2
152771690979030354,169.09783743865,37.30809890395,12.545,II/389/ps1_dr2
152861691545231683,169.15450903605,37.38417803919,13.2421,II/389/ps1_dr2
152781690492808205,169.04929504699,37.32290615318,14.4163,II/389/ps1_dr2
152811689434643192,168.94341944448,37.34376840661,14.6113,II/389/ps1_dr2
152891689927604960,168.99274664265,37.41193730455,12.637,II/389/ps1_dr2
152871691326768595,169.13264445379,37.39827342905,13.6656,II/389/ps1_dr2
152911690528810182,169.05286929668,37.42461054133,14.7988,II/389/ps1_dr2
152691693854239193,169.38514555,37.24866224,12.7614,II/389/ps1_dr2
152691693858358999,169.38579372,37.24870995,10.8612,II/389/ps1_dr2
152841694336607506,169.43361129634,37.37240930549,14.2137,II/389/ps1_dr2
152861693355616244,169.3356678,37.38779176,14.3485,II/389/ps1_dr2
152861693340456105,169.3341295,37.38791755,10.454,II/389/ps1_dr2
152881692953193984,169.29529725791,37.40275719412,13.5838,II/389/ps1_dr2
152931693375834752,169.33761192,37.44515783,13.5003,II/389/ps1_dr2
152931693378235043,169.33785344,37.44534743,12.2131,II/389/ps1_dr2
152931693381915043,169.33811589,37.44535966,10.472,II/389/ps1_dr2
152931693387075308,169.33872365,37.44566188,12.2395,II/389/ps1_dr2
152971692046816852,169.2046621286,37.48014937447,13.9325,II/389/ps1_dr2
153001692288380611,169.22881885712,37.49994577512,13.6745,II/389/ps1_dr2
153001692288400612,169.22883851323,37.49995971549,13.6612,II/389/ps1_dr2
153031691946767690,169.19465105305,37.53086578061,12.663,II/389/ps1_dr2
153031691949817523,169.19464501558,37.53086885668,12.6118,II/389/ps1_dr2
153011691933369406,169.19309219699,37.51573596456,14.5206,II/389/ps1_dr2
153081691337829218,169.13372189754,37.57382693361,14.7024,II/389/ps1_dr2
153101691594687985,169.15947029881,37.5894609329,14.3527,II/389/ps1_dr2
151711680466401623,168.04671346329,36.42589763873,12.404,II/389/ps1_dr2
151711680470551836,168.04691582,36.42596715,13.5287,II/389/ps1_dr2
151711680467492022,168.0466387,36.42617225,12.266,II/389/ps1_dr2
151791680437398483,168.04367911332,36.49822301069,13.7913,II/389/ps1_dr2
151771680047884363,168.00473591778,36.47812471101,14.4734,II/389/ps1_dr2
151911681296167053,168.12954149507,36.59702413551,14.8136,II/389/ps1_dr2
151921681515080889,168.15142556217,36.60020294795,14.9631,II/389/ps1_dr2
151991679537865310,167.9537658616,36.66223751476,12.706,II/389/ps1_dr2
152041680834800290,168.08343564136,36.69972772606,14.4388,II/389/ps1_dr2
152041679945249095,167.99450652641,36.707063931,14.4118,II/389/ps1_dr2
152071682324899296,168.23241323502,36.73221423857,13.895,II/389/ps1_dr2
152101682019762088,168.2019913822,36.75121900102,13.4673,II/389/ps1_dr2
152041683115565989,168.31152104022,36.70445682024,14.2558,II/389/ps1_dr2
152061681530149217,168.15298171123,36.72383742661,13.7202,II/389/ps1_dr2
152261682585319717,168.25846216319,36.89089899974,13.9319,II/389/ps1_dr2
152251681747162042,168.174592,36.87611957,13.0531,II/389/ps1_dr2
152251681750751831,168.17490262,36.87557825,12.0444,II/389/ps1_dr2
152251681741171056,168.17386408,36.87550053,11.5607,II/389/ps1_dr2
152251681746501376,168.17461847,36.87558764,10.559,II/389/ps1_dr2
152271681550582099,168.15500712372,36.89288124662,14.0154,II/389/ps1_dr2
152281682299955940,168.22988539446,36.90435290932,13.8777,II/389/ps1_dr2
152351682174410353,168.21737043775,36.95809220659,13.5289,II/389/ps1_dr2
152101678833722878,167.88336489168,36.75187666971,13.4447,II/389/ps1_dr2
152131679105291692,167.91050430183,36.77587902205,12.831,II/389/ps1_dr2
152191679730603671,167.97299730663,36.8275320065,14.1852,II/389/ps1_dr2
152291678976048217,167.89755736668,36.91462077024,13.354,II/389/ps1_dr2
152261680477676936,168.0477020093,36.88856033256,13.137,II/389/ps1_dr2
152271680617722089,168.061712,36.89278,8.215,II/389/ps1_dr2
152271680613870928,168.06159474,36.89182123,13.5791,II/389/ps1_dr2
152381681901504390,168.19011310933,36.98645080787,13.229,II/389/ps1_dr2
152411681320029863,168.13218596,37.01603805,12.1373,II/389/ps1_dr2
152421681323230151,168.13221783,37.01620116,11.373,II/389/ps1_dr2
152301679701467032,167.97011467435,36.92195809408,13.008,II/389/ps1_dr2
152411679915959282,167.99159562307,37.01552518914,13.5922,II/389/ps1_dr2
152231684458433836,168.44579465474,36.86098657031,13.8608,II/389/ps1_dr2
152271683216825765,168.3216332231,36.8959439285,14.4268,II/389/ps1_dr2
152321684796352684,168.47959291459,36.93503061467,14.0051,II/389/ps1_dr2
152411682843331537,168.28432222351,37.00906832711,14.5484,II/389/ps1_dr2
152461683572599187,168.35724684238,37.05709095205,14.1277,II/389/ps1_dr2
152541683850874272,168.38532612,37.11966524,10.1047,II/389/ps1_dr2
152481685126930081,168.51264604153,37.06616949765,13.128,II/389/ps1_dr2
152551685968642848,168.59683527,37.12680369,13.8454,II/389/ps1_dr2
152551685972722975,168.59725095694,37.12692664952,12.211,II/389/ps1_dr2
152751685676557887,168.56760431997,37.29771661106,14.3001,II/389/ps1_dr2
152771685645953019,168.56450451323,37.31034487313,13.237,II/389/ps1_dr2
152491682950318952,168.29504029086,37.08189489498,14.3044,II/389/ps1_dr2
152481681857686310,168.18576233747,37.07138558824,12.215,II/389/ps1_dr2
152481681861406044,168.18614806,37.07112687,13.5173,II/389/ps1_dr2
152581683586810353,168.3586953127,37.14969150048,13.3575,II/389/ps1_dr2
152701682876531156,168.28764885253,37.25037773388,14.9194,II/389/ps1_dr2
152751682816342264,168.28158818763,37.29302902017,13.9532,II/389/ps1_dr2
152761682370014413,168.23697286427,37.30311508698,14.2159,II/389/ps1_dr2
152721683696654052,168.36964139439,37.26949001398,13.5851,II/389/ps1_dr2
152761683916231475,168.39157760304,37.30068910495,13.5508,II/389/ps1_dr2
152751683740441578,168.37395062287,37.29243001442,12.618,II/389/ps1_dr2
152871685267343888,168.52668525314,37.39444003895,11.487,II/389/ps1_dr2
152821684063667256,168.40633084241,37.35552734809,14.7927,II/389/ps1_dr2
152901684061280629,168.4060974699,37.41665726366,14.9961,II/389/ps1_dr2
152981684388103167,168.43875145545,37.48545370747,14.7213,II/389/ps1_dr2
152921683347444684,168.33477393358,37.43670267487,14.3443,II/389/ps1_dr2
152221676819915421,167.68191328677,36.85397295629,14.4615,II/389/ps1_dr2
152251676611603699,167.66104134788,36.87751710004,14.7929,II/389/ps1_dr2
152271676903925339,167.69031469743,36.89556274088,14.5943,II/389/ps1_dr2
152361676916099506,167.69154445,36.97404386,11.234,II/389/ps1_dr2
152411677951257088,167.7950918889,37.01370725863,14.8362,II/389/ps1_dr2
152331676521390936,167.65204334979,36.94186952317,13.7954,II/389/ps1_dr2
152411676202241595,167.62018291359,37.00912801086,14.801,II/389/ps1_dr2
152411676733080515,167.67331385,37.00828304,12.9459,II/389/ps1_dr2
152541679624058646,167.96245208,37.12348902,10.9664,II/389/ps1_dr2
152691679756271304,167.97558176385,37.2422324728,14.7627,II/389/ps1_dr2
152471675571868245,167.55704402446,37.06469771033,14.807,II/389/ps1_dr2
152481675567487657,167.55670126951,37.07254369433,13.7008,II/389/ps1_dr2
152581676228451928,167.62280248195,37.15109365852,14.4738,II/389/ps1_dr2
152621676266712189,167.62665235922,37.1846408857,14.4376,II/389/ps1_dr2
152601675510637986,167.55101229,37.17277872,12.053,II/389/ps1_dr2
152601675514887581,167.55154647,37.17253917,14.6607,II/389/ps1_dr2
152551673820666814,167.38200204306,37.13017903993,13.3447,II/389/ps1_dr2
152601673491671199,167.34910150123,37.16717394532,14.455,II/389/ps1_dr2
152721676742987444,167.67446846,37.2724119,12.372,II/389/ps1_dr2
152721676744287802,167.67436702348,37.27263760618,12.156,II/389/ps1_dr2
152821677742059076,167.77417633192,37.35700788802,13.383,II/389/ps1_dr2
152821677284022560,167.72826463,37.35127561,12.8073,II/389/ps1_dr2
152821677282222260,167.72833201,37.35143364,11.798,II/389/ps1_dr2
152801682057587402,168.20574781157,37.33894061062,14.518,II/389/ps1_dr2
152971680298201181,168.02969189561,37.47542372475,12.864,II/389/ps1_dr2
153101682790882775,168.27905781548,37.58508938599,14.9028,II/389/ps1_dr2
153061681686874437,168.16863236503,37.55314037937,12.378,II/389/ps1_dr2
153091681777433999,168.17773708094,37.57776521337,11.84,II/389/ps1_dr2
153091681778514348,168.17796919,37.57801126,11.7256,II/389/ps1_dr2
153151681524215328,168.15241473395,37.6288858404,14.4676,II/389/ps1_dr2
152921678878295144,167.88783006027,37.4370631568,14.2459,II/389/ps1_dr2
152981678660066508,167.86600751863,37.48821018089,14.7602,II/389/ps1_dr2
153031679845560003,167.9845475111,37.52432745379,14.3581,II/389/ps1_dr2
153041679353382290,167.93530410489,37.5346859943,13.8732,II/389/ps1_dr2
152991677947657722,167.79474995509,37.49757711783,13.6133,II/389/ps1_dr2
153201679243056750,167.9242720213,37.67172193027,14.6972,II/389/ps1_dr2
153191678244371271,167.82443068038,37.6588555402,13.5726,II/389/ps1_dr2
153201678632254509,167.86316986027,37.66987376432,13.1992,II/389/ps1_dr2
153231678551579002,167.85511654,37.69878809,9.165,II/389/ps1_dr2
153231678542968909,167.85427132,37.69855564,9.3198,II/389/ps1_dr2
153211681230456866,168.12301704544,37.68016109905,12.42,II/389/ps1_dr2
153271681999735639,168.1999216086,37.72915205376,14.1358,II/389/ps1_dr2
153311679150725438,167.91500050233,37.76229750768,14.9246,II/389/ps1_dr2
153371680961803695,168.09610592116,37.81087496547,14.1877,II/389/ps1_dr2
153421680552709528,168.05520020437,37.85740884421,13.38,II/389/ps1_dr2
152661687268291037,168.72679535912,37.21698294543,14.5972,II/389/ps1_dr2
152761687679739171,168.7679304402,37.30710074402,13.036,II/389/ps1_dr2
152761687682508932,168.76819673,37.30697295,13.8636,II/389/ps1_dr2
152861688856274879,168.88528744,37.38702537,12.9825,II/389/ps1_dr2
152861688860104961,168.88599752381,37.38704602698,11.8637,II/389/ps1_dr2
152831687396005074,168.73969761,37.36208839,10.81,II/389/ps1_dr2
152801686294416232,168.62938922241,37.33800923482,14.9448,II/389/ps1_dr2
152951687315992756,168.7315560204,37.46012234299,13.7477,II/389/ps1_dr2
152961689620510035,168.96201355172,37.46615642568,14.5736,II/389/ps1_dr2
153011690065382625,169.0065316788,37.51000617351,14.8113,II/389/ps1_dr2
153011690600610956,169.06005974759,37.50860640815,14.4384,II/389/ps1_dr2
153031689931665544,168.99318276467,37.52910411571,14.9333,II/389/ps1_dr2
153051689945864312,168.9945945852,37.54475618572,14.3061,II/389/ps1_dr2
153071688066403927,168.80662596,37.56113155,11.769,II/389/ps1_dr2
153171689853842050,168.98542244,37.64291193,10.5211,II/389/ps1_dr2
153171689854821631,168.98586108,37.64259467,12.4037,II/389/ps1_dr2
152891686198736546,168.61989229,37.41324622,11.9716,II/389/ps1_dr2
152891686200987286,168.61993265,37.41395002,11.3243,II/389/ps1_dr2
152891686203116900,168.62038732,37.41362543,11.5132,II/389/ps1_dr2
152891686204577437,168.62076627,37.41401899,13.9574,II/389/ps1_dr2
152941685810842806,168.58105788878,37.45184808758,12.163,II/389/ps1_dr2
152961686114286429,168.6113656312,37.4715062805,14.2353,II/389/ps1_dr2
153061686096743548,168.60962074486,37.55242986245,14.483,II/389/ps1_dr2
153091686287302126,168.62869022106,37.57624652202,13.204,II/389/ps1_dr2
153081686692872573,168.66924284682,37.56827868085,14.9049,II/389/ps1_dr2
153031685284629067,168.52839055308,37.53204295734,14.4009,II/389/ps1_dr2
153051684324820397,168.43242402116,37.54147208897,14.376,II/389/ps1_dr2
153111684772229241,168.47713765176,37.59882452575,13.8039,II/389/ps1_dr2
153171686534823680,168.65346008972,37.64420798382,14.6179,II/389/ps1_dr2
153091687627365728,168.76262241,37.57928115,12.4864,II/389/ps1_dr2
153101687636350495,168.76362167907,37.582964568,14.866,II/389/ps1_dr2
153091687622084676,168.76244917,37.57837245,7.2054,II/389/ps1_dr2
153101687636210153,168.76361973513,37.58295376766,14.8018,II/389/ps1_dr2
153141687631640478,168.76323750218,37.61667546427,13.5623,II/389/ps1_dr2
153191687475047234,168.74752204597,37.66384200608,13.428,II/389/ps1_dr2
153231687364719809,168.73654212643,37.699321707,14.6638,II/389/ps1_dr2
153311687225481222,168.72263367101,37.75887199691,13.9327,II/389/ps1_dr2
153351686386548204,168.63866342029,37.79799106007,14.5258,II/389/ps1_dr2
153191691629618115,169.1630738812,37.66456342105,14.382,II/389/ps1_dr2
153211689924183495,168.99241903076,37.67742062718,14.715,II/389/ps1_dr2
153241690575371744,169.05755469461,37.70091647229,13.4494,II/389/ps1_dr2
153281691016350657,169.10178997,37.73341303,11.449,II/389/ps1_dr2
153331690620609978,169.06205223016,37.78280249344,13.8699,II/389/ps1_dr2
153521688244375324,168.82433003,37.9371121,12.262,II/389/ps1_dr2
153521688247515151,168.82446691679,37.93717720142,12.3094,II/389/ps1_dr2
153141683661414789,168.36609466953,37.62010803747,14.0216,II/389/ps1_dr2
153191684838405439,168.48398472,37.662401,11.774,II/389/ps1_dr2
153251683117947062,168.31172607257,37.71366128336,13.517,II/389/ps1_dr2
153241683652427509,168.36520241425,37.70569879007,14.7504,II/389/ps1_dr2
153321684121480756,168.41207846662,37.76675907034,13.7055,II/389/ps1_dr2
153341684203184910,168.42024224761,37.786880563,13.401,II/389/ps1_dr2
153331683814284396,168.38135325195,37.77812197769,14.9682,II/389/ps1_dr2
153421683750812742,168.37497335407,37.85174644428,14.0181,II/389/ps1_dr2
153391686501417095,168.65008915859,37.83038734508,14.816,II/389/ps1_dr2
153431684881186028,168.48803123368,37.86283325935,11.845,II/389/ps1_dr2
153431684882395632,168.48795789,37.86261351,11.8936,II/389/ps1_dr2
153531685961436653,168.59607347576,37.9466676416,14.6759,II/389/ps1_dr2
153591686340928920,168.63403293896,37.99855420886,14.6373,II/389/ps1_dr2
153671685553587741,168.55532652268,38.06422886637,14.0084,II/389/ps1_dr2
153381682590205005,168.25914662297,37.82028745422,12.618,II/389/ps1_dr2
153401681999099325,168.19984241615,37.84055904727,14.2375,II/389/ps1_dr2
153411682331634113,168.23319607696,37.84462067541,12.859,II/389/ps1_dr2
153441682019383537,168.20187123488,37.8690613998,13.5093,II/389/ps1_dr2
153501682241264550,168.22408193869,37.91991687744,14.6733,II/389/ps1_dr2
153511683457673591,168.34558437521,37.92750168751,14.6258,II/389/ps1_dr2
153571683062771851,168.30620791883,37.9759925489,13.42,II/389/ps1_dr2
153391681365295511,168.13645143072,37.8290552512,13.4985,II/389/ps1_dr2
153551681375133184,168.137487261,37.96044040171,14.2236,II/389/ps1_dr2
153631683421705679,168.3420686027,38.02922864676,13.475,II/389/ps1_dr2
153631684986836679,168.49861370533,38.0300337315,14.1759,II/389/ps1_dr2
153811683135304410,168.31335122,38.17829054,14.589,II/389/ps1_dr2
153811683156742945,168.31549436,38.17700249,11.199,II/389/ps1_dr2
153811683157662677,168.31542548,38.17662012,11.3388,II/389/ps1_dr2
153811683138085601,168.31366937,38.1792163,14.1939,II/389/ps1_dr2
153811683135085057,168.31353058527,38.1788102808,10.991,II/389/ps1_dr2
153791683868341410,168.38677040603,38.1590005267,14.1512,II/389/ps1_dr2
153621688059592448,168.80597130257,38.01818562323,14.2628,II/389/ps1_dr2
153611686853279560,168.68527156402,38.01576902431,13.2122,II/389/ps1_dr2
153681686788027871,168.67873353571,38.07265911806,14.7234,II/389/ps1_dr2
153681686366473730,168.63677712,38.06925661,14.6768,II/389/ps1_dr2
153681686368483412,168.63684809,38.06896668,11.571,II/389/ps1_dr2
153681686372093191,168.63688913,38.06871997,12.4019,II/389/ps1_dr2
153881685253838625,168.52537039581,38.23996446878,12.607,II/389/ps1_dr2
153931684392688988,168.43920950065,38.28192414273,12.239,II/389/ps1_dr2
153951684577967226,168.45774673861,38.29713522166,14.5275,II/389/ps1_dr2
152701673022548126,167.3022229219,37.25628207747,13.5001,II/389/ps1_dr2
152751673304053957,167.33031481,37.29444437,12.0344,II/389/ps1_dr2
152771674775205805,167.47746328496,37.31267879808,13.8209,II/389/ps1_dr2
152781673872702526,167.38723215388,37.31826495019,14.9316,II/389/ps1_dr2
152781672432640282,167.24321983,37.31637032,11.482,II/389/ps1_dr2
152811673155976733,167.31548390279,37.34674928845,12.883,II/389/ps1_dr2
152941675290846146,167.52909576,37.45453851,11.727,II/389/ps1_dr2
152951675474223350,167.54734526183,37.46061906721,14.5437,II/389/ps1_dr2
152951675518410294,167.55179036669,37.45806008895,14.7488,II/389/ps1_dr2
152941675291015747,167.52905082,37.45428719,11.9484,II/389/ps1_dr2
153021675184098235,167.51834948111,37.52302643682,13.6386,II/389/ps1_dr2
153021673768384132,167.37677623465,37.51962556887,14.9599,II/389/ps1_dr2
153161675597901705,167.55974069659,37.63424391752,14.7227,II/389/ps1_dr2
153201674690807593,167.46902239884,37.67246774376,14.525,II/389/ps1_dr2
152871671717534323,167.17167419195,37.39476009125,13.01,II/389/ps1_dr2
152881671785732182,167.17850972732,37.40131254073,14.5691,II/389/ps1_dr2
152901671873301315,167.18726135811,37.41723814122,13.5418,II/389/ps1_dr2
152901671527664427,167.15271176517,37.41984429356,12.899,II/389/ps1_dr2
153031672947657046,167.29468592903,37.53037133627,13.404,II/389/ps1_dr2
153031672781766798,167.27817175529,37.53014942218,14.9929,II/389/ps1_dr2
153021671972411274,167.19713386538,37.51725964212,13.175,II/389/ps1_dr2
153081672716523813,167.27157226002,37.56931857949,13.446,II/389/ps1_dr2
153171673011618322,167.30105002192,37.64820325833,12.038,II/389/ps1_dr2
153221673460022295,167.3459191317,37.68468717928,13.5399,II/389/ps1_dr2
153301674315156484,167.43146243143,37.75482995701,13.9256,II/389/ps1_dr2
153351673730455347,167.37295645593,37.79557242167,13.7752,II/389/ps1_dr2
153231677280042519,167.72797741404,37.69324194102,14.9476,II/389/ps1_dr2
153321677900220449,167.78999838347,37.76648460984,12.803,II/389/ps1_dr2
153371677776138247,167.77744366,37.81464274,12.156,II/389/ps1_dr2
153181676043505802,167.60431327154,37.65431944336,14.7591,II/389/ps1_dr2
153391677086492598,167.70853683985,37.82661565275,12.673,II/389/ps1_dr2
153341678646616844,167.86459265649,37.78842025734,14.3377,II/389/ps1_dr2
153541677374383639,167.7374025813,37.95248637584,13.7695,II/389/ps1_dr2
153671678311471787,167.83097174,38.05934293,12.8536,II/389/ps1_dr2
153661678431049020,167.84303165955,38.05698625377,14.9181,II/389/ps1_dr2
153671678316811961,167.83160114,38.05941778,10.7741,II/389/ps1_dr2
153431675664595268,167.56643332633,37.86220914638,14.2154,II/389/ps1_dr2
153351674824406276,167.48238513157,37.79635827563,14.3714,II/389/ps1_dr2
153421675145759639,167.51452538062,37.85751202059,13.22,II/389/ps1_dr2
153401674370655067,167.43700594115,37.83702125204,13.8266,II/389/ps1_dr2
153541674661073068,167.46610649748,37.95203545605,14.5587,II/389/ps1_dr2
153521673840561267,167.38406807981,37.93392306612,13.72,II/389/ps1_dr2
153521673841784386,167.38428925,37.93657573,10.7484,II/389/ps1_dr2
153521673843894711,167.38435569,37.93662828,10.295,II/389/ps1_dr2
153511676905446970,167.69047851,37.93024188,9.27,II/389/ps1_dr2
153511676905546259,167.69056992,37.92967821,13.1377,II/389/ps1_dr2
153511676907537802,167.69072682,37.93085396,13.3876,II/389/ps1_dr2
153511676909187422,167.69076522,37.93068528,10.2134,II/389/ps1_dr2
153681677124651067,167.71241359406,38.06702310381,13.439,II/389/ps1_dr2
153821677728988647,167.77287288688,38.18998224153,13.335,II/389/ps1_dr2
153671676516038037,167.65158396923,38.06451310384,13.8983,II/389/ps1_dr2
153811676117396831,167.61170567271,38.18020039336,14.7766,II/389/ps1_dr2
153781676695880134,167.66955581638,38.14958434304,13.9686,II/389/ps1_dr2
153071670026688318,167.00252988363,37.56478340123,14.7131,II/389/ps1_dr2
153141670587088696,167.05860482808,37.62340343515,14.8686,II/389/ps1_dr2
153261669937069675,166.99363871957,37.72418610667,13.4739,II/389/ps1_dr2
153261669815861472,166.98150928908,37.71737497502,14.4792,II/389/ps1_dr2
153291670639585038,167.06387730633,37.74533431772,13.4525,II/389/ps1_dr2
153281670020949949,167.00202724294,37.74108829998,13.489,II/389/ps1_dr2
153301670201040392,167.02001737999,37.74982099969,14.8609,II/389/ps1_dr2
153301668632431386,166.86318647848,37.75057117674,14.2429,II/389/ps1_dr2
153311669204918338,166.92043529731,37.76474951383,14.9444,II/389/ps1_dr2
153371670224515329,167.0222047,37.81228887,11.88,II/389/ps1_dr2
153341671510883917,167.15097633828,37.78606162289,13.225,II/389/ps1_dr2
153391671687302969,167.16864670734,37.82692425079,14.0638,II/389/ps1_dr2
153521672846540442,167.28456092,37.93333415,11.284,II/389/ps1_dr2
153521672851070179,167.28499773,37.9328665,13.8962,II/389/ps1_dr2
153521672843930152,167.28464039,37.933044,14.0766,II/389/ps1_dr2
153581670954077373,167.09528087,37.98871649,8.6882,II/389/ps1_dr2
153581670954506981,167.09593918,37.98838594,8.9366,II/389/ps1_dr2
153611672149058858,167.21489409096,38.01515375589,14.2576,II/389/ps1_dr2
153661671232034358,167.1231664508,38.053126281,14.7066,II/389/ps1_dr2
153641671584409660,167.15843367357,38.04086876336,13.6731,II/389/ps1_dr2
153331668346070044,166.83459322006,37.77442578589,13.217,II/389/ps1_dr2
153361667687718395,166.76876948261,37.80636521229,14.4555,II/389/ps1_dr2
153451668185704459,166.81857959692,37.8780768328,12.135,II/389/ps1_dr2
153451668189964579,166.81899819,37.87830357,13.5188,II/389/ps1_dr2
153451668190294157,166.81897882,37.87788134,14.2367,II/389/ps1_dr2
153441669369782832,166.93692461306,37.86846499406,14.3023,II/389/ps1_dr2
153451667372308951,166.73721008256,37.88184440403,14.7087,II/389/ps1_dr2
153581669462081859,166.94614936165,37.98435788491,13.7703,II/389/ps1_dr2
153581669582152594,166.9581456334,37.98495030448,14.6637,II/389/ps1_dr2
153691670875853228,167.08755056507,38.07716848803,14.162,II/389/ps1_dr2
153751670131427130,167.01310046868,38.13039481062,14.9257,II/389/ps1_dr2
153741670824310966,167.08242315842,38.11691261963,12.708,II/389/ps1_dr2
153711669090779090,166.90904997496,38.09864915989,14.5088,II/389/ps1_dr2
153691669489679194,166.94889585287,38.08211143065,14.88,II/389/ps1_dr2
153711669346460270,166.93463528998,38.09130670133,13.112,II/389/ps1_dr2
153761669507795037,166.95074954493,38.13694644626,13.8931,II/389/ps1_dr2
153871669413558468,166.94133531094,38.23146991844,13.8314,II/389/ps1_dr2
153891669661584238,166.96613741173,38.24462145035,14.3112,II/389/ps1_dr2
153671673443445895,167.34432825604,38.06273289155,14.65,II/389/ps1_dr2
153671674559701915,167.45594213113,38.05936114832,14.1272,II/389/ps1_dr2
153741674430150283,167.44297940253,38.11640011474,13.932,II/389/ps1_dr2
153701673965887736,167.39679662,38.08923477,12.3332,II/389/ps1_dr2
153701673974196351,167.3973863,38.08817925,12.8717,II/389/ps1_dr2
153701673976996692,167.39742445,38.08855579,11.229,II/389/ps1_dr2
153701673980036302,167.39770601,38.08802371,10.675,II/389/ps1_dr2
153701673980586775,167.39781783,38.08826133,12.2096,II/389/ps1_dr2
153701673982627088,167.39812513,38.0885078,12.3092,II/389/ps1_dr2
153721673504517990,167.35046368263,38.10606414928,14.4904,II/389/ps1_dr2
153851674069291075,167.40694138158,38.20865259157,14.6136,II/389/ps1_dr2
153911675129141374,167.51291175775,38.25898097747,14.4563,II/389/ps1_dr2
153891675790073730,167.57881170617,38.24435543734,14.7728,II/389/ps1_dr2
154011676156823542,167.61563845078,38.34411956217,13.253,II/389/ps1_dr2
154141674944932267,167.49467792219,38.45143349941,12.6879,II/389/ps1_dr2
154141674949112454,167.49488433,38.45153915,12.696,II/389/ps1_dr2
153771671839084714,167.1839027111,38.14500597611,14.151,II/389/ps1_dr2
153871671825777453,167.18256193511,38.23068539272,14.5433,II/389/ps1_dr2
153861672627435751,167.26280044436,38.22090190698,14.1392,II/389/ps1_dr2
153921672245402902,167.2246071124,38.26852541958,13.1832,II/389/ps1_dr2
153951671956857253,167.19601464,38.29763825,10.0507,II/389/ps1_dr2
153951671958016904,167.19557408,38.29685466,10.1815,II/389/ps1_dr2
153951671962487728,167.19613433,38.29755094,9.982,II/389/ps1_dr2
154071671857852432,167.18581859409,38.39311967886,13.5521,II/389/ps1_dr2
154071671895485909,167.18956325819,38.39603739546,14.5109,II/389/ps1_dr2
154071673399166207,167.33994108722,38.39629667648,14.6544,II/389/ps1_dr2
154191672761541950,167.27612224713,38.49271583418,13.439,II/389/ps1_dr2
154281673463697875,167.34632610792,38.57269372058,14.8514,II/389/ps1_dr2
153591680309726552,168.03093638121,37.99658007045,14.8784,II/389/ps1_dr2
153731680555578498,168.05553487,38.1149401,11.041,II/389/ps1_dr2
153731680559358321,168.05606016,38.11477538,11.1923,II/389/ps1_dr2
153761679429511015,167.94288572676,38.13361202137,13.1799,II/389/ps1_dr2
153761679427280717,167.94269696,38.13336651,14.8494,II/389/ps1_dr2
153821680041279820,168.00405671632,38.19095162357,14.3697,II/389/ps1_dr2
153871681699781189,168.16988711166,38.22539573021,12.22,II/389/ps1_dr2
153881683141776760,168.31411869153,38.23843383896,13.7638,II/389/ps1_dr2
153971683299774785,168.3299329858,38.31174122596,14.3268,II/389/ps1_dr2
154021681524902209,168.15243821209,38.35128957719,14.899,II/389/ps1_dr2
153991682345255835,168.23446740464,38.32929251805,14.6288,II/389/ps1_dr2
153871679274493637,167.92715158,38.22753146,12.4607,II/389/ps1_dr2
153871679267583707,167.92705922981,38.22758520944,12.685,II/389/ps1_dr2
153881678904902017,167.89049214553,38.23421594872,14.8294,II/389/ps1_dr2
153951678273617348,167.82730772571,38.29722957801,14.974,II/389/ps1_dr2
153911678372209069,167.83716843195,38.26528271807,13.7595,II/389/ps1_dr2
153991678460911009,167.84580938,38.32526827,12.0894,II/389/ps1_dr2
153991678455461222,167.84552056,38.32547771,11.9669,II/389/ps1_dr2
153991678458641373,167.84582183,38.32553148,11.85,II/389/ps1_dr2
154021677777852350,167.77769975567,38.35135648755,14.9623,II/389/ps1_dr2
154051678496582739,167.84950699,38.37672191,13.005,II/389/ps1_dr2
154051678489982648,167.84916106365,38.37671832032,12.6074,II/389/ps1_dr2
154101678127628293,167.81277084384,38.42306505224,12.543,II/389/ps1_dr2
154111678179504651,167.81791730786,38.42831198792,14.9207,II/389/ps1_dr2
154031680759645282,168.07592678729,38.36220060877,13.371,II/389/ps1_dr2
154051680738759436,168.07383342668,38.38232989417,14.8083,II/389/ps1_dr2
154201681718930826,168.1716575,38.50019048,10.899,II/389/ps1_dr2
154201681721160545,168.17210822,38.4999688,11.1755,II/389/ps1_dr2
154221681625132535,168.16250441168,38.51822085878,14.0166,II/389/ps1_dr2
154201681714480763,168.17140615,38.50007354,10.9757,II/389/ps1_dr2
154221679951582777,167.99511821315,38.51843118777,14.7058,II/389/ps1_dr2
154231679988187535,167.99880003029,38.53073543066,13.1,II/389/ps1_dr2
154181678787250724,167.87870266746,38.48337772011,13.3411,II/389/ps1_dr2
154291681260158590,168.12599113246,38.58161509668,14.6498,II/389/ps1_dr2
153991684080123893,168.40795909564,38.32767369893,14.9181,II/389/ps1_dr2
154061683424165793,168.34231704466,38.38761570455,14.0113,II/389/ps1_dr2
154211682225951015,168.22255451369,38.50861914906,14.3136,II/389/ps1_dr2
154231682522109735,168.25230858156,38.53263596108,12.583,II/389/ps1_dr2
154231682526869692,168.25292175,38.53262704,13.2092,II/389/ps1_dr2
154241682525540117,168.25231547209,38.53263813972,12.3019,II/389/ps1_dr2
154241682519030154,168.25191134,38.53284361,13.8001,II/389/ps1_dr2
154361681323183895,168.13227338299,38.63603458547,14.2997,II/389/ps1_dr2
154061677158344246,167.71594005403,38.38635000447,13.39,II/389/ps1_dr2
154051676713478208,167.67133803344,38.38131220901,14.6608,II/389/ps1_dr2
154231676476786257,167.64766892808,38.52968147772,13.253,II/389/ps1_dr2
154211676078391803,167.60783786354,38.50930676376,14.1972,II/389/ps1_dr2
154241677259804383,167.72595202265,38.53645756009,12.765,II/389/ps1_dr2
154301677356889895,167.73566600606,38.59104505168,14.8895,II/389/ps1_dr2
154291676341399246,167.63422956,38.58221422,14.4686,II/389/ps1_dr2
154291676343998753,167.63437490893,38.58186237251,12.175,II/389/ps1_dr2
154251678379617462,167.83793531056,38.54733326912,14.5294,II/389/ps1_dr2
154391675768746936,167.57680289003,38.66357915985,13.0069,II/389/ps1_dr2
154371675543805551,167.55432698335,38.64571072274,12.989,II/389/ps1_dr2
154401675818250622,167.58177875,38.66675451,14.3545,II/389/ps1_dr2
154351673982585214,167.39833209924,38.62885199325,13.7808,II/389/ps1_dr2
154411674181345267,167.41806261663,38.67884503724,11.998,II/389/ps1_dr2
154411673808033414,167.38076308367,38.67730073534,14.2672,II/389/ps1_dr2
154481675175546512,167.51750826,38.73819606,11.392,II/389/ps1_dr2
154501676886555995,167.68860761068,38.754449809,14.93,II/389/ps1_dr2
154601675748561859,167.57476905,38.83428839,14.7362,II/389/ps1_dr2
154601675751951172,167.57541596,38.8336499,12.4109,II/389/ps1_dr2
154601675756161412,167.57558,38.834187,11.442,II/389/ps1_dr2
154601675752451538,167.57529979,38.83401427,11.7167,II/389/ps1_dr2
154701677289053414,167.72881960423,38.91892903508,13.2612,II/389/ps1_dr2
154721676805673540,167.6804765811,38.93573266576,12.887,II/389/ps1_dr2
154781676927030862,167.69259962262,38.98350242215,13.088,II/389/ps1_dr2
153551666106521622,166.61062220836,37.9590805067,14.628,II/389/ps1_dr2
153581666233302135,166.62331822187,37.98449455062,14.3667,II/389/ps1_dr2
153621666907043766,166.69073842933,38.01916120566,12.246,II/389/ps1_dr2
153621666907983383,166.69079946,38.01915471,13.3067,II/389/ps1_dr2
153611666449165141,166.64492828856,38.01199655885,13.9833,II/389/ps1_dr2
153611665660772791,166.56603694203,38.01008330086,14.5253,II/389/ps1_dr2
153721665149018442,166.51487625198,38.10650939343,12.902,II/389/ps1_dr2
153861667025949396,166.70264515207,38.22391080433,14.0034,II/389/ps1_dr2
153771668066059748,166.80656909831,38.14918314275,14.9442,II/389/ps1_dr2
153991668629460066,166.86299553623,38.32449038525,14.6238,II/389/ps1_dr2
153901667578201363,166.75784456151,38.25056488599,14.6139,II/389/ps1_dr2
153931667197456468,166.71977202151,38.27981867863,14.4302,II/389/ps1_dr2
153911666868274252,166.68685308241,38.26130040141,14.709,II/389/ps1_dr2
154021668354070354,166.83545704093,38.34970042649,13.069,II/389/ps1_dr2
153781664322723102,166.43222698493,38.15204421424,13.361,II/389/ps1_dr2
153891665015480574,166.50157025926,38.24156562674,14.5471,II/389/ps1_dr2
153931663814641739,166.38141459,38.27588009,12.3775,II/389/ps1_dr2
153931663816532059,166.38169672,38.27635908,9.1812,II/389/ps1_dr2
153931663813002141,166.38114706,38.27624496,9.3304,II/389/ps1_dr2
153951663879118822,166.38780593288,38.29849947531,13.291,II/389/ps1_dr2
153991664833359316,166.48332227173,38.33220977003,13.8439,II/389/ps1_dr2
154061664473650262,166.44738192395,38.38300872786,13.9196,II/389/ps1_dr2
154071664518594054,166.45165478,38.394658,7.4176,II/389/ps1_dr2
154071664514604320,166.45125573,38.39465392,8.8275,II/389/ps1_dr2
154071664505884743,166.45038565,38.39515062,12.7468,II/389/ps1_dr2
154141664627471777,166.46274463363,38.45094520635,14.8893,II/389/ps1_dr2
154201667995386892,166.79954513222,38.50524900763,14.0453,II/389/ps1_dr2
154161665021164153,166.50209669877,38.46956290796,13.7892,II/389/ps1_dr2
154351666316402885,166.6316230213,38.62684773644,14.5059,II/389/ps1_dr2
154111670571153786,167.05707124,38.42757311,13.6231,II/389/ps1_dr2
154181669369355762,166.936917,38.487774,11.555,II/389/ps1_dr2
154181669373455737,166.9374655,38.48775782,12.5611,II/389/ps1_dr2
154181669369796452,166.93705472,38.48791908,11.1506,II/389/ps1_dr2
154301670668200158,167.06677702431,38.58289021894,14.7696,II/389/ps1_dr2
154341672585919684,167.25856972846,38.62420673175,13.4068,II/389/ps1_dr2
154461672346204649,167.23461337819,38.72001315314,13.47,II/389/ps1_dr2
154451671207631949,167.12074530446,38.70942725426,14.5502,II/389/ps1_dr2
154461671422841073,167.14229348905,38.71707593244,12.387,II/389/ps1_dr2
154471671372080366,167.13727962,38.72487723,12.8213,II/389/ps1_dr2
154471671377950253,167.13777578,38.72466272,12.2443,II/389/ps1_dr2
154531672476166745,167.24760071341,38.78009044906,13.196,II/389/ps1_dr2
154551671073904259,167.10737134697,38.79466449604,13.4769,II/389/ps1_dr2
154591671684502812,167.16842970095,38.82675177021,14.2126,II/389/ps1_dr2
154321668414430656,166.84150118934,38.59985287246,12.92,II/389/ps1_dr2
154341669296344156,166.92961347969,38.61955305045,14.9169,II/389/ps1_dr2
154401669528349795,166.95279001361,38.67429954013,13.395,II/389/ps1_dr2
154421669201592363,166.9201518076,38.68475528098,12.576,II/389/ps1_dr2
154481669383782419,166.93835881017,38.73481070739,14.141,II/389/ps1_dr2
154411666962131080,166.69609437215,38.6753418023,13.293,II/389/ps1_dr2
154501668205026709,166.82050364082,38.75505212325,14.5045,II/389/ps1_dr2
154501667847634609,166.78480846832,38.75332173311,14.9316,II/389/ps1_dr2
154451669786506387,166.97863232175,38.71311486041,14.2218,II/389/ps1_dr2
154641671442046477,167.14417181828,38.87150358262,14.9615,II/389/ps1_dr2
154651670532515142,167.05317215197,38.87874503079,14.918,II/389/ps1_dr2
154601669016600639,166.90170956485,38.83336928606,12.668,II/389/ps1_dr2
154641669416195399,166.94158139242,38.87064982123,13.7645,II/389/ps1_dr2
154091662388742193,166.23889715,38.40958645,12.0759,II/389/ps1_dr2
154091662392372957,166.23889364,38.41001391,9.212,II/389/ps1_dr2
154131663829395678,166.38287041835,38.44585148675,14.1443,II/389/ps1_dr2
154171663036709338,166.30350950374,38.48223716453,12.9781,II/389/ps1_dr2
154261663949764382,166.39498420119,38.5531167294,14.5658,II/389/ps1_dr2
154231663667225499,166.36672801813,38.52903679191,14.881,II/389/ps1_dr2
154171662609939946,166.26103494613,38.48275176184,13.123,II/389/ps1_dr2
154141661548898129,166.15492566318,38.45621171092,14.8856,II/389/ps1_dr2
154241661650587099,166.16512741,38.53885133,12.5205,II/389/ps1_dr2
154241661665307052,166.16645985,38.53833282,10.585,II/389/ps1_dr2
154241661659596988,166.16576169,38.53871967,12.6773,II/389/ps1_dr2
154261663003270264,166.30035113454,38.54966483136,14.7038,II/389/ps1_dr2
154251662676335444,166.26767650201,38.54559992915,14.1371,II/389/ps1_dr2
154251662680865499,166.26793581,38.54571076,14.2307,II/389/ps1_dr2
154281663600879192,166.36009201295,38.57380967712,14.6733,II/389/ps1_dr2
154291662208013490,166.22082954941,38.57734694586,14.7807,II/389/ps1_dr2
154301665341433764,166.53411485014,38.58593969288,14.8101,II/389/ps1_dr2
154291664256807080,166.42564271113,38.5803506426,14.2734,II/389/ps1_dr2
154331665688018514,166.56881505221,38.61487009275,13.5697,II/389/ps1_dr2
154371665766927946,166.57682326113,38.64761694368,12.876,II/389/ps1_dr2
154441665705999971,166.57056958249,38.70774908514,14.4827,II/389/ps1_dr2
154461665493425006,166.54930317897,38.72012978078,12.9844,II/389/ps1_dr2
154481665242321121,166.52414695598,38.73368213727,14.6335,II/389/ps1_dr2
154391663134545197,166.31344626722,38.66210582929,13.6599,II/389/ps1_dr2
154421663385718299,166.33833938,38.68969119,11.833,II/389/ps1_dr2
154601664842551977,166.48429676767,38.83442187314,12.13,II/389/ps1_dr2
154311661760586838,166.17580053,38.59686903,12.39,II/389/ps1_dr2
154311661755126967,166.17552487,38.596872,13.5377,II/389/ps1_dr2
154261660649128623,166.06487995983,38.55662673289,13.088,II/389/ps1_dr2
154371661588125534,166.15883585573,38.6457045896,14.7475,II/389/ps1_dr2
154471661686309645,166.16841266,38.73243763,12.7944,II/389/ps1_dr2
154471661694609085,166.1695017,38.73198776,11.1134,II/389/ps1_dr2
154471661695419751,166.16965066,38.73264768,11.7799,II/389/ps1_dr2
154471661698309137,166.16982831,38.73206409,14.0764,II/389/ps1_dr2
154471661691819393,166.16935158,38.7322287,11.145,II/389/ps1_dr2
154371659953010538,165.99528339617,38.64154476192,14.0488,II/389/ps1_dr2
154401660240003260,166.02397777456,38.66880826727,14.9895,II/389/ps1_dr2
154441660492226829,166.04915539,38.70504869,14.018,II/389/ps1_dr2
154441660496776758,166.04937253341,38.70503140189,11.656,II/389/ps1_dr2
154441660501317331,166.05004306,38.70556368,14.1376,II/389/ps1_dr2
154401659829209384,165.98290937954,38.67392272269,13.456,II/389/ps1_dr2
154561661705541912,166.17052523289,38.80105648555,13.6695,II/389/ps1_dr2
154521660544434826,166.05437260623,38.77014558337,13.7019,II/389/ps1_dr2
154701664239231304,166.42389624544,38.91707428248,14.2626,II/389/ps1_dr2
154681663746694757,166.37463559339,38.90344518949,11.987,II/389/ps1_dr2
154601662363435669,166.23641476067,38.83751391555,12.975,II/389/ps1_dr2
154741662067181464,166.20667730935,38.95065351862,12.875,II/389/ps1_dr2
154821663274423661,166.32742896384,39.01910562096,13.4679,II/389/ps1_dr2
154471666139890906,166.61395877817,38.7251689386,13.9201,II/389/ps1_dr2
154591666833702075,166.68334127231,38.82616423042,14.8799,II/389/ps1_dr2
154601666368207530,166.63674580866,38.83901123738,14.9263,II/389/ps1_dr2
154641667549905657,166.75497392845,38.87077843338,14.6321,II/389/ps1_dr2
154611665634463790,166.56340966467,38.8442322472,14.2761,II/389/ps1_dr2
154651665031614494,166.50311576676,38.87815494272,14.1108,II/389/ps1_dr2
154701665904581777,166.59043401308,38.91750643862,13.8443,II/389/ps1_dr2
154811666458410853,166.64582716561,39.00848478272,13.6805,II/389/ps1_dr2
154741668757012821,166.87560558,38.95191323,14.5027,II/389/ps1_dr2
154781667962235341,166.7962153253,38.98722102876,13.9543,II/389/ps1_dr2
155051668039871410,166.803973306,39.20893222008,13.9759,II/389/ps1_dr2
154801665734785030,166.57360895,39.00363509,12.166,II/389/ps1_dr2
154891665998064315,166.5997990134,39.07801631474,14.4336,II/389/ps1_dr2
154951664736629956,166.47362928147,39.13272637681,14.7513,II/389/ps1_dr2
155011664658505355,166.4658063448,39.17882876396,13.4484,II/389/ps1_dr2
154931666333910016,166.63340107371,39.10779944994,13.7211,II/389/ps1_dr2
155031667403364328,166.74035334552,39.19476549966,14.2159,II/389/ps1_dr2
155081667016896101,166.70178664,39.23808665,9.4912,II/389/ps1_dr2
155081667015566575,166.70161868,39.23817043,9.857,II/389/ps1_dr2
155121667013152315,166.70154546376,39.26797251416,12.994,II/389/ps1_dr2
155061665856191230,166.58564361585,39.2171191107,12.291,II/389/ps1_dr2
155101665644752213,166.56452885893,39.2512642974,13.7606,II/389/ps1_dr2
155241666927979218,166.69275435222,39.37381438171,13.8336,II/389/ps1_dr2
154521674043903336,167.40441531548,38.76893803795,13.265,II/389/ps1_dr2
154541672692976552,167.26912654252,38.78838415113,12.1126,II/389/ps1_dr2
154541672689226567,167.26900116,38.78830009,12.0252,II/389/ps1_dr2
154631674326531463,167.43260174663,38.85901900546,14.5181,II/389/ps1_dr2
154671672906899038,167.29066478082,38.89867141029,14.4289,II/389/ps1_dr2
154621671909633516,167.19099400541,38.85238124357,14.7601,II/389/ps1_dr2
154751673509673665,167.35088956709,38.96088481225,13.479,II/389/ps1_dr2
154691675387972889,167.53871006222,38.91021691726,12.609,II/389/ps1_dr2
154721675700483635,167.56979148,38.93575606,12.7169,II/389/ps1_dr2
154721675699104069,167.5699757,38.93617217,11.753,II/389/ps1_dr2
154771675553219710,167.55522474829,38.98256927981,14.7307,II/389/ps1_dr2
154831675945080518,167.59429925,39.02501236,12.4547,II/389/ps1_dr2
154831675945940014,167.59451061,39.0244762,13.0363,II/389/ps1_dr2
154841675840740954,167.58399217185,39.03358634857,14.1285,II/389/ps1_dr2
154831675941270237,167.59419079,39.0247775,12.387,II/389/ps1_dr2
154861676110010801,167.61070165,39.05011431,13.5264,II/389/ps1_dr2
154861676115690605,167.61166205,39.05005182,10.604,II/389/ps1_dr2
154861676119360792,167.6117958,39.05006779,12.163,II/389/ps1_dr2
154861676121500227,167.61200775,39.04956501,14.3115,II/389/ps1_dr2
154841675714794503,167.57138669192,39.03656568204,14.7363,II/389/ps1_dr2
154821675639119818,167.56382535051,39.02432733864,13.9674,II/389/ps1_dr2
154891675630769276,167.56310781,39.08220556,13.2369,II/389/ps1_dr2
154891675634268786,167.56350998,39.08180887,13.3353,II/389/ps1_dr2
154891675635019150,167.56342078032,39.08211930112,11.701,II/389/ps1_dr2
154891675638769104,167.56394232,39.08211346,13.8786,II/389/ps1_dr2
154951676012778310,167.60122164632,39.13144862566,14.5699,II/389/ps1_dr2
154901674045445707,167.40446032206,39.08761244926,14.1737,II/389/ps1_dr2
154791672667103848,167.26665074171,38.99435474473,14.8531,II/389/ps1_dr2
154821672222017888,167.22221785553,39.02269362692,13.5634,II/389/ps1_dr2
155041672060404526,167.20592433,39.20312374,11.4651,II/389/ps1_dr2
155041672056854364,167.20550374,39.2030684,11.67,II/389/ps1_dr2
154961673562070121,167.35614872827,39.13292952674,14.3767,II/389/ps1_dr2
155021673600415880,167.36001034942,39.18770837477,14.4788,II/389/ps1_dr2
155151672422340073,167.24218200957,39.29114609829,12.1407,II/389/ps1_dr2
155191672469995243,167.24695109331,39.32880808418,13.6927,II/389/ps1_dr2
154931670145072131,167.01450825003,39.10953181269,14.2355,II/389/ps1_dr2
155071671124102012,167.1124140868,39.22610624927,14.0086,II/389/ps1_dr2
155071668628369564,166.86279557608,39.23240149097,13.8799,II/389/ps1_dr2
155101668977337240,166.89770121697,39.25550348852,12.951,II/389/ps1_dr2
155141668461387265,166.8461792,39.28901068,11.104,II/389/ps1_dr2
155211672416458329,167.2415912513,39.34807115619,13.9181,II/389/ps1_dr2
155281672383735253,167.23838292835,39.40389694393,14.8228,II/389/ps1_dr2
155321672411845055,167.24127699251,39.4373165546,12.9402,II/389/ps1_dr2
155321672412665400,167.24126187714,39.43731744435,13.239,II/389/ps1_dr2
155411670898530670,167.08982103212,39.50836606112,14.5144,II/389/ps1_dr2
155401671763259959,167.17629282714,39.50778143235,12.824,II/389/ps1_dr2
155131668324183077,166.83242461287,39.2770296454,14.3607,II/389/ps1_dr2
155391668862648335,166.88627461259,39.49808111089,13.116,II/389/ps1_dr2
155451668742843686,166.87427724622,39.54420215926,14.9263,II/389/ps1_dr2
155421670294307852,167.02953258,39.5228186,9.9121,II/389/ps1_dr2
155421670301237857,167.03001409,39.52270684,10.3081,II/389/ps1_dr2
155431669362004272,166.93613522868,39.52804764193,13.9445,II/389/ps1_dr2
155461669746466003,166.97460288734,39.55447503874,14.5526,II/389/ps1_dr2
155471669451303023,166.94507539964,39.56031920763,13.038,II/389/ps1_dr2
155561669935401716,166.99345331401,39.63422348408,14.1535,II/389/ps1_dr2
155491670651896174,167.06514691359,39.5796077748,14.5192,II/389/ps1_dr2
155541668873224460,166.88727203471,39.61984297306,14.8525,II/389/ps1_dr2
155551668324525693,166.83241531487,39.62920143394,13.6177,II/389/ps1_dr2
155571668292718988,166.82929763744,39.64861138378,13.9576,II/389/ps1_dr2
152151640878399845,164.08787444311,36.79929078007,12.7886,II/389/ps1_dr2
152171640291220259,164.02915849083,36.80798099783,13.262,II/389/ps1_dr2
152171640991934921,164.09913690038,36.81185419719,13.652,II/389/ps1_dr2
152291639514242706,163.95175823,36.91025958,10.1307,II/389/ps1_dr2
152291639518742731,163.95216076,36.91008127,11.1161,II/389/ps1_dr2
152291639521742957,163.95219095,36.91027092,9.9795,II/389/ps1_dr2
152311639214458097,163.92157753,36.93124477,11.338,II/389/ps1_dr2
152311639218608299,163.92206701,36.93123141,12.1892,II/389/ps1_dr2
152341639091025050,163.90923213523,36.95367864358,12.652,II/389/ps1_dr2
152341639520575033,163.95208254372,36.95368451396,13.2206,II/389/ps1_dr2
152451638788744004,163.8789712822,37.04445895285,12.993,II/389/ps1_dr2
152581638294624893,163.82943552474,37.15355840377,14.2234,II/389/ps1_dr2
152221641620076477,164.162003,36.854774,10.079,II/389/ps1_dr2
152221641618186114,164.16199219,36.8547871,10.2278,II/389/ps1_dr2
152241642380489315,164.23797337445,36.87389679285,14.6974,II/389/ps1_dr2
152231641144858657,164.11434892,36.8651556,9.9187,II/389/ps1_dr2
152231641148138484,164.11469405,36.86488778,10.642,II/389/ps1_dr2
152231641149488794,164.11499214,36.86538078,10.7723,II/389/ps1_dr2
152341642883579148,164.28829580678,36.95709655657,14.7375,II/389/ps1_dr2
152341642901541546,164.29009490714,36.95075289355,14.181,II/389/ps1_dr2
152411642810802020,164.28105789489,37.0094903842,13.8821,II/389/ps1_dr2
152321640891809344,164.08915389471,36.94060466134,14.3558,II/389/ps1_dr2
152431642088841161,164.20887110953,37.02545052938,14.676,II/389/ps1_dr2
152431643276714232,164.32781631699,37.02796139683,14.1718,II/389/ps1_dr2
152581644936545051,164.49364001783,37.15365284813,13.126,II/389/ps1_dr2
152611642463681177,164.24628288,37.17542747,9.7011,II/389/ps1_dr2
152611642459171168,164.24589551,37.17539342,9.463,II/389/ps1_dr2
152611642457970783,164.24579347,37.17511241,10.1947,II/389/ps1_dr2
152741644138725923,164.41389781682,37.28781275709,14.9921,II/389/ps1_dr2
152801643497502919,164.34976195359,37.3352001254,13.8771,II/389/ps1_dr2
152491640870783981,164.08707202933,37.07783724479,14.4475,II/389/ps1_dr2
152471640793248950,164.07931814391,37.06531010618,13.7659,II/389/ps1_dr2
152661641859038801,164.18577063589,37.22343374683,12.9478,II/389/ps1_dr2
152661641856008849,164.18577438202,37.22342987437,12.963,II/389/ps1_dr2
152761642254699737,164.2256301,37.30756711,14.9225,II/389/ps1_dr2
152761642259479954,164.2258916528,37.30771280459,12.994,II/389/ps1_dr2
152791642535110700,164.2539452,37.32503856,12.9426,II/389/ps1_dr2
152791642539440880,164.25382275,37.32514046,11.67,II/389/ps1_dr2
152851643158616839,164.31588973,37.38007919,11.9421,II/389/ps1_dr2
152851643162317133,164.31640211,37.38042021,10.9834,II/389/ps1_dr2
152851643166097050,164.31635152,37.38028543,10.842,II/389/ps1_dr2
152891641212994438,164.12130868726,37.41149032549,13.7465,II/389/ps1_dr2
152931640928930984,164.09289226344,37.44194358215,14.1746,II/389/ps1_dr2
152871641591762955,164.15919043964,37.39357816996,14.2305,II/389/ps1_dr2
152961641632341289,164.16322452,37.46719256,13.7126,II/389/ps1_dr2
152961641636491334,164.16366074418,37.46724658629,12.043,II/389/ps1_dr2
152661636227476614,163.62273320829,37.22164329634,14.4591,II/389/ps1_dr2
152681636545238365,163.65454188609,37.23976639608,14.4322,II/389/ps1_dr2
152721635895809201,163.58961628,37.27382784,13.9634,II/389/ps1_dr2
152721635899179384,163.58992485539,37.27393631794,12.649,II/389/ps1_dr2
152781636638044688,163.6638030963,37.32001547159,13.451,II/389/ps1_dr2
152651634981730269,163.49829859,37.20807093,9.4963,II/389/ps1_dr2
152691634715254659,163.47151676589,37.24500449148,14.4007,II/389/ps1_dr2
152771635925241346,163.59248975332,37.30888455334,14.6407,II/389/ps1_dr2
152801635003874424,163.50037372525,37.33643783005,14.2979,II/389/ps1_dr2
152861635626003027,163.56258972619,37.38531416181,14.3808,II/389/ps1_dr2
152791634445362260,163.44447773749,37.32629618501,14.7171,II/389/ps1_dr2
152931634049096446,163.4049032773,37.44646310066,14.929,II/389/ps1_dr2
152981635036336530,163.50364255734,37.48821528682,13.7889,II/389/ps1_dr2
153001634459827731,163.44597946791,37.50588312131,14.7311,II/389/ps1_dr2
153021634560827012,163.45611372,37.5219353,11.579,II/389/ps1_dr2
153031634854163991,163.48548874824,37.52777084867,11.734,II/389/ps1_dr2
152761638267116963,163.82683863232,37.30527928105,13.062,II/389/ps1_dr2
152791639249626801,163.92498153,37.33001977,10.623,II/389/ps1_dr2
152791639254666760,163.92546214,37.33013664,11.32,II/389/ps1_dr2
152791639246796510,163.92444454,37.3298745,11.3416,II/389/ps1_dr2
152791639757474465,163.97577546616,37.32818182067,14.8323,II/389/ps1_dr2
152811638715784498,163.8715881567,37.34489276283,13.7625,II/389/ps1_dr2
152821638542283743,163.85424116096,37.35259793116,13.7841,II/389/ps1_dr2
152771637321635256,163.73229816,37.31200078,12.35,II/389/ps1_dr2
152771637323775547,163.7324711,37.31242563,11.024,II/389/ps1_dr2
152771637324524981,163.73245258,37.31197196,12.5305,II/389/ps1_dr2
152771637326255803,163.73289269,37.31250848,11.3124,II/389/ps1_dr2
152751637218568959,163.72183724413,37.29861252946,14.2763,II/389/ps1_dr2
152941639009666514,163.90100014719,37.45487244375,13.4069,II/389/ps1_dr2
152941638037894791,163.80381619302,37.45343469166,13.4585,II/389/ps1_dr2
153051641714657026,164.17146197949,37.54697357596,13.7049,II/389/ps1_dr2
153001639149964868,163.9152814568,37.50344896952,12.5333,II/389/ps1_dr2
153001639153474791,163.91528190946,37.50346140529,12.699,II/389/ps1_dr2
153111639448123837,163.94483258563,37.59432663515,14.6141,II/389/ps1_dr2
153121639065518501,163.90658278709,37.60655267867,14.8331,II/389/ps1_dr2
152901636064345763,163.60641753744,37.42093770869,14.5226,II/389/ps1_dr2
153021636376772976,163.63766882301,37.51859226726,14.6422,II/389/ps1_dr2
153031636485941407,163.64856256886,37.52559647281,13.4294,II/389/ps1_dr2
153061636854220948,163.68539788142,37.55023803606,14.2543,II/389/ps1_dr2
153091637528097963,163.75278112938,37.5810723332,14.6119,II/389/ps1_dr2
153131637368739724,163.73674657283,37.6158800452,12.678,II/389/ps1_dr2
153021635494338270,163.54940511531,37.52300101589,14.6246,II/389/ps1_dr2
153051635770681427,163.57704790177,37.5422980918,13.9865,II/389/ps1_dr2
153121636790812936,163.67935934225,37.60187628214,13.0272,II/389/ps1_dr2
153121636794952946,163.67938871525,37.60188592786,12.991,II/389/ps1_dr2
153141636878410393,163.68781983599,37.61642695017,14.4256,II/389/ps1_dr2
153181637018431531,163.70154719,37.65057357,12.4459,II/389/ps1_dr2
153181637022311463,163.70212702,37.65067861,11.015,II/389/ps1_dr2
153291637618114040,163.76178316712,37.74448708371,14.9507,II/389/ps1_dr2
153371637959313316,163.79588505,37.81048599,11.7464,II/389/ps1_dr2
153371637960103673,163.79581509,37.81098082,10.909,II/389/ps1_dr2
153461638039435868,163.80391932024,37.88768022061,12.31,II/389/ps1_dr2
152951633001697606,163.3002370214,37.46413211629,13.7325,II/389/ps1_dr2
152991633328539751,163.3328913816,37.49934734246,12.614,II/389/ps1_dr2
153111633695046711,163.3694693531,37.5967238855,14.2662,II/389/ps1_dr2
153171633394590717,163.33950338339,37.64173335533,14.0615,II/389/ps1_dr2
153081630532236085,163.053231516,37.5711643894,14.2041,II/389/ps1_dr2
153161629832606737,162.98321306783,37.63839186772,13.9553,II/389/ps1_dr2
153301632468201695,163.24679700815,37.7508514788,14.9727,II/389/ps1_dr2
153261631556928653,163.1556704779,37.7232975294,13.5947,II/389/ps1_dr2
153291630471154794,163.04703772499,37.74508730483,14.9744,II/389/ps1_dr2
153351630159450635,163.01597339678,37.79162396098,13.008,II/389/ps1_dr2
153331631342111553,163.13415872865,37.77574681867,13.9544,II/389/ps1_dr2
153251635201874142,163.52039887,37.71138309,10.5017,II/389/ps1_dr2
153251635205784220,163.52062353,37.71125947,12.8506,II/389/ps1_dr2
153251635210464399,163.52101143,37.71148771,12.5233,II/389/ps1_dr2
153261635264903371,163.52651514,37.71907167,13.3674,II/389/ps1_dr2
153251635199644609,163.52002277,37.71162033,10.5821,II/389/ps1_dr2
153261634405945876,163.44058645273,37.72101355166,14.7543,II/389/ps1_dr2
153411634292820808,163.4293427,37.84194109,12.6224,II/389/ps1_dr2
153411634295391053,163.42967978992,37.84197643752,12.024,II/389/ps1_dr2
153441634931048259,163.49309179895,37.8730206773,13.085,II/389/ps1_dr2
153461634568483046,163.45689054,37.88531987,12.347,II/389/ps1_dr2
153311636537304060,163.65373531845,37.76116986175,13.6125,II/389/ps1_dr2
153311636525037112,163.65249240261,37.76371808728,14.22,II/389/ps1_dr2
153421637400893527,163.74011628534,37.85228313058,12.604,II/389/ps1_dr2
153501636246688493,163.62464990068,37.92320113875,13.9846,II/389/ps1_dr2
153521635596582591,163.55965170519,37.93495803865,14.8881,II/389/ps1_dr2
153571636154240776,163.6154696,37.97507388,11.031,II/389/ps1_dr2
153631635839327749,163.58396004139,38.03092176052,14.2973,II/389/ps1_dr2
153291633132009940,163.31329669082,37.74939665275,13.055,II/389/ps1_dr2
153391633100393585,163.30998872586,37.82744539987,13.4867,II/389/ps1_dr2
153491634176435752,163.41756673768,37.91260429086,14.5217,II/389/ps1_dr2
153581633769560899,163.37698019099,37.9835610331,13.5139,II/389/ps1_dr2
153481631773335132,163.17733768581,37.90376919389,13.5608,II/389/ps1_dr2
153641633345744833,163.33455262779,38.03685146869,14.9081,II/389/ps1_dr2
153591634189752569,163.41892072433,37.99326490203,13.9917,II/389/ps1_dr2
153681634661403905,163.46612409,38.06899438,10.92,II/389/ps1_dr2
153681634665424037,163.4669611,38.06956378,11.6349,II/389/ps1_dr2
153681634656313618,163.46578242,38.06897033,11.9983,II/389/ps1_dr2
153691635067157778,163.50669964,38.08095401896,14.5086,II/389/ps1_dr2
153721634846107667,163.48462953565,38.10583662394,14.7713,II/389/ps1_dr2
153781635767634144,163.57681769226,38.15291474772,13.5947,II/389/ps1_dr2
153791635460784518,163.54613088379,38.16153750448,13.2055,II/389/ps1_dr2
153661634145779668,163.41458503527,38.05752079123,14.2018,II/389/ps1_dr2
153701633904538526,163.39047072634,38.08984911612,14.2212,II/389/ps1_dr2
153821633992071520,163.39921985756,38.18404557342,14.4423,II/389/ps1_dr2
153351628147454198,162.8146953862,37.79463192596,13.5985,II/389/ps1_dr2
153381629659564965,162.96584935541,37.82024744332,14.7474,II/389/ps1_dr2
153431629218919790,162.9218780442,37.86595606835,14.309,II/389/ps1_dr2
153591628673778760,162.86740957323,37.9984101244,14.8198,II/389/ps1_dr2
153591629015707331,162.90163578383,37.99723290392,13.427,II/389/ps1_dr2
153401626967317835,162.69674656042,37.83932618819,12.661,II/389/ps1_dr2
153521627432001568,162.7432425329,37.93409050662,14.47,II/389/ps1_dr2
153551627254105757,162.72544891421,37.96258071836,14.6291,II/389/ps1_dr2
153561627249296578,162.7249407223,37.97159850684,14.9567,II/389/ps1_dr2
153551626752084772,162.6752530836,37.96176176383,14.7799,II/389/ps1_dr2
153631625675441306,162.567626,38.02553947,11.144,II/389/ps1_dr2
153631625677631786,162.56766813,38.02572253,11.1835,II/389/ps1_dr2
153631625670191126,162.56702434,38.02535835,12.1859,II/389/ps1_dr2
153711625898246807,162.58990483,38.09697358,11.399,II/389/ps1_dr2
153631627851403384,162.78518503,38.02726184,13.9343,II/389/ps1_dr2
153631627855473495,162.78552126784,38.02736287786,12.413,II/389/ps1_dr2
153611627181968154,162.71823595066,38.0145707352,14.8176,II/389/ps1_dr2
153731628224756461,162.82253239243,38.11320509267,13.8312,II/389/ps1_dr2
153751628306011407,162.83058105044,38.12558431945,14.0223,II/389/ps1_dr2
153651627073102531,162.70734140763,38.04323873105,14.8987,II/389/ps1_dr2
153691627168621177,162.71688057079,38.07544231752,14.6335,II/389/ps1_dr2
153801627163192032,162.71632289633,38.16783832697,14.1352,II/389/ps1_dr2
153801627358557785,162.73582498439,38.17254272942,14.4003,II/389/ps1_dr2
153691631406169981,163.1406293098,38.08281012452,14.9204,II/389/ps1_dr2
153661632261094939,163.22614415023,38.05359953649,13.9578,II/389/ps1_dr2
153771632408536824,163.24093904453,38.14684045421,12.833,II/389/ps1_dr2
153861631896644110,163.18988475218,38.21957215252,13.005,II/389/ps1_dr2
153861631900194132,163.18995225147,38.21963571271,13.213,II/389/ps1_dr2
153811630679533697,163.06796950102,38.17755458177,13.8915,II/389/ps1_dr2
153821630924303449,163.0924060692,38.1856835959,14.8498,II/389/ps1_dr2
153871632699780755,163.27005956,38.22527261,11.6794,II/389/ps1_dr2
153871632705431449,163.27063111,38.22571108,12.2451,II/389/ps1_dr2
153871632707651710,163.2709387,38.22585397,12.1463,II/389/ps1_dr2
153981633611762630,163.36122810952,38.31833274932,14.0642,II/389/ps1_dr2
153991633952543159,163.39528705056,38.32708975511,14.3254,II/389/ps1_dr2
153961631728588138,163.17289264198,38.30624690567,14.0735,II/389/ps1_dr2
153931630222630469,163.02226157,38.27480089,11.031,II/389/ps1_dr2
153931630225120747,163.02257148,38.27514897,10.8275,II/389/ps1_dr2
154091629978762785,162.99778685485,38.41014660157,13.156,II/389/ps1_dr2
154091629149230392,162.91493459144,38.40816021256,14.4481,II/389/ps1_dr2
154001631467361506,163.14664063,38.33408891,8.3957,II/389/ps1_dr2
154001631456402357,163.14566093,38.33459379,7.9327,II/389/ps1_dr2
154071631460899416,163.14604833,38.39881291,10.2307,II/389/ps1_dr2
154031630867908791,163.08681005283,38.36513567367,14.1743,II/389/ps1_dr2
154091632207059269,163.22073474871,38.41555170551,13.947,II/389/ps1_dr2
154201632513684389,163.25138357712,38.50314579184,14.9007,II/389/ps1_dr2
154171630629684178,163.06301303,38.47800972,11.057,II/389/ps1_dr2
154251630270323091,163.0270198071,38.54375973438,14.4801,II/389/ps1_dr2
152681645034289748,164.50339823041,37.24088965859,11.736,II/389/ps1_dr2
152791644969520545,164.49695131262,37.32490749002,14.072,II/389/ps1_dr2
152931645464919891,164.54668136091,37.44928511615,11.864,II/389/ps1_dr2
152901647007323976,164.70064419,37.41953869,13.7555,II/389/ps1_dr2
152901647008284308,164.70097235692,37.41959751011,12.5624,II/389/ps1_dr2
153011648210686345,164.82105467769,37.51303113323,14.3055,II/389/ps1_dr2
153051648069164818,164.80680450136,37.54512988708,14.741,II/389/ps1_dr2
153101647087445125,164.70876257142,37.58700457486,14.824,II/389/ps1_dr2
153171646927757478,164.69280447166,37.64730104616,14.5233,II/389/ps1_dr2
152971643245357645,164.32448305354,37.48080478586,14.7713,II/389/ps1_dr2
153021644051739984,164.40511800258,37.5244059963,14.4292,II/389/ps1_dr2
153101644252413446,164.42520763735,37.58563656407,14.9715,II/389/ps1_dr2
153141644441248180,164.44411221216,37.62290729283,14.5305,II/389/ps1_dr2
153031642842126667,164.28415686364,37.5300209899,14.9277,II/389/ps1_dr2
153051643068539614,164.30685370526,37.54912941224,13.8018,II/389/ps1_dr2
153181644269106057,164.42692199276,37.65453807145,13.38,II/389/ps1_dr2
153171643666767857,164.36671394,37.64771874,13.4387,II/389/ps1_dr2
153171643670408987,164.36718522,37.64867122,11.5749,II/389/ps1_dr2
153211643090296329,164.30926275,37.67974719,14.72,II/389/ps1_dr2
153171643649079591,164.36496758,37.64901946,14.5845,II/389/ps1_dr2
153231645130842016,164.51322994,37.69270646,11.144,II/389/ps1_dr2
153291643774219314,164.37740688889,37.74891629472,12.946,II/389/ps1_dr2
153431645023369686,164.50254376,37.86578964,10.331,II/389/ps1_dr2
153431645027679553,164.50264727,37.86585884,11.112,II/389/ps1_dr2
153181648939890769,164.89394527,37.65014242,12.886,II/389/ps1_dr2
153201648477147137,164.84760928992,37.67203829155,14.8489,II/389/ps1_dr2
153181648939651670,164.89371419,37.65066709,11.2194,II/389/ps1_dr2
153241648862617777,164.88609219276,37.70589367114,13.5109,II/389/ps1_dr2
153351647875232229,164.78737673888,37.79296741041,13.3687,II/389/ps1_dr2
153331649137661483,164.91368252136,37.77565737,13.427,II/389/ps1_dr2
153381649451152143,164.94509561641,37.81788548954,14.4073,II/389/ps1_dr2
153431648730583446,164.87295864647,37.86058705486,13.8919,II/389/ps1_dr2
153411651093893950,165.10942953734,37.84441089837,14.606,II/389/ps1_dr2
153411650688891146,165.06893935025,37.84203182909,13.217,II/389/ps1_dr2
153481650576498829,165.05767548369,37.90678822309,13.413,II/389/ps1_dr2
153501650081003704,165.00812740089,37.91917581936,13.182,II/389/ps1_dr2
153351647391960780,164.73901965,37.79169528,13.1822,II/389/ps1_dr2
153341647052023076,164.70508406416,37.78533428409,14.7452,II/389/ps1_dr2
153511647263349441,164.72629660124,37.93232501771,13.7025,II/389/ps1_dr2
153521646410094369,164.64098322433,37.93641645219,14.5002,II/389/ps1_dr2
153601647759516502,164.77593292518,38.0048490404,13.22,II/389/ps1_dr2
153641647408763963,164.7407847737,38.03619485766,12.928,II/389/ps1_dr2
153721647078828768,164.70784342779,38.10678287048,14.8445,II/389/ps1_dr2
153561649224011428,164.9223686088,37.96727180066,14.982,II/389/ps1_dr2
153601648760661901,164.87601996,38.00120667,9.628,II/389/ps1_dr2
153601648763332240,164.87619475,38.00135983,10.0233,II/389/ps1_dr2
153621649695822163,164.96952715546,38.0179075972,14.8392,II/389/ps1_dr2
153691650005791642,165.00055341236,38.07581140052,13.8987,II/389/ps1_dr2
153751650012629682,165.00124196937,38.13252059412,14.1253,II/389/ps1_dr2
153841648209865411,164.82080815237,38.20385733508,12.3033,II/389/ps1_dr2
153921649042988894,164.9042839915,38.27355756318,14.3251,II/389/ps1_dr2
153881648642160698,164.86420788566,38.23338452306,14.1333,II/389/ps1_dr2
153111642147684131,164.21471849254,37.59453952073,14.0371,II/389/ps1_dr2
153231642092015821,164.20918191153,37.69596508348,14.6756,II/389/ps1_dr2
153261642136961959,164.21375568,37.71798941,10.383,II/389/ps1_dr2
153261642139331511,164.21394163,37.71753628,10.0327,II/389/ps1_dr2
153261642141071996,164.21432619,37.71798866,10.6579,II/389/ps1_dr2
153261642144531494,164.21432234,37.71736525,11.832,II/389/ps1_dr2
153261641319158765,164.13192023773,37.72342687237,12.368,II/389/ps1_dr2
153331640849631863,164.0849469983,37.77600622463,14.5577,II/389/ps1_dr2
153401641989642339,164.19878124434,37.83468309096,12.9628,II/389/ps1_dr2
153401641990011941,164.19901462,37.83452444,13.738,II/389/ps1_dr2
153511645007294986,164.50071565472,37.92859515369,12.18,II/389/ps1_dr2
153511643452528977,164.34526067724,37.93193205259,14.6468,II/389/ps1_dr2
153521642126363593,164.2126012,37.93573107,11.51,II/389/ps1_dr2
153521642127703188,164.21260901032,37.93567183145,11.4887,II/389/ps1_dr2
153521642130643680,164.21297843,37.93577552,13.9699,II/389/ps1_dr2
153601644312946990,164.43129420354,38.00526174493,14.0525,II/389/ps1_dr2
153631643579503300,164.35792626092,38.0270667946,11.935,II/389/ps1_dr2
153381639339860754,163.93395733877,37.81674476121,14.7216,II/389/ps1_dr2
153481638559532446,163.85592736371,37.90147578471,14.3442,II/389/ps1_dr2
153491638457592180,163.8457345182,37.90959711954,12.9029,II/389/ps1_dr2
153491638461792455,163.84600476233,37.90967173386,12.2403,II/389/ps1_dr2
153531641742275982,164.17425290748,37.94607166654,13.227,II/389/ps1_dr2
153631641302634670,164.13024077308,38.02833283777,14.9116,II/389/ps1_dr2
153731641824850159,164.18248858185,38.10791547735,14.2769,II/389/ps1_dr2
153791642266860944,164.2266678784,38.15857420667,14.0335,II/389/ps1_dr2
153691641088424933,164.10884960789,38.07856776206,14.2644,II/389/ps1_dr2
153711640278496184,164.02784062535,38.09623897351,13.114,II/389/ps1_dr2
153781640506178519,164.05060561819,38.15652148698,12.772,II/389/ps1_dr2
153561644898125212,164.48978955689,37.97044548581,12.595,II/389/ps1_dr2
153651645740976962,164.57407613011,38.04693205182,13.8105,II/389/ps1_dr2
153651645447827546,164.54462297055,38.04728706876,14.3583,II/389/ps1_dr2
153691646504261391,164.65040931,38.07557765,12.041,II/389/ps1_dr2
153721645704650870,164.57039959109,38.1001975869,14.3025,II/389/ps1_dr2
153731645382662570,164.53823874298,38.10994700059,12.987,II/389/ps1_dr2
153781646208242374,164.62081550753,38.15146649581,13.5424,II/389/ps1_dr2
153821646291665163,164.62913552344,38.18711137082,13.5719,II/389/ps1_dr2
153681643997786351,164.39978486174,38.07140540557,13.446,II/389/ps1_dr2
153721643884622137,164.38847081733,38.10119669099,14.8639,II/389/ps1_dr2
153781645663093351,164.56622279003,38.15224790906,14.5938,II/389/ps1_dr2
153841644493348275,164.44932253,38.20633811,14.7593,II/389/ps1_dr2
153841644497448834,164.44977419,38.20698552,10.696,II/389/ps1_dr2
153951648706779388,164.87066814636,38.29896406342,14.6353,II/389/ps1_dr2
153911647566275428,164.75678806,38.26231437,10.017,II/389/ps1_dr2
153911647571105550,164.75709798,38.26226854,10.5595,II/389/ps1_dr2
153951645767713824,164.57679323542,38.29431429113,14.127,II/389/ps1_dr2
154011643984015458,164.39840995,38.34569533,13.834,II/389/ps1_dr2
154011643988775261,164.39899704,38.34552112,12.309,II/389/ps1_dr2
154011643989216057,164.39888578,38.34615614,13.662,II/389/ps1_dr2
154011644111085614,164.41107671318,38.34581073239,14.3925,II/389/ps1_dr2
154061642957530999,164.29572491645,38.38365154693,14.8706,II/389/ps1_dr2
154171646290742646,164.62906930399,38.47664255578,14.1517,II/389/ps1_dr2
154311645450331187,164.54502373569,38.59202889606,13.494,II/389/ps1_dr2
153561652343498941,165.23436454314,37.97362929731,13.17,II/389/ps1_dr2
153631652899621422,165.28994866237,38.02567365123,13.335,II/389/ps1_dr2
153601652656538518,165.26565650662,38.0065875371,14.3648,II/389/ps1_dr2
153701653293498512,165.3293615448,38.0899026662,12.838,II/389/ps1_dr2
153851651930632597,165.1930471165,38.21000091157,14.7049,II/389/ps1_dr2
153751654025365404,165.40250925744,38.1289522451,14.5569,II/389/ps1_dr2
153781653733643901,165.37334022499,38.15270683793,13.991,II/389/ps1_dr2
153821654740519055,165.47394989891,38.19030576799,13.321,II/389/ps1_dr2
153841654480399074,165.44797675788,38.20701136016,14.9424,II/389/ps1_dr2
153931654808779179,165.48076139752,38.28210830509,13.112,II/389/ps1_dr2
153941655416977318,165.54159925376,38.2888890025,14.9496,II/389/ps1_dr2
153941653204396768,165.3204303432,38.28845667794,14.7936,II/389/ps1_dr2
153911653718657533,165.37207924,38.26424527,12.9201,II/389/ps1_dr2
153971652611686132,165.26108980243,38.31318869479,14.0237,II/389/ps1_dr2
154051654642307603,165.46415631053,38.38082769287,14.3542,II/389/ps1_dr2
153821650290744302,165.02906561975,38.18638176481,14.4446,II/389/ps1_dr2
153901650946298367,165.09461297894,38.25642067107,13.3564,II/389/ps1_dr2
153851651431786401,165.14317426197,38.21316269675,14.666,II/389/ps1_dr2
153901651640310932,165.16393270461,38.25001411395,11.4904,II/389/ps1_dr2
153921651355453825,165.1355517,38.269343,13.5721,II/389/ps1_dr2
153921651379034611,165.13776934,38.26983078,10.1996,II/389/ps1_dr2
153921651386035236,165.13859577,38.27038579,9.362,II/389/ps1_dr2
153921651389645290,165.13896153,38.27054872,9.1924,II/389/ps1_dr2
153911651041086316,165.10398144,38.26307235,11.1172,II/389/ps1_dr2
153991650085482023,165.00849583104,38.32614720257,13.5925,II/389/ps1_dr2
154081650207279728,165.02070476459,38.4075670939,14.3707,II/389/ps1_dr2
154101652460590473,165.24600755122,38.41660450264,14.014,II/389/ps1_dr2
154171651514729062,165.15157733,38.48190273,11.4192,II/389/ps1_dr2
154171651518088767,165.15179874,38.48176145,11.553,II/389/ps1_dr2
154171651519419078,165.15207303,38.48201601,13.5721,II/389/ps1_dr2
154171651524108487,165.15221633,38.48154589,12.726,II/389/ps1_dr2
154241651556068547,165.15547338,38.53955954,11.1382,II/389/ps1_dr2
154241651561218356,165.15599655,38.54016403,11.3895,II/389/ps1_dr2
154241651576808432,165.15757551795,38.53981190099,13.0069,II/389/ps1_dr2
154351652713444456,165.27126057919,38.62816606153,14.5226,II/389/ps1_dr2
154361651938891116,165.19381454473,38.63376669174,13.354,II/389/ps1_dr2
154101655685662413,165.5685497,38.41851163,11.9333,II/389/ps1_dr2
154101655687943103,165.56865805,38.41869405,11.9886,II/389/ps1_dr2
154101655696543542,165.56959364,38.41900901,11.9079,II/389/ps1_dr2
154181657412551950,165.74115779929,38.48437916428,13.3,II/389/ps1_dr2
154211656923993838,165.69237901,38.51091797,10.954,II/389/ps1_dr2
154211656918503727,165.69185823,38.51091681,11.597,II/389/ps1_dr2
154161654347253807,165.43467548503,38.4693171257,14.7355,II/389/ps1_dr2
154181654424474149,165.44238614034,38.48626501324,13.863,II/389/ps1_dr2
154281655094655755,165.50964854,38.57100972,11.107,II/389/ps1_dr2
154281655098135899,165.50994925,38.57120881,11.8392,II/389/ps1_dr2
154281655102535916,165.51037248,38.57094996,12.8418,II/389/ps1_dr2
154241655460053347,165.54596630161,38.5355739831,13.5665,II/389/ps1_dr2
154351655927235808,165.59269343307,38.62927456919,14.0172,II/389/ps1_dr2
154301658250387689,165.82498809006,38.58924236641,12.1,II/389/ps1_dr2
154311658278820425,165.82789437092,38.59147557969,12.89,II/389/ps1_dr2
154421656608930085,165.66090074395,38.6828703692,12.821,II/389/ps1_dr2
154411656181314110,165.61811659101,38.67787381229,14.1519,II/389/ps1_dr2
154601657945474914,165.79461981,38.83666668,10.225,II/389/ps1_dr2
154601657947205255,165.79460756,38.83710907,10.729,II/389/ps1_dr2
154601657951234932,165.79495784,38.83698157,10.7531,II/389/ps1_dr2
154331653438391842,165.34376464441,38.6093296264,14.1519,II/389/ps1_dr2
154421655499141387,165.55009151704,38.68411388296,13.2295,II/389/ps1_dr2
154421655502201591,165.55011027645,38.68410846211,13.1891,II/389/ps1_dr2
154451655354272243,165.53535580651,38.70965042997,14.4252,II/389/ps1_dr2
154381654543941153,165.45432481272,38.65045442243,12.805,II/389/ps1_dr2
154481653072557744,165.30719613516,38.73926355551,12.25,II/389/ps1_dr2
154561656475301207,165.64772174095,38.8002843054,12.2215,II/389/ps1_dr2
154561655461149933,165.54606438433,38.80770118922,14.9266,II/389/ps1_dr2
154571655588302682,165.55879697576,38.80997334568,14.9523,II/389/ps1_dr2
154561656732295431,165.67320808476,38.8039181352,14.8154,II/389/ps1_dr2
154651657011094189,165.70105226241,38.87789959561,14.1106,II/389/ps1_dr2
154661656415467055,165.64152695865,38.88861628114,14.3121,II/389/ps1_dr2
154661656424107133,165.64234454314,38.88866772648,14.299,II/389/ps1_dr2
154681656427500884,165.6427297258,38.90015678797,14.9651,II/389/ps1_dr2
154601654973657609,165.4973019091,38.83909248257,14.6513,II/389/ps1_dr2
154661654868472216,165.48679665831,38.88461451833,14.5946,II/389/ps1_dr2
154721655957678898,165.59574024278,38.94017071716,14.7724,II/389/ps1_dr2
154771656434798587,165.64344657294,38.9815687314,14.7196,II/389/ps1_dr2
154031649208271916,164.92081773812,38.35939450695,12.744,II/389/ps1_dr2
154151650121004885,165.01207089512,38.46185506189,14.4004,II/389/ps1_dr2
154121647582939145,164.75828716063,38.44040521538,14.1789,II/389/ps1_dr2
154301648455305358,164.84552705093,38.5872425388,14.9276,II/389/ps1_dr2
154321648218536871,164.82176207,38.60512247,11.9412,II/389/ps1_dr2
154251650783819371,165.07833182341,38.54892782665,14.1271,II/389/ps1_dr2
154311650859123192,165.08587672187,38.5937596503,13.8533,II/389/ps1_dr2
154331650359495887,165.03592102144,38.61267520032,13.338,II/389/ps1_dr2
154351650333923960,165.03335921472,38.6277478451,14.84,II/389/ps1_dr2
154331651232529429,165.12322477033,38.61563909099,13.3038,II/389/ps1_dr2
154461651516256463,165.15154773435,38.72150169085,13.163,II/389/ps1_dr2
154441650446994134,165.04465963856,38.70289237271,14.2444,II/389/ps1_dr2
154491650247884912,165.02476316454,38.74520123952,13.8116,II/389/ps1_dr2
154411648278262140,164.82783164322,38.67619970184,13.6937,II/389/ps1_dr2
154451645964026034,164.59641331046,38.71273867606,12.949,II/389/ps1_dr2
154581647052770830,164.70528939247,38.81681094195,14.8507,II/389/ps1_dr2
154541648628444606,164.86286537415,38.7866018962,14.6802,II/389/ps1_dr2
154521648158076424,164.81582222159,38.77146569137,14.8818,II/389/ps1_dr2
154641650197823841,165.01967185919,38.86927627444,13.6386,II/389/ps1_dr2
154621649020236471,164.90184782,38.85488427,11.094,II/389/ps1_dr2
154621649014936675,164.90175,38.85520544,10.859,II/389/ps1_dr2
154721648080555063,164.80806622903,38.93698024839,14.596,II/389/ps1_dr2
154731652401526337,165.2402153376,38.94633681092,12.093,II/389/ps1_dr2
154731652404495983,165.24027482,38.94600997,14.074,II/389/ps1_dr2
154731652406286374,165.24060811,38.94645758,13.6357,II/389/ps1_dr2
154851653230424668,165.32302472613,39.04497045451,13.458,II/389/ps1_dr2
154861652524953053,165.25242981936,39.05200601904,14.9981,II/389/ps1_dr2
154931653427547185,165.34271093007,39.11373699453,13.06,II/389/ps1_dr2
154971654459951634,165.44601542367,39.14247603048,14.8447,II/389/ps1_dr2
154991653378411069,165.33742661,39.15889061,10.9372,II/389/ps1_dr2
154991653382440632,165.33825657,39.15857657,10.7792,II/389/ps1_dr2
154691650608309327,165.06075566796,38.91558909825,14.6633,II/389/ps1_dr2
154731651042013782,165.10413765055,38.94424604935,12.986,II/389/ps1_dr2
154791651627947276,165.16269803,38.99716555,11.5298,II/389/ps1_dr2
154931651548278572,165.15481954066,39.11491778582,13.6173,II/389/ps1_dr2
154871649633534560,164.96329819799,39.06156893401,14.3333,II/389/ps1_dr2
154901649732171723,164.97319914533,39.08420139584,14.6564,II/389/ps1_dr2
154981653120152062,165.3121694,39.15106205,11.887,II/389/ps1_dr2
154981653124061809,165.31239808,39.15094566,11.9559,II/389/ps1_dr2
155011653050125452,165.30500652756,39.17900888013,14.4779,II/389/ps1_dr2
154981651994050891,165.19938091869,39.1501695135,14.4897,II/389/ps1_dr2
155051652106283151,165.2103934,39.21038563,12.6712,II/389/ps1_dr2
155051652109872535,165.21049696,39.21004329,12.4897,II/389/ps1_dr2
155071652798165850,165.27994304073,39.22929326704,12.807,II/389/ps1_dr2
155151653299783287,165.32994969526,39.29389785821,14.7873,II/389/ps1_dr2
155121652187656795,165.21871068639,39.27179505377,13.376,II/389/ps1_dr2
155141651857234341,165.18564962104,39.28643190884,14.8321,II/389/ps1_dr2
155111651130015658,165.11299404511,39.2625297574,14.5353,II/389/ps1_dr2
155171652321158445,165.23208913462,39.31485617872,13.4685,II/389/ps1_dr2
155191651691059787,165.16906836,39.33263227,14.8491,II/389/ps1_dr2
155191651699389659,165.17003606588,39.33252209043,11.185,II/389/ps1_dr2
155201651659534637,165.16590737939,39.33668162098,14.7183,II/389/ps1_dr2
155241651835713449,165.1835343812,39.36900195103,14.0049,II/389/ps1_dr2
153591637606194787,163.7606252095,37.9951213566,14.9601,II/389/ps1_dr2
153641638354535447,163.83544113493,38.03734422703,14.5896,II/389/ps1_dr2
153671638586837436,163.85868172898,38.06400795715,12.22,II/389/ps1_dr2
153671638589577715,163.8586917,38.06429447,14.699,II/389/ps1_dr2
153671638591117302,163.85908882,38.06390453,13.7013,II/389/ps1_dr2
153731636740211668,163.67410228748,38.10917730232,14.1605,II/389/ps1_dr2
153911640516826418,164.05167292188,38.26313350888,14.8832,II/389/ps1_dr2
154031640874638533,164.08744840105,38.364907214,13.3817,II/389/ps1_dr2
153961638360763165,163.83606427512,38.30208258219,12.996,II/389/ps1_dr2
153911637845047612,163.78449232327,38.26413385026,14.6553,II/389/ps1_dr2
153901636058944041,163.6059428628,38.25286223158,14.5442,II/389/ps1_dr2
153951635418053048,163.54182917822,38.2936660253,14.7589,II/389/ps1_dr2
153991635239386489,163.52393417267,38.32985534026,13.314,II/389/ps1_dr2
154101636845888712,163.68456214638,38.42338988978,12.423,II/389/ps1_dr2
154121636614444690,163.66128905,38.43665039,11.668,II/389/ps1_dr2
154081637499631001,163.75006569,38.39988403,13.6881,II/389/ps1_dr2
154081637499290376,163.74997432717,38.39967904565,12.1964,II/389/ps1_dr2
154081637495740468,163.74950037,38.39972739,13.2023,II/389/ps1_dr2
154171639104138364,163.91046962,38.4814134,12.6979,II/389/ps1_dr2
154171639106378895,163.9106107,38.48186044,14.2088,II/389/ps1_dr2
154171639108148507,163.9107855,38.48156791,11.6972,II/389/ps1_dr2
154171639110068817,163.91084126,38.48186916,11.7554,II/389/ps1_dr2
154171639114398249,163.9111815,38.4814507,12.0083,II/389/ps1_dr2
154151637904464272,163.79036830283,38.46137396856,14.6859,II/389/ps1_dr2
154151637916594819,163.79158870067,38.46183299688,14.8511,II/389/ps1_dr2
154161638086909927,163.80888373508,38.47450584842,13.954,II/389/ps1_dr2
154181637241365902,163.72414684861,38.48773651987,14.2786,II/389/ps1_dr2
154211638333303548,163.83334266431,38.51078315331,14.1822,II/389/ps1_dr2
154261637977822042,163.79781903,38.55119578255,14.8711,II/389/ps1_dr2
154141641500619566,164.14996879248,38.45739204138,13.329,II/389/ps1_dr2
154211642984997530,164.29846541385,38.51406421351,13.9141,II/389/ps1_dr2
154141642317408955,164.23171443726,38.45694345304,14.1892,II/389/ps1_dr2
154211642542866781,164.25429440917,38.51342640637,13.137,II/389/ps1_dr2
154141641092902342,164.10923949637,38.45139567151,14.1103,II/389/ps1_dr2
154211640603151750,164.06023844,38.509295,10.7121,II/389/ps1_dr2
154211640598512026,164.0598176,38.50943228,10.809,II/389/ps1_dr2
154331641371018921,164.13713129545,38.61522011212,14.1642,II/389/ps1_dr2
154361641822538652,164.18226211554,38.63997564712,14.8844,II/389/ps1_dr2
154311643171973843,164.3171400828,38.59418352436,12.602,II/389/ps1_dr2
154321644397737731,164.43979206876,38.60590494647,13.8202,II/389/ps1_dr2
154391645053166959,164.50533034863,38.66357929767,14.1205,II/389/ps1_dr2
154451644856092725,164.48564070966,38.71000629234,11.887,II/389/ps1_dr2
154451644860732567,164.48616562,38.70979619,12.0702,II/389/ps1_dr2
154361642812565795,164.28126723313,38.63757269192,13.277,II/389/ps1_dr2
154531644317656613,164.43178454877,38.77999435642,14.1329,II/389/ps1_dr2
154551642952700414,164.29527015,38.79147218,12.8125,II/389/ps1_dr2
154541642957599481,164.29574824,38.79068657,13.1615,II/389/ps1_dr2
154241640293124237,164.02932573494,38.5361469756,12.836,II/389/ps1_dr2
154291639562715154,163.95631829334,38.5787819331,14.1301,II/389/ps1_dr2
154321639447286060,163.94484960228,38.60452378806,14.6899,II/389/ps1_dr2
154441641370539910,164.13707174839,38.70769068537,13.8891,II/389/ps1_dr2
154311639177839522,163.91782299106,38.59908691022,14.5448,II/389/ps1_dr2
154431639826525958,163.98267902751,38.69608423116,14.9046,II/389/ps1_dr2
154521640696086438,164.06963677045,38.77147290668,14.1643,II/389/ps1_dr2
154531640191166041,164.01911133937,38.77938597527,12.901,II/389/ps1_dr2
154521642609378507,164.26094690555,38.77321065361,12.598,II/389/ps1_dr2
154531642190743113,164.21908565782,38.77703971789,14.4226,II/389/ps1_dr2
154511641379448639,164.13795223707,38.76497852109,14.5457,II/389/ps1_dr2
154541641378198527,164.13783311347,38.78988404549,14.5603,II/389/ps1_dr2
154561641927914717,164.19280551437,38.80336527621,14.2771,II/389/ps1_dr2
154621642794581605,164.27945442064,38.85081373522,14.4676,II/389/ps1_dr2
154721642438068979,164.24380367911,38.94029449684,14.4519,II/389/ps1_dr2
154691640469159230,164.04690072578,38.91547433592,14.029,II/389/ps1_dr2
154691641983397656,164.19826227061,38.9141771761,12.1687,II/389/ps1_dr2
154101635161231517,163.5161368422,38.41739615932,14.5119,II/389/ps1_dr2
154131635464240192,163.54642915956,38.44128457945,13.475,II/389/ps1_dr2
154181635800648823,163.58007479617,38.49014581594,13.8433,II/389/ps1_dr2
154271635560580715,163.55602943586,38.5583823245,14.9536,II/389/ps1_dr2
154101633870066387,163.38701001125,38.42147334571,14.528,II/389/ps1_dr2
154251635097502459,163.50970878874,38.5431748837,14.4545,II/389/ps1_dr2
154201636483704517,163.64837491593,38.50323904557,13.9803,II/389/ps1_dr2
154311635856378573,163.58563873737,38.59826132197,14.7151,II/389/ps1_dr2
154341636036033776,163.60357717122,38.61920079363,13.4531,II/389/ps1_dr2
154381637789791389,163.77903378364,38.65063387281,14.1518,II/389/ps1_dr2
154391636078872029,163.60785756,38.65950186,11.1969,II/389/ps1_dr2
154391636080093310,163.60827602,38.66056499,12.6668,II/389/ps1_dr2
154391636084961923,163.60840313,38.65964881,10.1107,II/389/ps1_dr2
154511635867331058,163.58670709834,38.75864935171,13.1157,II/389/ps1_dr2
154281632660284984,163.26600231257,38.57029452189,13.6389,II/389/ps1_dr2
154291632749988139,163.27502372679,38.58124844737,14.7604,II/389/ps1_dr2
154321632556521590,163.25570789351,38.60079992929,14.0312,II/389/ps1_dr2
154371633796953170,163.37971532628,38.6437723306,14.5738,II/389/ps1_dr2
154451632117842974,163.2117770205,38.71026285962,14.8692,II/389/ps1_dr2
154531633335500085,163.33359341646,38.77453087018,14.2052,II/389/ps1_dr2
154601636058009944,163.60579262921,38.84109084768,14.1903,II/389/ps1_dr2
154611635179205838,163.51788433,38.84598323,13.0888,II/389/ps1_dr2
154611635184496454,163.51870776,38.84639938,11.097,II/389/ps1_dr2
154671634626444338,163.46263921447,38.89474916328,13.482,II/389/ps1_dr2
154611637425854323,163.74259891027,38.84473141202,13.5726,II/389/ps1_dr2
154651637713644549,163.7713610156,38.87825386534,13.9581,II/389/ps1_dr2
154661636651811750,163.66515848449,38.88427343135,14.9274,II/389/ps1_dr2
154831638419123624,163.84189350339,39.02749233,13.471,II/389/ps1_dr2
154721639544304380,163.9544010616,38.93642350996,13.8348,II/389/ps1_dr2
154781639596972989,163.95970876627,38.98525760714,13.449,II/389/ps1_dr2
154781639616732433,163.96168400418,38.98480928625,13.2462,II/389/ps1_dr2
154921641043975558,164.10437166494,39.10417046844,12.8414,II/389/ps1_dr2
154871638467168211,163.84663410594,39.06460673523,14.446,II/389/ps1_dr2
154881638471230071,163.8471875447,39.06628880043,12.411,II/389/ps1_dr2
154961639901072645,163.99014941188,39.13497759521,13.9628,II/389/ps1_dr2
154961640449228663,164.04494517798,39.13999087658,14.9058,II/389/ps1_dr2
154731636630033696,163.66299397969,38.94423222415,13.416,II/389/ps1_dr2
154761636762725329,163.6762301,38.97048189,12.324,II/389/ps1_dr2
154761636764125019,163.67633042,38.9704595,12.8932,II/389/ps1_dr2
154791636625576992,163.66248715,38.99694587,12.4978,II/389/ps1_dr2
154791636626617334,163.66265431,38.99717046,11.829,II/389/ps1_dr2
154851637884626834,163.78846390935,39.04682744357,13.454,II/389/ps1_dr2
154951636467100872,163.64668005085,39.12520467887,14.8552,II/389/ps1_dr2
154991636362796018,163.6362526929,39.16281669878,14.3882,II/389/ps1_dr2
155001636302645305,163.63013282464,39.17048908243,13.0997,II/389/ps1_dr2
155001636306265481,163.63062024948,39.1707130874,12.625,II/389/ps1_dr2
155031637980271158,163.79801048409,39.19210394656,13.8497,II/389/ps1_dr2
155031638904047711,163.89041789196,39.19758964633,13.8195,II/389/ps1_dr2
155121638580066325,163.85800853459,39.27141572569,14.8045,II/389/ps1_dr2
155051637099022230,163.70988947238,39.20965422544,14.5578,II/389/ps1_dr2
155171637739758913,163.77395326992,39.31520250967,14.9976,II/389/ps1_dr2
155161638074918692,163.80745826962,39.30667515094,14.4899,II/389/ps1_dr2
154501645184579822,164.51847733723,38.75766814794,14.6029,II/389/ps1_dr2
154581645346672786,164.53463873896,38.81851734172,13.222,II/389/ps1_dr2
154631646147639898,164.61475486253,38.8660503577,14.0715,II/389/ps1_dr2
154631646193737618,164.61936315344,38.86413120411,13.8495,II/389/ps1_dr2
154651644158405995,164.41584238642,38.87944100601,12.956,II/389/ps1_dr2
154651644158945620,164.41579643254,38.87928316501,13.0496,II/389/ps1_dr2
154681644464472746,164.44637241763,38.90163129462,13.7705,II/389/ps1_dr2
154711647574306265,164.75745435146,38.92965257073,13.608,II/389/ps1_dr2
154741647725213327,164.77253188144,38.95222318665,14.1653,II/389/ps1_dr2
154771646741809480,164.67413978,38.98224791,9.347,II/389/ps1_dr2
154811647406662417,164.74064507702,39.00980357041,14.9822,II/389/ps1_dr2
154951648007764908,164.80078838268,39.12855211313,14.5835,II/389/ps1_dr2
154861645505523484,164.5505464,39.05259387,13.1439,II/389/ps1_dr2
154941645972284839,164.59728066,39.11999704,12.9587,II/389/ps1_dr2
154941645972385660,164.59720459,39.1208158,12.4071,II/389/ps1_dr2
154941645970635190,164.59702166,39.12037725,11.015,II/389/ps1_dr2
154851643435144398,164.34341521905,39.04477033785,13.6806,II/389/ps1_dr2
154811644326673998,164.43261835758,39.01111026196,14.2644,II/389/ps1_dr2
154841644311013848,164.43104649466,39.03592454394,12.196,II/389/ps1_dr2
154941644201091997,164.42001861396,39.11781162351,13.354,II/389/ps1_dr2
154981643331478930,164.33304458821,39.15687336065,12.52,II/389/ps1_dr2
155001643396529305,164.33955795372,39.17388439291,14.9361,II/389/ps1_dr2
155051643671154889,164.36699162757,39.21188496035,14.3659,II/389/ps1_dr2
155031643382878307,164.33819334901,39.19805434112,14.7771,II/389/ps1_dr2
154991644691463578,164.46909944644,39.16074539819,14.6347,II/389/ps1_dr2
155111646260229707,164.62599205762,39.26584460897,14.9981,II/389/ps1_dr2
155191644621315281,164.46208495,39.32884549094,13.549,II/389/ps1_dr2
155271644872616490,164.48717795011,39.3965242828,14.8603,II/389/ps1_dr2
154961649432539333,164.94326343418,39.14058411967,14.6,II/389/ps1_dr2
154961648459779371,164.84591337486,39.14061458115,13.083,II/389/ps1_dr2
155051649947808742,164.99479345226,39.21509434338,13.496,II/389/ps1_dr2
155091647547600660,164.75481539,39.24179579,12.7314,II/389/ps1_dr2
155091647552830608,164.75516368,39.24178742,10.274,II/389/ps1_dr2
155091647556540499,164.75545706,39.24169002,10.559,II/389/ps1_dr2
155091647553020129,164.75500155,39.24111673,12.2352,II/389/ps1_dr2
155181649044454517,164.90443727253,39.31990485487,14.8245,II/389/ps1_dr2
155211649052210619,164.905338574,39.34161232106,12.939,II/389/ps1_dr2
155241651127698819,165.11273369353,39.37349323337,14.9096,II/389/ps1_dr2
155281651205527962,165.12050158003,39.40612662644,14.0269,II/389/ps1_dr2
155311651513259257,165.15130167475,39.43220361355,14.79,II/389/ps1_dr2
155331651983348947,165.19827781597,39.44861544537,13.9509,II/389/ps1_dr2
155341651593891329,165.1593643656,39.4505985776,14.4834,II/389/ps1_dr2
155391649504319124,164.95045470542,39.49876673698,13.7709,II/389/ps1_dr2
155401649361251661,164.93613734473,39.50088548311,13.9526,II/389/ps1_dr2
155531650757607938,165.07576795308,39.61435731874,14.5946,II/389/ps1_dr2
155231646700402896,164.67001699017,39.36018935886,13.8526,II/389/ps1_dr2
155371648526976418,164.85270024871,39.47983870276,14.1682,II/389/ps1_dr2
155261646416919943,164.64165879642,39.39105880751,14.8213,II/389/ps1_dr2
155401646572525402,164.65717038387,39.50398062164,13.5692,II/389/ps1_dr2
155421647502221321,164.75022643178,39.51724017352,14.1411,II/389/ps1_dr2
155461646865756135,164.68657869137,39.5545667803,14.4471,II/389/ps1_dr2
155381648715633162,164.87156603105,39.48546722816,13.432,II/389/ps1_dr2
155461648143366653,164.81434954068,39.55504345214,14.6643,II/389/ps1_dr2
155461648344179306,164.83443880081,39.55725229148,14.1347,II/389/ps1_dr2
155481649015549320,164.90149451229,39.57379308601,13.7712,II/389/ps1_dr2
155501649756896423,164.97571026602,39.58817911341,14.9268,II/389/ps1_dr2
155571648980931196,164.8981218305,39.64215144514,14.9037,II/389/ps1_dr2
155491647679676350,164.76793177033,39.5797688925,12.597,II/389/ps1_dr2
155561647453221933,164.74532286285,39.63443152415,14.2986,II/389/ps1_dr2
155601648676259515,164.86765621313,39.67410157824,14.7675,II/389/ps1_dr2
155651648738388305,164.873949,39.714615,12.1,II/389/ps1_dr2
155651648742298224,164.8741940859,39.71458602079,11.815,II/389/ps1_dr2
155651648743097525,164.8743345,39.71423989,13.9861,II/389/ps1_dr2
155681648493422532,164.84938322655,39.7349422986,14.6803,II/389/ps1_dr2
155771648751411931,164.87517385534,39.80942864466,14.0878,II/389/ps1_dr2
154941641750822226,164.17507485327,39.11798609862,14.0895,II/389/ps1_dr2
154991640942544975,164.09420689229,39.16185274502,13.048,II/389/ps1_dr2
155131642025780403,164.20249334,39.27474943,13.6319,II/389/ps1_dr2
155131642027140000,164.20274294,39.27445493,13.7316,II/389/ps1_dr2
155121642609894795,164.26082787329,39.27008072839,13.069,II/389/ps1_dr2
155141642819699119,164.28190195081,39.29038100467,13.347,II/389/ps1_dr2
155121641648823121,164.16485748938,39.26871430964,13.4032,II/389/ps1_dr2
155101640317009993,164.03172762685,39.25778121015,14.2596,II/389/ps1_dr2
155121643439405659,164.34376759106,39.27085216257,14.8772,II/389/ps1_dr2
155211643027380672,164.30267495633,39.34168741509,14.9971,II/389/ps1_dr2
155301644108126137,164.41085173556,39.42122996183,12.333,II/389/ps1_dr2
155371644111727181,164.41130663,39.48038324,13.3271,II/389/ps1_dr2
155371644115647076,164.41149311,39.48046894,11.404,II/389/ps1_dr2
155371644122356831,164.4121992,39.48015296,14.9668,II/389/ps1_dr2
155341642478841955,164.24785472348,39.45109587303,14.3736,II/389/ps1_dr2
155321642050014936,164.20497888483,39.43691182302,14.3084,II/389/ps1_dr2
155211640681491344,164.06815774931,39.34222470407,13.31,II/389/ps1_dr2
155211640289147503,164.02891842272,39.34738097467,14.1897,II/389/ps1_dr2
155311640064397710,164.00639238713,39.43084747506,13.387,II/389/ps1_dr2
155291640585071442,164.0586156,39.4089824,12.038,II/389/ps1_dr2
155331641100149854,164.11001772228,39.44933034709,14.4927,II/389/ps1_dr2
155331638445989550,163.84458675422,39.44908572137,12.684,II/389/ps1_dr2
155511640418173554,164.04179871373,39.59405382278,14.8986,II/389/ps1_dr2
155481641303891573,164.13037610633,39.56742196553,14.8714,II/389/ps1_dr2
155531641225795101,164.12257149517,39.61205147813,13.7605,II/389/ps1_dr2
155661641855392423,164.18562476021,39.71813244396,13.041,II/389/ps1_dr2
155681642295787464,164.2295425,39.73908941,8.3947,II/389/ps1_dr2
155771641943022124,164.19429991,39.80952294,12.9496,II/389/ps1_dr2
155771641912154905,164.19109728,39.81185875,9.7899,II/389/ps1_dr2
155771641906124454,164.19084984,39.81133327,7.7127,II/389/ps1_dr2
155401645768425794,164.57652042,39.50432455,14.3822,II/389/ps1_dr2
155511645589706782,164.55901455113,39.59676535065,13.4434,II/389/ps1_dr2
155521646285742478,164.62863843743,39.60151228399,14.4094,II/389/ps1_dr2
155541646600551362,164.66012474017,39.61726048173,12.77,II/389/ps1_dr2
155601646817221768,164.68157537,39.66758949,11.5288,II/389/ps1_dr2
155601646820821696,164.6819658,39.66757209,11.151,II/389/ps1_dr2
155601646828270772,164.68285335696,39.66680088431,14.4099,II/389/ps1_dr2
155611645616160225,164.56163033238,39.67465067706,14.5995,II/389/ps1_dr2
155561644393645952,164.43930806865,39.63776024261,14.2834,II/389/ps1_dr2
155571645037943862,164.50381123037,39.64434615248,14.9407,II/389/ps1_dr2
155631645436192637,164.54363442416,39.69333487057,14.4928,II/389/ps1_dr2
155761645070245258,164.50701208387,39.80386267798,13.321,II/389/ps1_dr2
155721647551191568,164.75516023706,39.76745484434,14.9986,II/389/ps1_dr2
155651646494802971,164.6495294643,39.71029528476,14.8528,II/389/ps1_dr2
155711646998572917,164.69984928409,39.76023632633,14.4281,II/389/ps1_dr2
155831648305157041,164.83063774444,39.86375320856,13.6227,II/389/ps1_dr2
155801646235576295,164.62360642325,39.83805903776,14.7341,II/389/ps1_dr2
155891647341416410,164.73409674581,39.91315507962,13.8272,II/389/ps1_dr2
155631643263643182,164.32642526849,39.69379183035,13.9416,II/389/ps1_dr2
155711643552641167,164.3552466746,39.7587641401,14.8635,II/389/ps1_dr2
155821644349630663,164.43495246636,39.85003184237,14.7692,II/389/ps1_dr2
155781642831003023,164.28309796913,39.8186497003,14.6182,II/389/ps1_dr2
155771643163507082,164.3163451673,39.81369848807,14.5948,II/389/ps1_dr2
155861643547422001,164.35473127945,39.88446422834,13.6728,II/389/ps1_dr2
155941645265668593,164.52635791,39.95676702,11.8331,II/389/ps1_dr2
155941645261658748,164.52649756,39.95661829,11.213,II/389/ps1_dr2
155981644033161057,164.40332612418,39.98367232739,14.7627,II/389/ps1_dr2
153731625628801068,162.56292248501,38.1087037178,14.4195,II/389/ps1_dr2
153771624740077581,162.47399230218,38.1474616109,14.6859,II/389/ps1_dr2
153771625678588294,162.56789645181,38.14806819162,14.1309,II/389/ps1_dr2
153811625481506372,162.54820159769,38.17986258513,12.477,II/389/ps1_dr2
153811625541381839,162.55422581526,38.17599991243,13.152,II/389/ps1_dr2
153921626244893733,162.62463968579,38.26927945195,12.307,II/389/ps1_dr2
153961627245628666,162.72463994,38.30659417,13.1036,II/389/ps1_dr2
153961627250979169,162.72509532,38.30720398,9.709,II/389/ps1_dr2
153961627249878711,162.72504841,38.30686133,10.185,II/389/ps1_dr2
153961627254858598,162.72523436,38.30688234,9.4267,II/389/ps1_dr2
153971626643223055,162.66435392476,38.31034662273,14.7834,II/389/ps1_dr2
153881624874197783,162.48741201994,38.23927731101,14.5167,II/389/ps1_dr2
153941625366628690,162.53668166498,38.29004458153,14.7613,II/389/ps1_dr2
153811622784323881,162.27842279,38.17771962,11.0534,II/389/ps1_dr2
154041621390997207,162.13916962138,38.372152787,14.4637,II/389/ps1_dr2
154001622624445325,162.26249206713,38.33725494463,14.4143,II/389/ps1_dr2
154081622948352189,162.29486813107,38.40130285289,14.5678,II/389/ps1_dr2
154051622011304454,162.20119829117,38.3781946449,14.1,II/389/ps1_dr2
154121621960511591,162.19626745,38.43393508,14.0179,II/389/ps1_dr2
154121621961141221,162.19619890956,38.43383354143,12.527,II/389/ps1_dr2
153991624272592727,162.42731648155,38.32671874307,14.5491,II/389/ps1_dr2
154061624575035126,162.45756478825,38.38706525989,14.6491,II/389/ps1_dr2
154091624772304938,162.47727440344,38.41191423328,14.056,II/389/ps1_dr2
154091624694814900,162.46952742572,38.41189323711,14.3363,II/389/ps1_dr2
154181625091796474,162.50914235519,38.4882141011,14.2379,II/389/ps1_dr2
154181625548940970,162.55483295669,38.48362041629,14.6043,II/389/ps1_dr2
154171624640393610,162.46404763407,38.47747792228,14.2551,II/389/ps1_dr2
154211624540171295,162.45401314237,38.50884172905,14.8543,II/389/ps1_dr2
154271625185435613,162.51851085508,38.56248622989,13.229,II/389/ps1_dr2
154141623414278194,162.34145949479,38.45631948175,13.6043,II/389/ps1_dr2
154181623697672172,162.36984921851,38.48464601443,13.446,II/389/ps1_dr2
154241623531920435,162.35315836927,38.53316289297,14.2179,II/389/ps1_dr2
154351623790683732,162.37908317561,38.62760958889,14.0638,II/389/ps1_dr2
154011627920986351,162.79227255,38.34632612,11.5311,II/389/ps1_dr2
154011627924106171,162.79237185,38.34638406,11.435,II/389/ps1_dr2
154141627956623327,162.7957112454,38.45227001623,13.4169,II/389/ps1_dr2
154171627728569906,162.77291283305,38.48274306725,14.0737,II/389/ps1_dr2
154171628679555268,162.86800552846,38.47888113542,13.902,II/389/ps1_dr2
154201628963672461,162.89651565,38.50158106,11.435,II/389/ps1_dr2
154261628410259140,162.84106234719,38.55712536479,14.7338,II/389/ps1_dr2
154141626493030219,162.64935544293,38.44967076673,14.1307,II/389/ps1_dr2
154181627240182687,162.72408178558,38.48504534006,14.8908,II/389/ps1_dr2
154201626155841440,162.61552142577,38.5006983581,13.097,II/389/ps1_dr2
154231626755549181,162.67552960181,38.53211782576,14.3031,II/389/ps1_dr2
154301628155008693,162.81560681597,38.59007585538,13.3762,II/389/ps1_dr2
154371627589212700,162.75890394,38.64357466,12.6294,II/389/ps1_dr2
154371627591083013,162.75909585,38.64355439,11.92,II/389/ps1_dr2
154301629274339580,162.92718951,38.59077517,12.2504,II/389/ps1_dr2
154301629275129922,162.92749449,38.59105914,11.524,II/389/ps1_dr2
154391629993944108,162.99945232277,38.66125946822,14.4407,II/389/ps1_dr2
154431629876053612,162.98756677048,38.69423822424,11.758,II/389/ps1_dr2
154431629876474216,162.98764445,38.69469756,13.4845,II/389/ps1_dr2
154331628483350620,162.84840320264,38.60836065639,13.3,II/389/ps1_dr2
154361628822532342,162.88221833129,38.6347888431,12.435,II/389/ps1_dr2
154391628739384452,162.87399054825,38.66153424777,14.119,II/389/ps1_dr2
154381628100470062,162.8100864747,38.6495405925,14.9691,II/389/ps1_dr2
154491629487329926,162.94873955129,38.74942504365,14.9819,II/389/ps1_dr2
154581629872245037,162.9872461645,38.82037334105,14.8913,II/389/ps1_dr2
154251626170024048,162.61699275861,38.54450249217,13.3123,II/389/ps1_dr2
154371626066160553,162.60662307835,38.64157889123,13.9755,II/389/ps1_dr2
154401626496892770,162.64977194,38.6684377,13.3753,II/389/ps1_dr2
154401626504003130,162.6504486,38.66887658,10.5601,II/389/ps1_dr2
154401626507832947,162.65094572,38.66873025,13.8206,II/389/ps1_dr2
154401626500603233,162.65016484,38.66876395,10.847,II/389/ps1_dr2
154421626573432892,162.6573068,38.68539147,13.1225,II/389/ps1_dr2
154421626577803040,162.65781837,38.68528562,11.847,II/389/ps1_dr2
154451626962943953,162.69636775376,38.71109618061,13.6941,II/389/ps1_dr2
154521625162154403,162.51620954544,38.76972235244,12.836,II/389/ps1_dr2
154561627758025699,162.77611051,38.80437946,13.8384,II/389/ps1_dr2
154561627761645554,162.77619469,38.80407116,12.692,II/389/ps1_dr2
154561627760726158,162.77613748167,38.80438108581,12.4527,II/389/ps1_dr2
154721628504275342,162.85041327633,38.93724365429,13.4743,II/389/ps1_dr2
154621626778415748,162.67789637649,38.85423113004,14.3678,II/389/ps1_dr2
154641627254680151,162.72560031,38.86631982,12.104,II/389/ps1_dr2
154661627640444821,162.76403610696,38.88683127828,13.6377,II/389/ps1_dr2
154771628229571836,162.82297452524,38.9760201266,13.6202,II/389/ps1_dr2
154171622363859845,162.23644229312,38.48265878298,14.5251,II/389/ps1_dr2
154221621778561215,162.1779246596,38.51716502031,13.6679,II/389/ps1_dr2
154231620585971018,162.0585882004,38.5253297402,14.766,II/389/ps1_dr2
154311623218783321,162.32184438192,38.59385238309,12.71,II/389/ps1_dr2
154261622061857900,162.20620588679,38.55604528268,14.4872,II/389/ps1_dr2
154291621753220203,162.17528838152,38.57464523003,14.428,II/389/ps1_dr2
154361623258803753,162.32586567757,38.63591445677,14.8172,II/389/ps1_dr2
154401623471008747,162.3471376,38.67368406,11.548,II/389/ps1_dr2
154401623475078700,162.34716244,38.67352073,14.2708,II/389/ps1_dr2
154441622878228818,162.28775786096,38.70682387081,13.13,II/389/ps1_dr2
154411622028434380,162.20284894232,38.67812854088,14.8077,II/389/ps1_dr2
154401622218844745,162.22190736359,38.670103493,14.0488,II/389/ps1_dr2
154481622955895104,162.29558302182,38.73706337538,14.9577,II/389/ps1_dr2
154571622125467781,162.21261256036,38.81429224672,14.4663,II/389/ps1_dr2
154271618591513654,161.85932648835,38.56081995372,13.5646,II/389/ps1_dr2
154391620065177772,162.00658497523,38.66427937238,13.7284,II/389/ps1_dr2
154461620084807345,162.008593779,38.72227124201,13.222,II/389/ps1_dr2
154361618243876391,161.82446825666,38.63814346981,14.5301,II/389/ps1_dr2
154441618570878700,161.85720956046,38.70675643522,13.107,II/389/ps1_dr2
154571619104838429,161.91057920428,38.81480621122,13.6547,II/389/ps1_dr2
154591619063581665,161.90643550465,38.82585165572,13.8287,II/389/ps1_dr2
154481620867458679,162.08681828949,38.74004174226,13.9642,II/389/ps1_dr2
154701621431659257,162.14341052985,38.92362905623,13.1691,II/389/ps1_dr2
154631620379914777,162.03802561422,38.86174655174,13.5894,II/389/ps1_dr2
154631624816332988,162.48166974996,38.86027158901,13.7848,II/389/ps1_dr2
154681624953285337,162.49537949395,38.90389462298,13.9773,II/389/ps1_dr2
154721625058664568,162.50584014091,38.93659650761,13.8843,II/389/ps1_dr2
154651623631953700,162.36324986,38.87764316,11.17,II/389/ps1_dr2
154681623054432431,162.30551779338,38.90148450564,13.8272,II/389/ps1_dr2
154791623781533724,162.37798954465,38.99415448699,13.9539,II/389/ps1_dr2
154901626962043176,162.69636139234,39.08558146471,12.51,II/389/ps1_dr2
154901626963063653,162.69635594358,39.08558978919,12.8825,II/389/ps1_dr2
154941626281414560,162.62815517016,39.11993930463,13.9236,II/389/ps1_dr2
154981625776367249,162.57760530518,39.15550481472,14.8591,II/389/ps1_dr2
154751623202685302,162.32030759626,38.96221777335,14.3698,II/389/ps1_dr2
154821621254893553,162.12557119792,39.0190639527,13.9518,II/389/ps1_dr2
154891621103596758,162.11035834893,39.08008274168,14.8454,II/389/ps1_dr2
155011623155396470,162.31566435184,39.17989466131,13.041,II/389/ps1_dr2
155051624129864938,162.41303664956,39.21194826479,13.4223,II/389/ps1_dr2
155161624672445528,162.46732300511,39.30396543446,12.5442,II/389/ps1_dr2
155161625118857168,162.51186800237,39.30546615939,13.7059,II/389/ps1_dr2
155101622956260331,162.29557248072,39.24974694869,13.2523,II/389/ps1_dr2
155211624834158667,162.48338189413,39.34837977294,14.9008,II/389/ps1_dr2
155241624114527127,162.41142215752,39.37209444431,12.411,II/389/ps1_dr2
154391616619228325,161.66196535169,38.6647878205,14.9764,II/389/ps1_dr2
154431616956696892,161.69568253567,38.69685945497,14.7042,II/389/ps1_dr2
154721614650894993,161.46510306698,38.93695066717,14.8151,II/389/ps1_dr2
154701614053064548,161.40532758598,38.9199233657,14.7069,II/389/ps1_dr2
154721613419966540,161.34207254,38.93853991,9.9964,II/389/ps1_dr2
154721613422006844,161.34249991,38.93841636,10.043,II/389/ps1_dr2
154701613332671817,161.33334884033,38.91764954693,14.8553,II/389/ps1_dr2
154581616711533413,161.67120731583,38.81902415606,12.614,II/389/ps1_dr2
154581616715113393,161.67155478,38.81899931,13.8052,II/389/ps1_dr2
154621617012505277,161.70129200504,38.85387984991,13.9064,II/389/ps1_dr2
154631618215565551,161.82159368018,38.86243765386,14.265,II/389/ps1_dr2
154651617905798586,161.79062833586,38.88163739476,14.7042,II/389/ps1_dr2
154701616018769188,161.60188338008,38.92382786319,13.3164,II/389/ps1_dr2
154701617456742114,161.74573935462,38.91794899186,14.4058,II/389/ps1_dr2
154741617448090004,161.74484470494,38.94948160215,13.4723,II/389/ps1_dr2
154861617209693459,161.72104993,39.05233628,13.9755,II/389/ps1_dr2
154861617211203766,161.72102668643,39.0526043108,11.916,II/389/ps1_dr2
154711619186768530,161.91870507116,38.93158283246,13.27,II/389/ps1_dr2
154731619512458749,161.95124539,38.94842397,12.1659,II/389/ps1_dr2
154731619515948851,161.95159581,38.94849143,11.619,II/389/ps1_dr2
154741618579118475,161.85787061166,38.95637095259,14.46,II/389/ps1_dr2
154831619871250630,161.98712098313,39.02499171219,13.8243,II/389/ps1_dr2
154871619567906835,161.95678954125,39.06350520503,13.5152,II/389/ps1_dr2
154881619468247109,161.94682735302,39.07206516356,13.5233,II/389/ps1_dr2
154781618053315306,161.80535396613,38.98723957555,13.9327,II/389/ps1_dr2
154861618170894511,161.81709833572,39.05324628895,14.0133,II/389/ps1_dr2
154871617994082120,161.7993464872,39.05958932061,14.7689,II/389/ps1_dr2
154871617244917465,161.72451298338,39.06403591952,13.5017,II/389/ps1_dr2
155071619002892623,161.90015643,39.22654837,12.9035,II/389/ps1_dr2
155071619010002764,161.90092621,39.22659519,11.4724,II/389/ps1_dr2
154751615750477088,161.57502871886,38.96367357759,14.9087,II/389/ps1_dr2
154861615130070186,161.51299556101,39.04959969058,14.1673,II/389/ps1_dr2
154991616790560761,161.67905578932,39.15843687348,14.5642,II/389/ps1_dr2
155091617275625255,161.72755293317,39.24550280666,13.251,II/389/ps1_dr2
155081618275645885,161.82754672935,39.23769522907,13.9085,II/389/ps1_dr2
154971620416220740,162.0416104772,39.14173592901,14.633,II/389/ps1_dr2
154961620471279818,162.04708747419,39.14095457327,14.4091,II/389/ps1_dr2
155031621437084612,162.14367873624,39.19495331806,14.5699,II/389/ps1_dr2
155041621258447106,162.12582709953,39.20537320341,14.67,II/389/ps1_dr2
155061619766246906,161.97658801029,39.22185839432,14.914,II/389/ps1_dr2
155211620750651340,162.07502080179,39.34221167944,14.8691,II/389/ps1_dr2
155261621090763345,162.1090124326,39.38556721579,14.2601,II/389/ps1_dr2
155331621326777903,162.13261873692,39.44770536436,13.7985,II/389/ps1_dr2
155401621242407844,162.12420404431,39.5060006308,14.0235,II/389/ps1_dr2
155501622881643904,162.28814715224,39.58609739098,12.015,II/389/ps1_dr2
155481622664857237,162.26645943685,39.57212299467,14.844,II/389/ps1_dr2
155491622347599465,162.23472650417,39.5823338951,14.6046,II/389/ps1_dr2
155191618489673353,161.84895393337,39.32724290254,13.4799,II/389/ps1_dr2
155311619940032016,161.99390683959,39.42603677241,14.7594,II/389/ps1_dr2
155361620091820719,162.00913703915,39.46665352967,14.4373,II/389/ps1_dr2
154501631383106999,163.13843443437,38.75529800315,14.7879,II/389/ps1_dr2
154551631465845147,163.14662122566,38.79542745731,14.96,II/389/ps1_dr2
154481630869374527,163.08701397013,38.73658830016,14.8125,II/389/ps1_dr2
154571631872070428,163.187216,38.80814063,11.512,II/389/ps1_dr2
154571631867250365,163.18641675,38.80841085,12.5469,II/389/ps1_dr2
154731631968825439,163.19684256704,38.94565270232,12.472,II/389/ps1_dr2
154561630280486434,163.02807497956,38.80484423055,14.1353,II/389/ps1_dr2
154751631365944576,163.13659067074,38.96160878758,14.2196,II/389/ps1_dr2
154791631379061197,163.13792660296,38.99211460903,14.0124,II/389/ps1_dr2
154861633527482112,163.35265774445,39.05119611171,14.6372,II/389/ps1_dr2
154891633936312093,163.39364561326,39.07622191663,14.2395,II/389/ps1_dr2
154861630952697394,163.09531812103,39.05561600654,13.6979,II/389/ps1_dr2
154851629929529173,162.99295477209,39.04877646431,14.5076,II/389/ps1_dr2
154841628422574839,162.8420898569,39.03677983295,12.332,II/389/ps1_dr2
154921628342319054,162.83423399301,39.10703179223,14.8853,II/389/ps1_dr2
154981629313932602,162.93146329314,39.15170845209,12.288,II/389/ps1_dr2
154981629314643022,162.9314530525,39.15171874217,12.5885,II/389/ps1_dr2
154971628842224209,162.88432579393,39.14475165022,12.189,II/389/ps1_dr2
154971628846514236,162.88434088,39.14471615,14.3235,II/389/ps1_dr2
154941631419334695,163.14192767761,39.12001739099,14.7055,II/389/ps1_dr2
154981631223082272,163.12235523345,39.15136150905,13.8068,II/389/ps1_dr2
155011630708386383,163.0708369988,39.17978277164,14.7303,II/389/ps1_dr2
155021631436751100,163.14367464283,39.18369516362,14.9779,II/389/ps1_dr2
155071631593636628,163.15933708,39.22998815,14.1521,II/389/ps1_dr2
155071631604276200,163.16029314,39.22961488,14.0704,II/389/ps1_dr2
155141630343051578,163.03436727369,39.28413224991,12.935,II/389/ps1_dr2
155211630722837599,163.07198974,39.34738772,12.5847,II/389/ps1_dr2
155211630731146833,163.07307987,39.34683842,14.3506,II/389/ps1_dr2
155261631366124048,163.13660972689,39.38617893048,12.579,II/389/ps1_dr2
155021634662345547,163.46594009,39.18752784,10.7285,II/389/ps1_dr2
155021634665944976,163.46648708,39.18683322,12.622,II/389/ps1_dr2
155021634672105897,163.4671373,39.18789604,14.4394,II/389/ps1_dr2
155021634666565336,163.46637374,39.18730664,10.9389,II/389/ps1_dr2
155091634816542672,163.48165583171,39.24339270299,14.91,II/389/ps1_dr2
155171635562549827,163.55624790637,39.31598268485,13.9675,II/389/ps1_dr2
155011633903130577,163.39037724349,39.17497421028,13.5796,II/389/ps1_dr2
155071634413430481,163.44131134601,39.22489446744,13.6814,II/389/ps1_dr2
155091634219233428,163.42197969214,39.24400091248,13.024,II/389/ps1_dr2
155121634340355687,163.43399732495,39.27086061364,14.2405,II/389/ps1_dr2
155151634337033577,163.43366152372,39.29410094765,13.6954,II/389/ps1_dr2
155271636719318297,163.67188928544,39.39805120736,14.768,II/389/ps1_dr2
155321635629301286,163.56295315127,39.43375094986,13.38,II/389/ps1_dr2
155321635632130788,163.56309714489,39.43381689018,13.0673,II/389/ps1_dr2
155341635849774457,163.58497825713,39.45317343385,14.0049,II/389/ps1_dr2
155331634926561603,163.49265005898,39.44246537842,14.7501,II/389/ps1_dr2
155431635698512208,163.56984205915,39.52627506769,14.6097,II/389/ps1_dr2
155401636396050897,163.63981893,39.50009904,13.9042,II/389/ps1_dr2
155401636398741133,163.6398501083,39.50040889901,12.142,II/389/ps1_dr2
155521636730025084,163.67298630267,39.60371092725,12.159,II/389/ps1_dr2
155161632827217995,163.28267165289,39.30610484137,13.291,II/389/ps1_dr2
155341634283086504,163.42838214917,39.45476034035,13.038,II/389/ps1_dr2
155381631908549548,163.19082617858,39.49073767152,13.447,II/389/ps1_dr2
155461633336010357,163.33356571919,39.54973299774,14.44,II/389/ps1_dr2
155451633164750525,163.31641769323,39.5415335351,14.2937,II/389/ps1_dr2
155351634802915309,163.48031883,39.46220577,11.217,II/389/ps1_dr2
155421635132871289,163.51335072,39.51718869,12.7586,II/389/ps1_dr2
155421635137710849,163.51369991,39.51680635,10.5766,II/389/ps1_dr2
155421635141390851,163.51488124,39.5169427,10.4067,II/389/ps1_dr2
155421635145730636,163.51480998,39.51666035,12.7869,II/389/ps1_dr2
155421634311987528,163.43119971374,39.52237369706,13.6099,II/389/ps1_dr2
155431634375444877,163.4375372275,39.52850541782,14.7045,II/389/ps1_dr2
155551635109616118,163.51091754692,39.62945858708,13.6441,II/389/ps1_dr2
155621635784687805,163.57848728124,39.68926995312,13.871,II/389/ps1_dr2
155611633699543436,163.36989127,39.67724313,10.602,II/389/ps1_dr2
155701634069880111,163.40695911773,39.74953561077,13.8666,II/389/ps1_dr2
154931627627248630,162.76271879719,39.11500628412,14.5237,II/389/ps1_dr2
154971627233535103,162.7233063208,39.14542117189,14.3998,II/389/ps1_dr2
155091629289824361,162.92897570749,39.24479437,14.9929,II/389/ps1_dr2
155101626632239522,162.6632008926,39.25742501478,14.8034,II/389/ps1_dr2
155101626071387466,162.60712485993,39.25569012045,13.059,II/389/ps1_dr2
155181627612938545,162.76129326463,39.32326746681,13.9954,II/389/ps1_dr2
155341628445477815,162.84452719166,39.45597081543,14.9141,II/389/ps1_dr2
155341628148249262,162.81493015663,39.45725557106,14.1673,II/389/ps1_dr2
155431629564925637,162.95647686243,39.52914810829,13.4439,II/389/ps1_dr2
155401629898155476,162.98978558431,39.50401180468,13.9369,II/389/ps1_dr2
155511629934193369,162.99343692199,39.59395518078,14.0604,II/389/ps1_dr2
155441629220300830,162.92207019,39.53351119,11.564,II/389/ps1_dr2
155171626306614390,162.63063773131,39.31146889551,14.8851,II/389/ps1_dr2
155421626921970391,162.69217049693,39.51647498044,13.411,II/389/ps1_dr2
155261624886189027,162.48857431096,39.39035082939,14.5861,II/389/ps1_dr2
155441625832147923,162.58316076917,39.53945999804,14.8127,II/389/ps1_dr2
155511625767599016,162.57674667233,39.59869201042,13.312,II/389/ps1_dr2
155561626014753791,162.60144632864,39.63601453361,14.1807,II/389/ps1_dr2
155601628867265820,162.88688514,39.67084958,10.9537,II/389/ps1_dr2
155601628863535862,162.88641999,39.67107031,11.208,II/389/ps1_dr2
155721628349671470,162.83493697371,39.7673777074,13.8997,II/389/ps1_dr2
155691627726260028,162.7725957529,39.74117270994,14.3924,II/389/ps1_dr2
155491631783993054,163.17834800602,39.57702985414,14.7645,II/389/ps1_dr2
155571632978771987,163.29778866565,39.64274954915,13.9995,II/389/ps1_dr2
155641632418996896,163.24179664,39.7051862,13.1084,II/389/ps1_dr2
155641632420766565,163.24191120077,39.70498896081,12.347,II/389/ps1_dr2
155501630646156530,163.06480869,39.58822311,11.6029,II/389/ps1_dr2
155501630649606345,163.06482218782,39.58821331071,11.663,II/389/ps1_dr2
155541630353920941,163.03540379802,39.6169428822,13.6483,II/389/ps1_dr2
155701631921903321,163.19218266287,39.7522540246,13.6762,II/389/ps1_dr2
155661630609198701,163.06090412048,39.72343673057,13.6502,II/389/ps1_dr2
155711630952761688,163.09526972801,39.7592169371,14.9269,II/389/ps1_dr2
155631632757881140,163.27576901385,39.69210490607,13.399,II/389/ps1_dr2
155661632426736778,163.24257415027,39.72180650222,13.255,II/389/ps1_dr2
155671632890149593,163.28897347252,39.73246794783,13.8072,II/389/ps1_dr2
155711632503689330,163.25033019286,39.76558821904,14.2493,II/389/ps1_dr2
155781634075187936,163.40747558021,39.82273052961,14.9614,II/389/ps1_dr2
155771633260125822,163.32605056665,39.81263144455,13.147,II/389/ps1_dr2
155881633791525785,163.37912338821,39.90426555071,13.9026,II/389/ps1_dr2
155761631777729089,163.17776825339,39.80703917899,13.6446,II/389/ps1_dr2
155811631341813306,163.13418117738,39.84390211643,14.937,II/389/ps1_dr2
155891631964673534,163.19645573879,39.91072144107,14.0185,II/389/ps1_dr2
155871633032594366,163.30320949003,39.89476039554,13.6204,II/389/ps1_dr2
155891633524144632,163.35236258391,39.91163968296,13.442,II/389/ps1_dr2
155821630426874105,163.04269601934,39.85289081998,13.3573,II/389/ps1_dr2
155751628785969746,162.87854876286,39.79926590116,13.952,II/389/ps1_dr2
155801628982988495,162.89825334882,39.83989353274,13.6341,II/389/ps1_dr2
155821628843875324,162.88430796489,39.85392206997,13.376,II/389/ps1_dr2
155811629501872207,162.95026263358,39.84295253084,13.6063,II/389/ps1_dr2
155921629570634136,162.95704130961,39.93626752758,13.076,II/389/ps1_dr2
155871631286624207,163.12867354859,39.89464139508,14.9639,II/389/ps1_dr2
155951631845360500,163.18456453077,39.95837074021,12.326,II/389/ps1_dr2
155931630843754989,163.08437597895,39.94529416936,13.9296,II/389/ps1_dr2
156011631311892542,163.13120287739,40.00990868011,14.1023,II/389/ps1_dr2
156111632404936230,163.24053109666,40.09629803062,13.309,II/389/ps1_dr2
156081631820855722,163.18210275,40.07088356,12.9201,II/389/ps1_dr2
156081631823655940,163.18243667,40.07105098,11.527,II/389/ps1_dr2
156061631353672482,163.13539476102,40.05152379472,14.4555,II/389/ps1_dr2
156201631758784873,163.1758338,40.17013435,14.2083,II/389/ps1_dr2
155581637667846140,163.7667722984,39.65458287311,14.5669,II/389/ps1_dr2
155671638400759965,163.84008337497,39.73276665538,13.6209,II/389/ps1_dr2
155661638480404320,163.84804691983,39.71973194605,13.7221,II/389/ps1_dr2
155691637753668427,163.77554632,39.74801304,10.9632,II/389/ps1_dr2
155691637755158119,163.77594744,39.74795699,11.192,II/389/ps1_dr2
155691637752127889,163.7753899,39.74769637,13.4208,II/389/ps1_dr2
155731637974618614,163.79747874041,39.78162973911,14.6382,II/389/ps1_dr2
155661640035740755,164.00356517971,39.71675188277,14.4779,II/389/ps1_dr2
155741640045351312,164.00452634915,39.78392404016,11.972,II/389/ps1_dr2
155721640274566229,164.02748830032,39.77130911094,14.9812,II/389/ps1_dr2
155791640030242923,164.00306641118,39.82688151789,14.3501,II/389/ps1_dr2
155731640768655883,164.07687252019,39.77935145635,14.8736,II/389/ps1_dr2
155781639554904542,163.95552402342,39.81990271268,14.6193,II/389/ps1_dr2
155811639709198912,163.9709581916,39.84853899607,14.7765,II/389/ps1_dr2
155871639216812123,163.92170693116,39.89288923106,14.8028,II/389/ps1_dr2
155961640006349957,164.00065505838,39.97440692283,14.6957,II/389/ps1_dr2
156021639929512063,163.99276276842,40.01789665996,13.1537,II/389/ps1_dr2
155681636446754582,163.64472081167,39.73659965539,13.9208,II/389/ps1_dr2
155731636729841406,163.67300687334,39.77563556076,14.9667,II/389/ps1_dr2
155781636545310419,163.6545604505,39.81648199449,14.7705,II/389/ps1_dr2
155741637427779034,163.7427408,39.79046724,8.3068,II/389/ps1_dr2
155741637424629397,163.74269696,39.79056194,8.34,II/389/ps1_dr2
155921637144843539,163.7145130399,39.93576004025,13.7134,II/389/ps1_dr2
155931636552403023,163.65527381587,39.9436501585,14.296,II/389/ps1_dr2
155841638344451504,163.83452022,39.86741724,12.112,II/389/ps1_dr2
155931637554622295,163.75548812143,39.94304854758,14.1362,II/389/ps1_dr2
156041638665346467,163.86653481384,40.03819715808,14.8297,II/389/ps1_dr2
156131637635827956,163.7635783154,40.11441789736,13.9755,II/389/ps1_dr2
155921642205819735,164.22068198868,39.94088017003,13.494,II/389/ps1_dr2
155931642207470190,164.22065771,39.94125371,14.4069,II/389/ps1_dr2
155941641685924421,164.16858374655,39.9531417215,14.7147,II/389/ps1_dr2
155961642030186906,164.20251915,39.97168229,10.6326,II/389/ps1_dr2
155961642031037286,164.20322311,39.97221309,10.395,II/389/ps1_dr2
155971642541994550,164.25421998411,39.97824252196,14.4219,II/389/ps1_dr2
155981643152189086,164.31532576895,39.99033593132,13.059,II/389/ps1_dr2
156101642600410541,164.26006040777,40.08324842096,13.761,II/389/ps1_dr2
156071640880631621,164.0880869779,40.05910771035,13.6489,II/389/ps1_dr2
156091641547427314,164.15477487562,40.08043954209,12.456,II/389/ps1_dr2
156111643798233598,164.37978501625,40.09412992185,14.159,II/389/ps1_dr2
156191644045717222,164.40457549777,40.16378873524,13.13,II/389/ps1_dr2
156161642950803873,164.29503794041,40.135997642,14.684,II/389/ps1_dr2
156181643604611582,164.3605684484,40.15073721761,13.159,II/389/ps1_dr2
156231643424368940,164.3425112492,40.19854350291,12.963,II/389/ps1_dr2
156301644668133085,164.46680258,40.25209982,10.592,II/389/ps1_dr2
156321644615509020,164.46156592963,40.27364258455,14.3354,II/389/ps1_dr2
156251642981946107,164.29818427902,40.21285826093,14.0556,II/389/ps1_dr2
156261643216725598,164.3216827,40.22073131,12.6047,II/389/ps1_dr2
156261643216936042,164.32170265,40.2211048,11.42,II/389/ps1_dr2
156261643214736472,164.32152989,40.22155249,13.9498,II/389/ps1_dr2
156431643771242635,164.3771524937,40.36001652992,13.68,II/389/ps1_dr2
156431643788932499,164.37881464181,40.35989855469,13.3688,II/389/ps1_dr2
156101639899499791,163.99009562904,40.0909090562,13.7286,II/389/ps1_dr2
156171640530565682,164.05310003376,40.14586394038,13.38,II/389/ps1_dr2
156181640900903195,164.09008814411,40.1520906512,14.7783,II/389/ps1_dr2
156241641207161405,164.12086234,40.20046385,13.4714,II/389/ps1_dr2
156241641212111299,164.12139369,40.20039439,12.086,II/389/ps1_dr2
156301641194034250,164.11940774,40.25301706,11.1578,II/389/ps1_dr2
156301641200094307,164.11967812,40.25292495,11.0582,II/389/ps1_dr2
156301641201215004,164.1199995,40.2534515,14.5429,II/389/ps1_dr2
156301641204304673,164.12041763,40.25349327,14.5787,II/389/ps1_dr2
156301641198534685,164.11974364,40.25324769,10.956,II/389/ps1_dr2
156281640747236952,164.07476027,40.23860889,13.2356,II/389/ps1_dr2
156281640748207336,164.07490434,40.23897739,11.267,II/389/ps1_dr2
156281640751357523,164.07506051,40.23900228,11.458,II/389/ps1_dr2
156241639240114539,163.92403740459,40.20327486723,12.399,II/389/ps1_dr2
156471643147996329,164.31483482326,40.39640688153,13.031,II/389/ps1_dr2
156501643083393098,164.30840322341,40.41869206901,13.085,II/389/ps1_dr2
156511642783824208,164.2782533,40.42794652,11.602,II/389/ps1_dr2
156511642785344512,164.27845909,40.42820365,11.9359,II/389/ps1_dr2
156521643116805145,164.31167712017,40.43709873275,13.685,II/389/ps1_dr2
156531641179654795,164.11796755235,40.44508545263,12.894,II/389/ps1_dr2
156591641968049051,164.19672656476,40.49869516681,13.02,II/389/ps1_dr2
156611642235733263,164.22315594,40.51065364,10.9549,II/389/ps1_dr2
155931635529513227,163.55297378722,39.9437963261,14.3874,II/389/ps1_dr2
155961634525399986,163.45253589325,39.97444480107,14.5488,II/389/ps1_dr2
155941635690692064,163.56917091493,39.95115373575,12.788,II/389/ps1_dr2
156041635622981022,163.56230510856,40.0336283847,14.0268,II/389/ps1_dr2
155981633842640017,163.38436374541,39.98272959227,13.18,II/389/ps1_dr2
156051634593328952,163.45931738505,40.04856470299,14.7121,II/389/ps1_dr2
156081633795922790,163.37959354486,40.06843550045,14.3145,II/389/ps1_dr2
156131634472183540,163.44721615315,40.11073099503,14.5544,II/389/ps1_dr2
156171634582885886,163.45830084055,40.14600710238,13.5725,II/389/ps1_dr2
156181634684795051,163.46847712561,40.15363283495,14.7413,II/389/ps1_dr2
156141636650690966,163.66492236,40.11672438,11.6968,II/389/ps1_dr2
156141636656330631,163.66600681,40.11653344,10.135,II/389/ps1_dr2
156141636655910978,163.66579872,40.11703829,10.2241,II/389/ps1_dr2
156091636082199378,163.60822070858,40.08222285556,12.244,II/389/ps1_dr2
156171637368435532,163.73686302875,40.14572405243,14.5456,II/389/ps1_dr2
156261637623700859,163.76238139363,40.21683615761,14.1898,II/389/ps1_dr2
156311637855349570,163.78564018567,40.26573172468,14.4,II/389/ps1_dr2
156311637857819962,163.78578296723,40.26606190167,13.222,II/389/ps1_dr2
156271637320456409,163.7320960534,40.22976731036,14.5909,II/389/ps1_dr2
156361635836750348,163.58366980561,40.29971777975,13.9543,II/389/ps1_dr2
156411636382656392,163.63820629056,40.34642507842,13.7759,II/389/ps1_dr2
156151633725229037,163.37251469992,40.13197882653,14.4538,II/389/ps1_dr2
156141633233338746,163.32334259354,40.12339524597,14.7719,II/389/ps1_dr2
156261632968828309,163.29683654866,40.22301883686,14.503,II/389/ps1_dr2
156201631762336198,163.17631411,40.17124811,8.2304,II/389/ps1_dr2
156201631767686771,163.17688031,40.17179253,12.6312,II/389/ps1_dr2
156201631772175761,163.17706729,40.1708186,8.3754,II/389/ps1_dr2
156201631773194817,163.17749633,40.17016516,13.1017,II/389/ps1_dr2
156201631777306026,163.17794913,40.17115116,6.8559,II/389/ps1_dr2
156201632001873251,163.20022602964,40.16881408814,14.7033,II/389/ps1_dr2
156281632685774430,163.2685768067,40.23648427166,14.2486,II/389/ps1_dr2
156281632641024950,163.26409353611,40.23691697607,14.8989,II/389/ps1_dr2
156301632761912686,163.27619394873,40.25169437146,13.435,II/389/ps1_dr2
156271632023590454,163.20237504233,40.2248231657,14.3234,II/389/ps1_dr2
156271631634613404,163.16344828286,40.2272426756,14.0333,II/389/ps1_dr2
156301632318259687,163.23166725,40.25751635,14.01,II/389/ps1_dr2
156301632322019685,163.23216967908,40.25754070342,12.864,II/389/ps1_dr2
156411632899037036,163.28990471493,40.34698756554,14.2723,II/389/ps1_dr2
156401634385445289,163.43853958599,40.33719180137,13.281,II/389/ps1_dr2
156451634754439614,163.47543641107,40.38247117338,14.8895,II/389/ps1_dr2
156531635016417598,163.50161639877,40.44746590683,14.7264,II/389/ps1_dr2
156541635925937510,163.59258775859,40.45569226915,13.484,II/389/ps1_dr2
156491633614418537,163.36144929989,40.41492954093,14.765,II/389/ps1_dr2
156301638273132223,163.82750112985,40.25131379889,13.5947,II/389/ps1_dr2
156301638378171754,163.837734646,40.25090831552,13.7858,II/389/ps1_dr2
156411637982659262,163.79825434882,40.34879288396,13.4095,II/389/ps1_dr2
156411638334509827,163.83341883168,40.34926788077,14.6252,II/389/ps1_dr2
156471638366276235,163.83660180116,40.39627088209,12.43,II/389/ps1_dr2
156471639295926027,163.92951287151,40.396135739,14.3928,II/389/ps1_dr2
156441637764976049,163.77647009,40.37111743,11.434,II/389/ps1_dr2
156471637841910577,163.78416799456,40.39155071093,13.8901,II/389/ps1_dr2
156641638645326432,163.86452003172,40.53812620197,14.4071,II/389/ps1_dr2
156601637809976895,163.78096128049,40.50515493909,14.0024,II/389/ps1_dr2
156631637472245893,163.74717377047,40.52931849463,14.1022,II/389/ps1_dr2
156611637510406535,163.75100455597,40.5131950885,14.5103,II/389/ps1_dr2
156641638175307244,163.81776151,40.53897689,11.9197,II/389/ps1_dr2
156641638179457271,163.817984,40.538795,10.503,II/389/ps1_dr2
156641638182867021,163.81845166,40.53873908,12.2937,II/389/ps1_dr2
156551639880978936,163.98807238067,40.46523431444,14.7858,II/389/ps1_dr2
156891640297190910,164.02967226,40.74179742,11.588,II/389/ps1_dr2
156891639862055600,163.98618637253,40.74571841942,14.5616,II/389/ps1_dr2
156941639797030573,163.97969865,40.78319228,11.1837,II/389/ps1_dr2
156641636658738155,163.66597192533,40.53953641435,12.809,II/389/ps1_dr2
156701636789349333,163.67884984885,40.59052741195,12.536,II/389/ps1_dr2
156751635649507612,163.56486434711,40.63078879294,14.8112,II/389/ps1_dr2
156801636762570594,163.67600498,40.66665463,10.9129,II/389/ps1_dr2
156801636763341142,163.676126,40.6669098,11.7142,II/389/ps1_dr2
156801636765820782,163.67640786,40.66674945,10.93,II/389/ps1_dr2
156821638033368618,163.80321549726,40.6899551046,13.366,II/389/ps1_dr2
156851638782781614,163.87824885927,40.70911298857,14.7737,II/389/ps1_dr2
156921637559300748,163.75586860569,40.76665559619,13.8325,II/389/ps1_dr2
155501623878417481,162.3878294285,39.58904241882,14.2558,II/389/ps1_dr2
155551625732182519,162.57319197078,39.62660329151,13.4474,II/389/ps1_dr2
155561625223129394,162.52228776443,39.64067924041,13.6282,II/389/ps1_dr2
155761624319538497,162.4319238561,39.80659583111,13.9219,II/389/ps1_dr2
155681626161320035,162.61611734782,39.73286494316,14.9028,II/389/ps1_dr2
155721626553928627,162.65536770693,39.77334713659,13.7118,II/389/ps1_dr2
155751626715346282,162.67153026212,39.7964006623,14.1482,II/389/ps1_dr2
155791626467245505,162.64666632178,39.8290833908,14.9805,II/389/ps1_dr2
155781624559609732,162.45594498915,39.82429327902,13.5608,II/389/ps1_dr2
155951626522358862,162.65221484727,39.96519095959,14.4418,II/389/ps1_dr2
155961627948553786,162.79493277161,39.96917745295,14.9716,II/389/ps1_dr2
156041627970761165,162.7971996,40.03392933,13.202,II/389/ps1_dr2
156041627971511529,162.79723357,40.03404104,12.8894,II/389/ps1_dr2
156041627976341557,162.79756516853,40.03407244378,11.767,II/389/ps1_dr2
156131629846902264,162.98468806,40.1096501,11.4027,II/389/ps1_dr2
156131629850901372,162.98504875,40.10881176,14.4259,II/389/ps1_dr2
156131629843001685,162.98431942,40.10928173,10.6703,II/389/ps1_dr2
156281631217354904,163.12166453394,40.23684367295,13.3917,II/389/ps1_dr2
156411631552167864,163.15517032937,40.3476837148,12.545,II/389/ps1_dr2
156461632431684745,163.24315941743,40.38674662819,13.6811,II/389/ps1_dr2
156481632798638033,163.27988155963,40.40616637667,13.4807,II/389/ps1_dr2
154431659341182791,165.93407601677,38.69342839461,14.879,II/389/ps1_dr2
154541659546880807,165.95468659,38.78343324,12.486,II/389/ps1_dr2
154541659629278455,165.9630583553,38.78979628049,13.302,II/389/ps1_dr2
154521659711223418,165.97106818457,38.76897108452,14.6499,II/389/ps1_dr2
154611660836915645,166.0836059194,38.84587574944,14.5966,II/389/ps1_dr2
154641660760123759,166.07597552,38.86928075,12.6712,II/389/ps1_dr2
154641660761072332,166.07588862,38.86794026,7.9946,II/389/ps1_dr2
154641660767411744,166.07670664,38.86748159,13.2505,II/389/ps1_dr2
154641660769813226,166.07688854,38.86863322,8.9031,II/389/ps1_dr2
154651660307700063,166.03079008165,38.87452547357,12.906,II/389/ps1_dr2
154721660224395025,166.02252028645,38.93705541264,13.347,II/389/ps1_dr2
154581658710375925,165.87102864178,38.82103443416,14.5601,II/389/ps1_dr2
154681659553150459,165.9553007827,38.89985194936,14.0545,II/389/ps1_dr2
154751659717643304,165.97203529,38.96036432,13.572,II/389/ps1_dr2
154751659705543948,165.97071125,38.96088973,8.43,II/389/ps1_dr2
154751659713523626,165.97126855,38.96092651,8.2722,II/389/ps1_dr2
154751659699064513,165.97017956,38.96156592,6.2607,II/389/ps1_dr2
154861659506840119,165.95086735,39.04947531,11.2336,II/389/ps1_dr2
154861659511610179,165.951002,39.049534,10.899,II/389/ps1_dr2
154851659505869765,165.95021515,39.04908246,14.0618,II/389/ps1_dr2
154741661773752061,166.17750267,38.95130309,13.0779,II/389/ps1_dr2
154741661804883356,166.18031753,38.95219486,9.383,II/389/ps1_dr2
154741661807852421,166.18068876,38.95147785,13.5505,II/389/ps1_dr2
154741661800363454,166.18022468,38.9523316,9.52,II/389/ps1_dr2
154781661962584445,166.19623555605,38.98648271544,14.0967,II/389/ps1_dr2
154791661938153338,166.19381807178,38.99388045245,13.6664,II/389/ps1_dr2
154811659893663382,165.98930840461,39.01059939212,14.7163,II/389/ps1_dr2
154861660697774184,166.06969609866,39.05295834461,13.4786,II/389/ps1_dr2
154871660446322172,166.04457803791,39.05961555477,13.484,II/389/ps1_dr2
154921660631971245,166.06308229,39.10007525,12.0506,II/389/ps1_dr2
154921660634060921,166.06362216,39.10022852,11.1781,II/389/ps1_dr2
154921660635891320,166.06341591,39.10047109,10.553,II/389/ps1_dr2
154921660585127241,166.05846123805,39.10551272233,14.5341,II/389/ps1_dr2
155021660976324354,166.09758679929,39.18643976516,13.4131,II/389/ps1_dr2
155071661300194537,166.12997368903,39.22825644811,14.5981,II/389/ps1_dr2
154841658327003735,165.8326916887,39.03589286365,14.5949,II/389/ps1_dr2
154851658936019794,165.89357183332,39.04924962065,14.9195,II/389/ps1_dr2
154991657698968905,165.76987101844,39.16514061737,13.7356,II/389/ps1_dr2
154961659058921822,165.90585079495,39.13424245595,13.9437,II/389/ps1_dr2
155081660571511182,166.05677317,39.23384589,11.161,II/389/ps1_dr2
155081660575941211,166.05738247,39.23383298,11.5113,II/389/ps1_dr2
155081660569410852,166.05707106,39.23366431,13.1253,II/389/ps1_dr2
155141660682832998,166.06821830126,39.28526181653,14.0401,II/389/ps1_dr2
155121658802884451,165.88023547816,39.26978465539,14.5987,II/389/ps1_dr2
155101658553236755,165.85532996498,39.25505491321,13.39,II/389/ps1_dr2
155261659664373223,165.96633922963,39.38541095972,14.002,II/389/ps1_dr2
155021663850888082,166.38503340331,39.18950108451,14.5102,II/389/ps1_dr2
155111664438300153,166.44386514066,39.25781604911,13.338,II/389/ps1_dr2
155141663442074342,166.34416372327,39.28639586709,14.8631,II/389/ps1_dr2
155071662243288206,166.22428555615,39.23130525102,14.3733,II/389/ps1_dr2
155141661983922911,166.19834553674,39.28522119069,13.9095,II/389/ps1_dr2
155191664516572130,166.45169878,39.3261058,12.2859,II/389/ps1_dr2
155191664518902704,166.45188107,39.32680146,13.3754,II/389/ps1_dr2
155191664522322524,166.45245455,39.3266015,11.149,II/389/ps1_dr2
155191664524302243,166.45258501,39.32628405,11.7247,II/389/ps1_dr2
155311665613875294,166.56143743586,39.42872726331,13.286,II/389/ps1_dr2
155341665583878307,166.55826722487,39.45641421187,14.1639,II/389/ps1_dr2
155341665196655009,166.51967150052,39.45353741754,13.097,II/389/ps1_dr2
155261663881098805,166.38808208948,39.39007149266,14.4155,II/389/ps1_dr2
155311663695913551,166.36958545,39.42742339,12.8461,II/389/ps1_dr2
155311663699963262,166.37004825,39.42712085,10.63,II/389/ps1_dr2
155311663703363386,166.37063554,39.42694557,10.8625,II/389/ps1_dr2
155311663704023021,166.37044994,39.42667324,12.4775,II/389/ps1_dr2
155411664958646334,166.49587830115,39.51299288465,14.7281,II/389/ps1_dr2
155381664455034336,166.44548091776,39.48636058969,14.6748,II/389/ps1_dr2
155461664117666701,166.41184214522,39.55496554809,12.088,II/389/ps1_dr2
155461664119506381,166.41184183074,39.5549644101,12.1471,II/389/ps1_dr2
155111661139408798,166.11384252771,39.26516799758,13.6816,II/389/ps1_dr2
155161661031887709,166.10307641,39.30579726,12.2583,II/389/ps1_dr2
155161661034667945,166.103376,39.30603,11.092,II/389/ps1_dr2
155161661035437398,166.10329567,39.30580258,12.4622,II/389/ps1_dr2
155481660626982539,166.06265783274,39.56813380881,13.137,II/389/ps1_dr2
155351662822572877,166.28232312858,39.46007228058,13.173,II/389/ps1_dr2
155591663538688268,166.35388294,39.66462753,11.736,II/389/ps1_dr2
155611663495924260,166.34957490746,39.67795012197,13.1722,II/389/ps1_dr2
155621662982865747,166.29814986,39.6875245,11.475,II/389/ps1_dr2
155681663016552869,166.30159781649,39.73517540795,14.0103,II/389/ps1_dr2
154931655697787852,165.56986914,39.11420854,11.201,II/389/ps1_dr2
154961656080766879,165.60804542021,39.13850413529,13.7552,II/389/ps1_dr2
155091655785137364,165.57845808529,39.2472706381,14.9242,II/389/ps1_dr2
155091656991218309,165.69906326345,39.24801962792,14.5974,II/389/ps1_dr2
155101656552731296,165.655375,39.25058,11.843,II/389/ps1_dr2
155101656558561323,165.65536959,39.25052588,11.9882,II/389/ps1_dr2
155191655472236074,165.54717457842,39.32953809938,13.4769,II/389/ps1_dr2
155191655525959357,165.55252722971,39.33227803013,13.673,II/389/ps1_dr2
155221655536837447,165.55360184358,39.35568731499,14.3411,II/389/ps1_dr2
155211657828518013,165.78282095636,39.34777087488,13.8618,II/389/ps1_dr2
155251657896074022,165.78953119547,39.37779751931,13.5381,II/389/ps1_dr2
155231657565527315,165.75647897814,39.36387627164,14.6724,II/389/ps1_dr2
155421658413973608,165.84129004145,39.51907497034,12.652,II/389/ps1_dr2
155311656367024745,165.63659869867,39.42841560343,14.8099,II/389/ps1_dr2
155361656443066605,165.64421198835,39.47164969238,14.4443,II/389/ps1_dr2
155501657962113019,165.79611806,39.58523719,11.906,II/389/ps1_dr2
155471657070010256,165.70688188787,39.55795703166,13.6697,II/389/ps1_dr2
155541657486018902,165.74848509205,39.623498295,14.4186,II/389/ps1_dr2
155111654059187363,165.40590253348,39.26394706831,12.739,II/389/ps1_dr2
155281654233873722,165.42335782855,39.40259077411,14.9568,II/389/ps1_dr2
155291654647968873,165.46476267868,39.41520653893,14.2085,II/389/ps1_dr2
155351654267930088,165.42676748766,39.45787611447,13.6741,II/389/ps1_dr2
155421654072308489,165.4071747936,39.52312895834,14.694,II/389/ps1_dr2
155511653750198886,165.37500356896,39.59853126938,14.7335,II/389/ps1_dr2
155511655870479787,165.58702498586,39.59924365566,14.0519,II/389/ps1_dr2
155571657046430374,165.70459070587,39.64141843982,12.859,II/389/ps1_dr2
155651656966464860,165.69657664677,39.71180011358,13.8296,II/389/ps1_dr2
155541654520987791,165.45206065705,39.62257958593,14.739,II/389/ps1_dr2
155611654785712505,165.47852877678,39.67652569156,14.2191,II/389/ps1_dr2
155671655025690022,165.50252285109,39.72444375275,13.9259,II/389/ps1_dr2
155451659844027871,165.98431768553,39.54764164612,14.9899,II/389/ps1_dr2
155561660179843957,166.01791043849,39.63608668183,14.6864,II/389/ps1_dr2
155581660850247545,166.08493668185,39.65566396283,12.68,II/389/ps1_dr2
155581659699518433,165.96983960645,39.6564234434,13.5947,II/389/ps1_dr2
155621659617629146,165.96165069302,39.69035900382,13.8678,II/389/ps1_dr2
155671659246650223,165.92457188448,39.72458925436,14.2256,II/389/ps1_dr2
155671659243248885,165.92421708559,39.73181236179,14.6008,II/389/ps1_dr2
155811661958762870,166.19578667273,39.84344258565,13.4647,II/389/ps1_dr2
155881661941812841,166.19414120849,39.90178714275,13.9861,II/389/ps1_dr2
155831658928771628,165.89280775339,39.8591227229,14.2883,II/389/ps1_dr2
155851658477526481,165.84771603562,39.87976869168,13.402,II/389/ps1_dr2
155781657265878050,165.72653355555,39.82281751815,14.5383,II/389/ps1_dr2
155781656425955267,165.64255648577,39.8204879443,14.9776,II/389/ps1_dr2
155851656423550248,165.64248839298,39.87448999463,12.27,II/389/ps1_dr2
155841656426629854,165.64248056,39.874569,14.5189,II/389/ps1_dr2
155891658178490553,165.81774266547,39.90822456788,13.7867,II/389/ps1_dr2
155881657258763067,165.72576366022,39.90196417696,14.9735,II/389/ps1_dr2
155951657736897652,165.77362248272,39.96415856183,13.6152,II/389/ps1_dr2
155891659300154097,165.92996425168,39.91119255947,14.8753,II/389/ps1_dr2
155931659145502958,165.91451194165,39.94358990877,14.0666,II/389/ps1_dr2
156101659879391503,165.98790118301,40.0839927886,12.814,II/389/ps1_dr2
155451667105437358,166.71050055362,39.54726912403,14.7299,II/389/ps1_dr2
155661665647984126,166.56470154263,39.7195705758,14.6948,II/389/ps1_dr2
155801667885242711,166.78850440701,39.835061349,14.935,II/389/ps1_dr2
155661665142976470,166.51419880183,39.72148737947,14.7174,II/389/ps1_dr2
155751664543019514,166.45423503342,39.79911257822,14.6408,II/389/ps1_dr2
155751665269104229,166.52681812,39.7946409,12.9465,II/389/ps1_dr2
155751665275914538,166.5275876,39.79517938,8.8549,II/389/ps1_dr2
155751665284225438,166.52838689,39.79567999,7.7627,II/389/ps1_dr2
155811665404380514,166.54036291268,39.84155957609,14.7175,II/389/ps1_dr2
155911664722439428,166.47218018858,39.93234516471,14.3287,II/389/ps1_dr2
155901666252207308,166.62522935773,39.92227283744,14.6677,II/389/ps1_dr2
155941662176981851,166.21785288,39.95090176,11.965,II/389/ps1_dr2
155941662448393112,166.24479494653,39.95203192112,14.7286,II/389/ps1_dr2
155991663375389552,166.33749182968,39.99911223786,14.5811,II/389/ps1_dr2
156091662431208203,166.24310614213,40.08132287149,13.479,II/389/ps1_dr2
156081661884776718,166.18843402884,40.07173125893,14.3557,II/389/ps1_dr2
156071663029405871,166.30292796417,40.06271450759,14.6117,II/389/ps1_dr2
156111662990745648,166.29911674929,40.09583137899,13.8656,II/389/ps1_dr2
156061664614457131,166.46141945774,40.05542944329,13.8674,II/389/ps1_dr2
156121664078851196,166.40784672784,40.10044259103,14.4779,II/389/ps1_dr2
156131660768115038,166.07681642,40.11209499,10.6243,II/389/ps1_dr2
156161660887674238,166.0891104,40.13635725,13.2552,II/389/ps1_dr2
156161660895594374,166.08955594,40.1363725,12.114,II/389/ps1_dr2
156171661281407795,166.12809201712,40.14761534875,14.7106,II/389/ps1_dr2
156231660908688329,166.09073636719,40.19793868605,12.204,II/389/ps1_dr2
156211662368868329,166.23689902987,40.18143238556,13.368,II/389/ps1_dr2
156221661862219281,166.18619108329,40.19053731096,14.5348,II/389/ps1_dr2
156241659815011743,165.98141190706,40.20089443094,14.0911,II/389/ps1_dr2
156251659782081839,165.97811316026,40.20931392498,14.4097,II/389/ps1_dr2
156331660090503815,166.00894997787,40.27760336826,13.5715,II/389/ps1_dr2
156331660937029760,166.09358642708,40.28257366478,13.048,II/389/ps1_dr2
156431661624254553,166.16229105462,40.36150951115,12.399,II/389/ps1_dr2
156371660969936198,166.09686132785,40.31295172357,13.222,II/389/ps1_dr2
156451661234958876,166.12340823428,40.3818247402,14.0499,II/389/ps1_dr2
156311662924378031,166.29238557192,40.26452022501,14.7097,II/389/ps1_dr2
155391652575281942,165.25754995554,39.49274636,12.116,II/389/ps1_dr2
155391652582601814,165.25781881,39.49257473,13.2428,II/389/ps1_dr2
155491652855662824,165.28548290479,39.57671784487,13.6343,II/389/ps1_dr2
155491651945152240,165.19444971183,39.57629678965,14.3294,II/389/ps1_dr2
155531653161982192,165.31608281178,39.60950081336,13.3803,II/389/ps1_dr2
155511651373186841,165.13729797921,39.59680350924,14.1636,II/389/ps1_dr2
155651652667584257,165.26665379279,39.71130871199,13.026,II/389/ps1_dr2
155671652672768507,165.26715161039,39.73153583933,13.475,II/389/ps1_dr2
155701652920579596,165.29201835839,39.75738070217,13.236,II/389/ps1_dr2
155661654431776292,165.44313002033,39.7213466368,14.8524,II/389/ps1_dr2
155791654422147888,165.4421914991,39.83095114915,12.715,II/389/ps1_dr2
155661650474158862,165.04737424,39.72344011,12.3241,II/389/ps1_dr2
155661650478728396,165.04795053,39.72308891,12.506,II/389/ps1_dr2
155791651225887869,165.12250847773,39.83100897616,13.9108,II/389/ps1_dr2
155831649173466150,164.91736994448,39.86294203015,14.7914,II/389/ps1_dr2
155901650349031595,165.03496699069,39.91746424436,12.711,II/389/ps1_dr2
155901651814993477,165.18162381,39.91893468,13.4767,II/389/ps1_dr2
155901651818413082,165.18185725726,39.9187203165,12.862,II/389/ps1_dr2
156001653711970665,165.37110496238,40.00001209534,13.621,II/389/ps1_dr2
156041653474185221,165.34743670219,40.0371494269,13.262,II/389/ps1_dr2
155951651256465218,165.12565076608,39.9621524543,14.2151,II/389/ps1_dr2
155961651282150880,165.12820577363,39.96688182472,14.7683,II/389/ps1_dr2
156031651791597526,165.17926655338,40.03071342786,14.9682,II/389/ps1_dr2
156161651848284799,165.18487184533,40.13681159045,14.5193,II/389/ps1_dr2
155931655849301165,165.58483664884,39.94207577992,13.436,II/389/ps1_dr2
155991655996335340,165.599546048,39.99553769403,14.1906,II/389/ps1_dr2
156081657199302339,165.71985616821,40.06805987484,14.7933,II/389/ps1_dr2
156071656881482110,165.68814196544,40.05958332267,14.2356,II/389/ps1_dr2
156081656926236614,165.69270163,40.07188305,14.4528,II/389/ps1_dr2
156081656926445990,165.69251686,40.07083824,13.0658,II/389/ps1_dr2
156081656930395695,165.69323933,40.0709385,10.4473,II/389/ps1_dr2
156061654483697430,165.44829885834,40.05560678714,14.9708,II/389/ps1_dr2
156221655715700895,165.57153812439,40.18348049063,14.1457,II/389/ps1_dr2
156241658897104001,165.88967341743,40.20281541022,14.8852,II/389/ps1_dr2
156271658861656507,165.88614491978,40.22989815024,12.8327,II/389/ps1_dr2
156361658539488611,165.85433047,40.30676734,13.5282,II/389/ps1_dr2
156361658543947467,165.85464794,40.30556258,13.0095,II/389/ps1_dr2
156361658547168011,165.85454729,40.30592533,8.5238,II/389/ps1_dr2
156361658552327691,165.85522548,40.30585372,13.6236,II/389/ps1_dr2
156251656939395481,165.69384172575,40.21237166891,13.6755,II/389/ps1_dr2
156331657398118718,165.73968887524,40.28176909812,14.1945,II/389/ps1_dr2
156371657809621782,165.78095421587,40.30929492178,13.3715,II/389/ps1_dr2
156371657816640800,165.78164329,40.30844268,13.1544,II/389/ps1_dr2
156371657820581000,165.78204096247,40.30864180079,11.859,II/389/ps1_dr2
156371657821750649,165.78216753,40.3083473,13.2801,II/389/ps1_dr2
156371657826020940,165.78273496,40.30862571,13.2296,II/389/ps1_dr2
156111654190451443,165.41899480722,40.09233449215,14.4849,II/389/ps1_dr2
156151653542510525,165.35414695964,40.12481059277,14.4595,II/389/ps1_dr2
156241654956872935,165.49557575,40.2020285,13.4406,II/389/ps1_dr2
156241654958153319,165.49593653338,40.20206686392,11.793,II/389/ps1_dr2
156251653194894857,165.3195245269,40.21186229826,14.519,II/389/ps1_dr2
156251653939737074,165.39407739242,40.21367944532,13.4974,II/389/ps1_dr2
156321653932090396,165.39334864005,40.26645926875,12.352,II/389/ps1_dr2
156431654291433590,165.42908839681,40.36078433651,14.0932,II/389/ps1_dr2
156421655545468643,165.55451648246,40.35667823994,14.7791,II/389/ps1_dr2
156421656103194388,165.61032793695,40.35313774686,13.7845,II/389/ps1_dr2
156461656002149687,165.60023039341,40.39090057669,12.553,II/389/ps1_dr2
156431656590364385,165.65896207271,40.36145368566,13.526,II/389/ps1_dr2
156511654208004310,165.42074495937,40.42804190889,13.6059,II/389/ps1_dr2
156701655595447720,165.55949701614,40.58924752308,14.6376,II/389/ps1_dr2
155931648853220648,164.88537968437,39.94170575806,13.5437,II/389/ps1_dr2
155951649818515673,164.98185878011,39.96253742232,14.2556,II/389/ps1_dr2
156051650642904601,165.06433071404,40.04496647881,14.1824,II/389/ps1_dr2
156221651185021999,165.11855632694,40.18448291087,13.064,II/389/ps1_dr2
156221649416361643,164.94167745515,40.18415844502,14.4091,II/389/ps1_dr2
156321649795391409,164.97953217,40.2673587,11.303,II/389/ps1_dr2
156361650304712075,165.03043778552,40.30118902252,12.222,II/389/ps1_dr2
156411650615309343,165.06155014311,40.34893193972,14.8684,II/389/ps1_dr2
156151646925375835,164.69272946965,40.1292973068,12.762,II/389/ps1_dr2
156301648562437019,164.85628406244,40.25532808559,14.3215,II/389/ps1_dr2
156171646169869080,164.61696109,40.14873397,11.8069,II/389/ps1_dr2
156171646173018703,164.61724952,40.1482634,10.8701,II/389/ps1_dr2
156171646173619087,164.61741143,40.14869617,10.949,II/389/ps1_dr2
156171646177058974,164.61767128,40.14866863,11.1084,II/389/ps1_dr2
156231646148773848,164.614986,40.19432589,13.489,II/389/ps1_dr2
156231646154083857,164.6152043,40.19435014,11.522,II/389/ps1_dr2
156231646160323762,164.6159861,40.1941014,12.2474,II/389/ps1_dr2
156301646252588579,164.62530165892,40.25663262126,14.8514,II/389/ps1_dr2
156341647038814720,164.70404267279,40.2867493462,13.215,II/389/ps1_dr2
156431646530590609,164.65321616965,40.35853779199,13.821,II/389/ps1_dr2
156431646532370961,164.65321049065,40.35853449507,13.853,II/389/ps1_dr2
156481650036550059,165.00359459629,40.39951543055,14.9432,II/389/ps1_dr2
156521650374397136,165.03738485733,40.4387363992,13.6856,II/389/ps1_dr2
156451648132298105,164.81324578833,40.38124329148,14.6295,II/389/ps1_dr2
156511648644325672,164.86423858,40.42902393,13.1642,II/389/ps1_dr2
156511648647579586,164.86474371,40.43234978,12.7393,II/389/ps1_dr2
156511648649118964,164.86494349,40.43199656,13.0747,II/389/ps1_dr2
156511648651804497,164.86516295,40.42837689,12.9466,II/389/ps1_dr2
156511648658868988,164.86589063,40.43196347,12.5411,II/389/ps1_dr2
156511648661798664,164.86620917,40.43177206,12.7629,II/389/ps1_dr2
156511648602229257,164.86013073,40.43235318,14.2387,II/389/ps1_dr2
156531648522051431,164.852503,40.44231608,14.0109,II/389/ps1_dr2
156551648784939148,164.87844349454,40.46542645929,13.6516,II/389/ps1_dr2
156601649352675307,164.93517105808,40.50388290074,13.8076,II/389/ps1_dr2
156651648888096865,164.88873731419,40.54684851038,14.1229,II/389/ps1_dr2
156551653308999376,165.33085708779,40.46551961456,14.7324,II/389/ps1_dr2
156561653616877287,165.36163002494,40.47220553483,14.9554,II/389/ps1_dr2
156601652564944971,165.2564324501,40.50361121164,13.4948,II/389/ps1_dr2
156611651902277435,165.19015832734,40.51398113315,14.6586,II/389/ps1_dr2
156731652304971253,165.23065784,40.60903533,11.5165,II/389/ps1_dr2
156731652305831605,165.23051564,40.60909213,10.637,II/389/ps1_dr2
156731652309211391,165.23086968,40.60895654,10.6928,II/389/ps1_dr2
156661653623270420,165.36228317476,40.54981630244,14.5896,II/389/ps1_dr2
156771654709654396,165.47087287324,40.64478227439,14.9416,II/389/ps1_dr2
156701653238423518,165.32394835,40.58577297,9.3674,II/389/ps1_dr2
156701653242963476,165.32406914,40.58574921,9.39,II/389/ps1_dr2
156791654203359561,165.42039973993,40.6656961211,13.5764,II/389/ps1_dr2
156921654145066659,165.41443781,40.77168356,12.8582,II/389/ps1_dr2
156921654154215505,165.41542544,40.77072068,8.9517,II/389/ps1_dr2
156921654158845313,165.41607438,40.77055381,13.776,II/389/ps1_dr2
156921654143165885,165.41429886,40.77111012,8.287,II/389/ps1_dr2
156921654137426356,165.41378429,40.77143378,14.1361,II/389/ps1_dr2
156911654073168644,165.40729271422,40.76500639249,12.63,II/389/ps1_dr2
156551650757240567,165.07545532,40.45825869,13.8054,II/389/ps1_dr2
156551650765190327,165.07670217,40.45800772,10.8942,II/389/ps1_dr2
156551650761820472,165.07628703,40.45817707,10.4686,II/389/ps1_dr2
156571650580101502,165.05791456687,40.47570984749,14.7892,II/389/ps1_dr2
156631650140797904,165.01400711106,40.53103396775,14.1928,II/389/ps1_dr2
156781650155833519,165.01553684311,40.65238031822,12.828,II/389/ps1_dr2
156711649335899572,164.93351568965,40.59910190424,13.7115,II/389/ps1_dr2
156811649641211347,164.96400963952,40.67554173675,13.173,II/389/ps1_dr2
156811652622473715,165.26222624654,40.67755658422,13.3491,II/389/ps1_dr2
156841652021493967,165.20223703,40.70291931,10.873,II/389/ps1_dr2
156841652027223836,165.20262705,40.70258652,12.6212,II/389/ps1_dr2
156921652157124983,165.21569251834,40.77029273955,14.696,II/389/ps1_dr2
156991653641127583,165.36415549,40.83078038,11.885,II/389/ps1_dr2
156861651458608352,165.14579704106,40.72307356772,13.46,II/389/ps1_dr2
157061651798906382,165.17983870848,40.88814275371,14.0435,II/389/ps1_dr2
156451659686620646,165.9686081396,40.37497110553,14.2408,II/389/ps1_dr2
156431659617520307,165.96169825992,40.35801818239,13.7461,II/389/ps1_dr2
156531659856704730,165.98560416445,40.44503339482,14.9817,II/389/ps1_dr2
156441658458343359,165.8457709,40.36895314,12.2319,II/389/ps1_dr2
156441658460284353,165.84631898,40.36946192,10.4773,II/389/ps1_dr2
156441658464114105,165.846508,40.369579,10.001,II/389/ps1_dr2
156441658455893899,165.84545516,40.36941025,11.6171,II/389/ps1_dr2
156441658465034431,165.8467543,40.36999084,9.4979,II/389/ps1_dr2
156431658316931297,165.83155460738,40.35887812105,13.7693,II/389/ps1_dr2
156521659204786512,165.92038805929,40.43819089134,13.9139,II/389/ps1_dr2
156481657874446730,165.78732439199,40.40510144826,14.1497,II/389/ps1_dr2
156601658597411428,165.85960541435,40.50065885423,14.209,II/389/ps1_dr2
156621659677507199,165.96768230133,40.52209733252,14.4662,II/389/ps1_dr2
156601657726136233,165.77239665,40.50463106,9.1859,II/389/ps1_dr2
156601657736515898,165.77356051,40.50437037,8.5229,II/389/ps1_dr2
156601657738605308,165.77383685,40.50379428,13.5039,II/389/ps1_dr2
156601657741195766,165.77426592,40.50441712,13.4809,II/389/ps1_dr2
156601657744894935,165.77443448,40.5035279,13.8194,II/389/ps1_dr2
156641657596278385,165.75973778,40.5396839,10.8366,II/389/ps1_dr2
156641657595628839,165.75942465994,40.5401850611,13.4643,II/389/ps1_dr2
156751657210783663,165.72098538011,40.62751598098,14.5256,II/389/ps1_dr2
156841657036692476,165.70355644641,40.70153429901,14.6525,II/389/ps1_dr2
156871657319897311,165.73182085228,40.73055333655,12.741,II/389/ps1_dr2
156841656124841871,165.61241840168,40.70102209746,14.9379,II/389/ps1_dr2
156851655722732115,165.57226670332,40.70956706192,13.39,II/389/ps1_dr2
156921656352132533,165.63518228745,40.76824803793,14.9464,II/389/ps1_dr2
156981656394994482,165.63938061,40.81974739,11.137,II/389/ps1_dr2
157031654830803166,165.48298781065,40.86047604075,12.489,II/389/ps1_dr2
157041655514799421,165.55145115578,40.87396538875,14.0624,II/389/ps1_dr2
157051654405771279,165.44041563,40.87551485,13.489,II/389/ps1_dr2
157051654412471378,165.44099893,40.87550835,11.463,II/389/ps1_dr2
157051654414471060,165.44170992,40.87518066,12.1294,II/389/ps1_dr2
157201653213475269,165.32132573963,41.0038644645,13.7851,II/389/ps1_dr2
157241653257609000,165.32571964671,41.04029532319,12.812,II/389/ps1_dr2
156351645219237512,164.52196033844,40.29738178835,14.8755,II/389/ps1_dr2
156541645816185872,164.5815641205,40.45436580576,13.6436,II/389/ps1_dr2
156451643946408039,164.39477422584,40.38109680078,13.7782,II/389/ps1_dr2
156601646007649517,164.60069655142,40.50722800644,14.6692,II/389/ps1_dr2
156601645022029791,164.50221955257,40.50763369713,14.5192,II/389/ps1_dr2
156701647697483205,164.76970841647,40.58547512701,14.8362,II/389/ps1_dr2
156651646184870294,164.61843372563,40.54137263558,14.2103,II/389/ps1_dr2
156801645810164446,164.58097121,40.6697148,10.505,II/389/ps1_dr2
156891646802473073,164.6801540128,40.7437177958,13.14,II/389/ps1_dr2
156871647042273458,164.70428428,40.72732721,14.065,II/389/ps1_dr2
156871647043743098,164.70443274,40.72716946,10.961,II/389/ps1_dr2
156871647048043005,164.70474961,40.72707065,10.527,II/389/ps1_dr2
156871647055363306,164.70547976,40.72717116,13.4274,II/389/ps1_dr2
156901647040494073,164.70405440531,40.75289125333,13.6621,II/389/ps1_dr2
156621643131057020,164.31306220845,40.52200689672,13.8493,II/389/ps1_dr2
156671644587165579,164.45871815609,40.56248739034,13.9777,II/389/ps1_dr2
156731644638709826,164.46386597828,40.61599446293,14.8665,II/389/ps1_dr2
156801644553542344,164.45536308012,40.66809334241,14.2302,II/389/ps1_dr2
156791644299529867,164.42994775291,40.66602838966,14.0635,II/389/ps1_dr2
156711642943340211,164.29439146332,40.59133213111,12.053,II/389/ps1_dr2
156701642946229948,164.29461114,40.59111309,12.7654,II/389/ps1_dr2
156761643707586377,164.37075703257,40.63811588282,13.7428,II/389/ps1_dr2
156871643123973520,164.31238157239,40.72738520674,12.678,II/389/ps1_dr2
156881645945072804,164.59460962,40.73510628,13.9923,II/389/ps1_dr2
156881645949432846,164.59484711158,40.73512616163,12.779,II/389/ps1_dr2
156881644773931103,164.47735853538,40.73370701686,14.4713,II/389/ps1_dr2
157001646832217040,164.68323062295,40.83865725658,14.8918,II/389/ps1_dr2
157031646459042638,164.64588647087,40.85997987379,13.467,II/389/ps1_dr2
157021646021192306,164.60209514889,40.8513853602,14.1883,II/389/ps1_dr2
156981643630351846,164.36296273107,40.81765803861,13.4243,II/389/ps1_dr2
157141645708229952,164.57078937687,40.95776801669,13.255,II/389/ps1_dr2
157151644902660945,164.49024117976,40.95861188037,12.05,II/389/ps1_dr2
157151644906840894,164.49073691,40.95861556,13.1721,II/389/ps1_dr2
156781648827876520,164.882682718,40.65491571189,13.4045,II/389/ps1_dr2
156961648073464199,164.80735284835,40.80295846809,14.4505,II/389/ps1_dr2
157021648994740047,164.89938765973,40.84957225602,12.305,II/389/ps1_dr2
157021648996923463,164.89968031802,40.85237497319,14.6873,II/389/ps1_dr2
157151650532062712,165.05310805954,40.96005602935,13.045,II/389/ps1_dr2
157131651292490511,165.12925427651,40.94157944223,14.7602,II/389/ps1_dr2
157151649468142211,164.94709920467,40.95973916122,13.3353,II/389/ps1_dr2
157151649471782563,164.94710498945,40.95974754906,13.303,II/389/ps1_dr2
157231649041364987,164.90413033489,41.02863233008,14.5675,II/389/ps1_dr2
157341650458349173,165.04543592,41.12378577,11.6929,II/389/ps1_dr2
157341650464359154,165.04622303,41.12373354,10.972,II/389/ps1_dr2
157341650463249493,165.0464311,41.12396575,11.3475,II/389/ps1_dr2
157411650869941359,165.08699736791,41.175574026,14.3042,II/389/ps1_dr2
157061647649375333,164.76494095604,40.88722252855,14.4592,II/389/ps1_dr2
157081647671332545,164.76716111855,40.90155111574,14.9497,II/389/ps1_dr2
157181647773591009,164.77765005,40.98356353,9.0411,II/389/ps1_dr2
157211647260169596,164.72602056018,41.01580159752,14.0107,II/389/ps1_dr2
157261648166467063,164.81682582,41.05512976,10.9234,II/389/ps1_dr2
157261648169136675,164.81715298,41.05492143,10.505,II/389/ps1_dr2
157161646324864513,164.6324797463,40.96989676592,14.0017,II/389/ps1_dr2
157241646538605555,164.65384160562,41.03743520094,14.1555,II/389/ps1_dr2
157291647521582615,164.751877,41.07664922,13.3641,II/389/ps1_dr2
157291647516272516,164.75163505034,41.07667037284,12.413,II/389/ps1_dr2
157351647251113649,164.72508827368,41.12752541133,14.2569,II/389/ps1_dr2
157371646680249112,164.66800208411,41.14872208168,14.6143,II/389/ps1_dr2
157301648899854209,164.8899814114,41.08630415424,14.9137,II/389/ps1_dr2
157391649447171847,164.94509632,41.15932972,10.9727,II/389/ps1_dr2
157391649450692124,164.94517867,41.15952687,10.9501,II/389/ps1_dr2
157431648525508983,164.85256435675,41.19861661535,13.8295,II/389/ps1_dr2
156891641323825732,164.13234401981,40.74583357285,14.9622,II/389/ps1_dr2
156881641758782199,164.17585712538,40.73460537299,14.0692,II/389/ps1_dr2
156941642012948954,164.2012414563,40.79027707938,13.05,II/389/ps1_dr2
156941641598660892,164.15984316034,40.78350518439,14.3967,II/389/ps1_dr2
156991641396538651,164.13961492493,40.83163802547,14.4476,II/389/ps1_dr2
157051641390645667,164.13916448,40.8791528,12.078,II/389/ps1_dr2
157131643799125998,164.37989947853,40.94614416165,11.67,II/389/ps1_dr2
157141644151499661,164.41512900055,40.95750116117,13.244,II/389/ps1_dr2
157231644831282134,164.48311052911,41.02625281815,14.2785,II/389/ps1_dr2
157241644510704688,164.45105670157,41.03671624918,14.7449,II/389/ps1_dr2
157111642740082033,164.27397168735,40.92618248533,13.409,II/389/ps1_dr2
157211642673487946,164.26732073845,41.01443505474,13.4311,II/389/ps1_dr2
157311643517850429,164.35176339438,41.09148203653,14.2463,II/389/ps1_dr2
157281641570822046,164.15699731862,41.06779147679,14.1159,II/389/ps1_dr2
157431645405142788,164.54051193784,41.19345609127,12.93,II/389/ps1_dr2
157401644622577243,164.46222680898,41.17214630753,13.161,II/389/ps1_dr2
157461644364139895,164.43638285391,41.22437068341,14.6964,II/389/ps1_dr2
157491646847526443,164.68469897464,41.24643649616,14.4354,II/389/ps1_dr2
157551647777162467,164.77771017804,41.29321155849,14.2355,II/389/ps1_dr2
157591646624439521,164.66242437431,41.3323947741,14.0164,II/389/ps1_dr2
157651647019729269,164.70160371,41.38232891,11.131,II/389/ps1_dr2
157651647025478744,164.70236713,41.38150115,10.6101,II/389/ps1_dr2
157651647029769253,164.7029309,41.38243034,12.2918,II/389/ps1_dr2
157651647015268579,164.70145161,41.38166912,13.7807,II/389/ps1_dr2
157651647020048919,164.70195273,41.38207824,11.0694,II/389/ps1_dr2
157651647023119716,164.70208672,41.38263495,13.6505,II/389/ps1_dr2
157651647023649120,164.70252445,41.38223333,9.678,II/389/ps1_dr2
157751647631565927,164.76319351355,41.46273404604,14.6869,II/389/ps1_dr2
157781648047116531,164.80461791007,41.4883092644,14.7182,II/389/ps1_dr2
157791647821161770,164.78211724342,41.49262118885,13.8508,II/389/ps1_dr2
157261652349634655,165.23498357725,41.05335278898,14.7791,II/389/ps1_dr2
157631649375867253,164.93762455,41.36364868,14.008,II/389/ps1_dr2
157631649373456994,164.93764978048,41.36362033279,13.3218,II/389/ps1_dr2
52601,161.3420712876,38.9385662053,9.72,I/239/hip_main
52791,161.9007213043,39.2268728654,10.84,I/239/hip_main
52895,162.2789144467,38.1776097608,10.19,I/239/hip_main
53110,162.9852571641,40.1094978492,9.65,I/239/hip_main
53144,163.0725535038,39.3474057374,10.17,I/239/hip_main
53166,163.1464031415,38.3343756104,7.65,I/239/hip_main
53171,163.1597051285,39.2300801773,10.57,I/239/hip_main
53182,163.1770766837,40.1711592999,7.15,I/239/hip_main
53299,163.519822752,37.7112027721,10.12,I/239/hip_main
53326,163.6088613793,38.6599558224,9.9,I/239/hip_main
53350,163.6655456811,40.1166923362,10.01,I/239/hip_main
53483,164.1197065951,40.2532302933,10.69,I/239/hip_main
53508,164.1905846998,39.8119829864,8.44,I/239/hip_main
53539,164.2956536344,38.791122432,9.56,I/239/hip_main
53565,164.3665616669,37.64845248,9.11,I/239/hip_main
53620,164.5511938359,39.0522487632,9.72,I/239/hip_main
53640,164.6045098763,37.0312614124,10.6,I/239/hip_main
53641,164.6063441913,37.0287075024,8.78,I/239/hip_main
53688,164.7760745835,40.9836084822,8.26,I/239/hip_main
53721,164.8665570638,40.4302568508,5.03,I/239/hip_main
53726,164.8866143004,36.09309993,5.99,I/239/hip_main
53832,165.2023132067,40.7029326803,10.11,I/239/hip_main
53838,165.210080324,39.2120921744,5.06,I/239/hip_main
53852,165.2472455786,36.5386033651,8.65,I/239/hip_main
53895,165.414751728,40.7710488047,8.51,I/239/hip_main
53897,165.4220932721,38.0083540935,7.79,I/239/hip_main
53903,165.4405806038,36.6782438404,7.45,I/239/hip_main
53931,165.5346671689,36.9816344162,8.57,I/239/hip_main
53946,165.5691767054,38.4186794403,10.05,I/239/hip_main
53986,165.6594864644,36.3368041558,8.35,I/239/hip_main
54020,165.7732005214,40.5045583861,8.19,I/239/hip_main
54035,165.834141642,35.9698775505,7.49,I/239/hip_main
54047,165.8974240671,38.2333525321,9.06,I/239/hip_main
54073,165.9707131981,38.9609451376,7.86,I/239/hip_main
54105,166.0662324564,40.0047286346,10.74,I/239/hip_main
54107,166.0758159528,38.8682482773,7.14,I/239/hip_main
54136,166.130108897,38.2413648053,6.01,I/239/hip_main
54165,166.2006331009,35.6073899915,10.54,I/239/hip_main
54178,166.2385366217,38.4105523093,7.83,I/239/hip_main
54210,166.3829045179,38.2759916682,8.7,I/239/hip_main
54235,166.4514713491,38.394354851,6.92,I/239/hip_main
54239,166.4567091831,35.2016536273,9.06,I/239/hip_main
54267,166.528018889,39.7952173803,8.28,I/239/hip_main
54334,166.7218382971,37.7703296943,10.53,I/239/hip_main
54343,166.7566846651,36.7365459011,8.16,I/239/hip_main
54376,166.8767789848,38.9511369755,9.12,I/239/hip_main
54422,167.0497728703,36.764628451,12.17,I/239/hip_main
54426,167.0583938862,38.4266314502,8.35,I/239/hip_main
54428,167.0609516497,36.4546461742,8.25,I/239/hip_main
54465,167.148979802,36.0108309824,7.32,I/239/hip_main
54522,167.3295003665,36.309378969,5.71,I/239/hip_main
54591,167.5807808508,38.6664028198,10.14,I/239/hip_main
54666,167.8546755661,37.6983105444,8.5,I/239/hip_main
54695,167.96266848,37.123499719,10.53,I/239/hip_main
54726,168.0617146706,36.8927025767,7.45,I/239/hip_main
54832,168.3853151786,37.1197405435,9.4,I/239/hip_main
54941,168.76291736,37.5786449463,7.53,I/239/hip_main
55030,168.9849035727,37.643139932,9.82,I/239/hip_main
55089,169.1846445406,37.3938425596,8.93,I/239/hip_main
