# Header FITS:
# SIMPLE: True
# BITPIX: 16
# NAXIS: 2
# NAXIS1: 3072
# NAXIS2: 2048
# EXTEND: True
# COMMENT:   FITS (Flexible Image Transport System) format is defined in 'Astronomy
# COMMENT:   and Astrophysics', volume 376, page 359; bibcode: 2001A&A...376..359H
# BZERO: 32768
# BSCALE: 1
# DATE-OBS: 2025-01-20T22:13:37.749
# DATE-END: 2025-01-20T22:13:38.808
# TSTART: 1737411217749.16
# TSTOP: 1737411218749.17
# DATE: 2025-01-20T22:13:41
# EXPOSURE: 1000000.0
# COMMENT: Start of commanded pointing details
# RA0: 4.162944e-11
# DEC0: 4.591495e-41
# EPOCH0: 0.0
# WCSAXES: 2
# CTYPE1: RA---TAN-SIP
# CTYPE2: DEC--TAN-SIP
# RA: 83.0907083009277
# DEC: 22.015081528694
# EQUINOX: 2000.0
# CRVAL1: 83.0907083009277
# CRVAL2: 22.015081528694
# CRPIX1: 1535.5
# CRPIX2: 1023.5
# CD1_1: -0.00141562718652978
# CD1_2: 0.00115358154889604
# CD2_1: -0.00115316229792833
# CD2_2: -0.00141662439885376
# A_ORDER: 2
# A_0_2: -1.78603062826344e-07
# A_1_1: 6.84376681393903e-08
# A_2_0: 3.91467547492433e-08
# B_ORDER: 2
# B_0_2: -5.14970977561816e-07
# B_1_1: 2.5607389652463e-07
# B_2_0: -5.63766286227873e-08
# AP_ORDER: 2
# AP_0_0: 6.97230710774062e-07
# AP_0_1: 1.51616997397416e-07
# AP_0_2: 1.78600440443186e-07
# AP_1_0: -5.12602004010076e-08
# AP_1_1: -6.84364711821283e-08
# AP_2_0: -3.91470443511284e-08
# BP_ORDER: 2
# BP_0_0: 1.82589981079969e-06
# BP_0_1: 4.2537527847369e-07
# BP_0_2: 5.14963375196253e-07
# BP_1_0: -1.59946860924028e-07
# BP_1_1: -2.56070833032267e-07
# BP_2_0: 5.63762284930201e-08
# PERCORSO_FILE: /home/lorysimeone/tesi_magistrale/pmc_photometry/run_vecchie/20250120_run2/20250120_221337.fits
#
ID,RAJ2000,DEJ2000,Mag,Catalogo
130690821322109668,82.13220354903,18.91598043051,14.5101,II/389/ps1_dr2
130710820998962620,82.09987999837,18.92678007644,14.765,II/389/ps1_dr2
130730821192850079,82.11928859498,18.94128892255,14.5314,II/389/ps1_dr2
130680820447256127,82.04470483995,18.90467359996,14.1148,II/389/ps1_dr2
130700820251822560,82.02515908312,18.91839115636,14.832,II/389/ps1_dr2
130690820338006442,82.03378178438,18.91327091062,14.7855,II/389/ps1_dr2
130770820978449951,82.0978403928,18.98285328854,14.7698,II/389/ps1_dr2
130760820919978920,82.09197158193,18.9737088995,13.352,II/389/ps1_dr2
130710819828247699,81.98279204376,18.93099297656,13.477,II/389/ps1_dr2
130710819940672324,81.99404309662,18.92652904139,13.7151,II/389/ps1_dr2
130710820048467004,82.00483345227,18.93041370298,14.3056,II/389/ps1_dr2
130760820576392610,82.05759463028,18.96844311175,13.5443,II/389/ps1_dr2
130800820784694291,82.07840799236,19.00324262167,13.3342,II/389/ps1_dr2
130760819603686322,81.96034910463,18.97150825768,14.2938,II/389/ps1_dr2
130800819641790645,81.96413804801,19.00010265509,14.1767,II/389/ps1_dr2
130800819262576711,81.92622548801,19.00516249369,14.4597,II/389/ps1_dr2
130790819348943205,81.9348587396,18.9938987077,13.7981,II/389/ps1_dr2
130850820270429574,82.02700827696,19.04922206683,14.7046,II/389/ps1_dr2
130790818964194799,81.89638327824,18.99527466863,14.4375,II/389/ps1_dr2
130860819693008349,81.96948256,19.05633114,11.4526,II/389/ps1_dr2
130860819695648076,81.96954805,19.05629012,12.5449,II/389/ps1_dr2
130860819690557983,81.9691654,19.05628102,11.168,II/389/ps1_dr2
130930819507794279,81.95073234834,19.11150692172,14.6434,II/389/ps1_dr2
130920819419775001,81.94194346796,19.10372649057,14.8231,II/389/ps1_dr2
130940818343340570,81.8343327,19.11674948,12.883,II/389/ps1_dr2
130950818138123849,81.8137907483,19.12778636362,14.4229,II/389/ps1_dr2
130950817832628397,81.78318193476,19.13155967619,14.247,II/389/ps1_dr2
131010818152820625,81.81525617081,19.17511121249,14.9942,II/389/ps1_dr2
131030818497243351,81.849681,19.194197,10.706,II/389/ps1_dr2
131030818500493779,81.85003724,19.19438274,13.1816,II/389/ps1_dr2
131030818202375721,81.82021435874,19.19601808969,14.5384,II/389/ps1_dr2
131060818321889884,81.8321516993,19.22447438777,14.4958,II/389/ps1_dr2
131090817990534852,81.79902247291,19.24528366444,14.7903,II/389/ps1_dr2
131060817012510280,81.70121572433,19.21648232697,14.2663,II/389/ps1_dr2
131060816810959037,81.68102904387,19.223762413,13.8351,II/389/ps1_dr2
131090817319021442,81.73185220129,19.24243122301,13.9046,II/389/ps1_dr2
131140817690270139,81.76899284576,19.28302379086,14.4002,II/389/ps1_dr2
131140817087543875,81.70870558179,19.28612839294,14.9342,II/389/ps1_dr2
131110817098525253,81.70982472473,19.26228223897,14.808,II/389/ps1_dr2
131110817123593929,81.71221809584,19.26112993027,13.7962,II/389/ps1_dr2
131120817167711593,81.71666420909,19.2675445625,13.4476,II/389/ps1_dr2
131110816545914823,81.65460927758,19.26186389319,14.869,II/389/ps1_dr2
131130816668838820,81.66684864662,19.28193318344,14.9689,II/389/ps1_dr2
131170816498390964,81.64982473492,19.30866622237,13.737,II/389/ps1_dr2
131170816479460803,81.64796462873,19.30851728757,14.5,II/389/ps1_dr2
131160816807297727,81.68068883391,19.30599422824,14.5598,II/389/ps1_dr2
131210816476995503,81.64765909686,19.34579114475,13.8907,II/389/ps1_dr2
131250815509180042,81.55094499306,19.37458298934,13.229,II/389/ps1_dr2
131300815599112716,81.55982027796,19.41850940653,13.446,II/389/ps1_dr2
131300815438600164,81.5438345,19.41639253,12.737,II/389/ps1_dr2
131790833647544118,83.36474335709,19.82797106514,13.114,II/389/ps1_dr2
131830834039114127,83.4038882784,19.86132696852,13.281,II/389/ps1_dr2
131870834492259059,83.44921539905,19.89873913924,13.5859,II/389/ps1_dr2
131920834935985161,83.49360294771,19.9371637905,14.6066,II/389/ps1_dr2
131920835067717314,83.50680684,19.93892643,10.81,II/389/ps1_dr2
131920835071027534,83.50700311,19.93905274,10.465,II/389/ps1_dr2
131920835070617155,83.50709754,19.93915307,10.4881,II/389/ps1_dr2
131960835494936448,83.54949930519,19.9715629025,12.6,II/389/ps1_dr2
132000835668142297,83.56682557745,20.00145216845,14.5601,II/389/ps1_dr2
132010835776379784,83.57766203387,20.01602668525,14.0894,II/389/ps1_dr2
132020836173349609,83.61734547991,20.02421157301,14.626,II/389/ps1_dr2
132060836447539863,83.64477893237,20.05776103674,12.22,II/389/ps1_dr2
132100836841001113,83.6841151241,20.08381497024,14.8379,II/389/ps1_dr2
130810822894117181,82.28938956234,19.01393796224,14.9244,II/389/ps1_dr2
130710821866357642,82.18660762643,18.93097941795,13.9349,II/389/ps1_dr2
130720821841638775,82.18437235,18.94035905,10.9311,II/389/ps1_dr2
130730821651212155,82.1652987,18.94317348,11.7111,II/389/ps1_dr2
130730821655762019,82.16575901,18.94306694,12.9537,II/389/ps1_dr2
130750821882509668,82.18817411656,18.96598740579,13.4778,II/389/ps1_dr2
130740821713405234,82.17132377068,18.95396919965,14.3505,II/389/ps1_dr2
130750821756345395,82.17551946,18.96251201,11.579,II/389/ps1_dr2
130750821753515291,82.17553176,18.96221638,11.5932,II/389/ps1_dr2
130750821749205579,82.17497887,18.96264532,14.1116,II/389/ps1_dr2
130800821027192415,82.10268402119,19.00160614952,14.117,II/389/ps1_dr2
130850822075064607,82.2077572177,19.04523637015,13.1921,II/389/ps1_dr2
130850822078104659,82.20775327348,19.045244863,13.343,II/389/ps1_dr2
130800822579696845,82.257956525,19.00531950574,14.8856,II/389/ps1_dr2
130850823077506388,82.3078340159,19.04656134386,13.9746,II/389/ps1_dr2
130840823103336250,82.31030866524,19.03815930706,14.1138,II/389/ps1_dr2
130880822415615556,82.24154251738,19.07091420788,14.6544,II/389/ps1_dr2
130900822264610944,82.22641877191,19.08373355646,14.4834,II/389/ps1_dr2
130920822882329026,82.28818844662,19.10712441438,13.6643,II/389/ps1_dr2
130920823922969321,82.39226812242,19.10737898682,14.8646,II/389/ps1_dr2
130970824490769206,82.44906499483,19.14890992633,12.534,II/389/ps1_dr2
131030825135487117,82.51354476352,19.1971572861,14.3677,II/389/ps1_dr2
130940823204926122,82.32045545317,19.12138222632,14.583,II/389/ps1_dr2
130940823941529938,82.39411562587,19.12456749057,13.7576,II/389/ps1_dr2
130960823179754946,82.3179674989,19.13707343202,14.6694,II/389/ps1_dr2
131000822997167677,82.29967128137,19.17265540277,13.9008,II/389/ps1_dr2
131030823848300637,82.38470728581,19.19177644757,13.5322,II/389/ps1_dr2
131070823592422609,82.35921351519,19.22679111989,14.1561,II/389/ps1_dr2
131050823680814155,82.3680620444,19.21141610817,14.2402,II/389/ps1_dr2
131030824416526192,82.44163009252,19.19628943849,13.267,II/389/ps1_dr2
131050824472730677,82.44728086,19.20841597,13.7109,II/389/ps1_dr2
131050824474670938,82.44734027826,19.20850285391,13.6727,II/389/ps1_dr2
131060824786399369,82.47858808534,19.22400679255,14.7764,II/389/ps1_dr2
131070825008466849,82.50083738381,19.23026268147,13.8594,II/389/ps1_dr2
131070825198807184,82.51989513301,19.23055111811,14.8555,II/389/ps1_dr2
131070824684625342,82.46841150177,19.22897598582,14.5002,II/389/ps1_dr2
131070824666514092,82.46659882221,19.22793780291,14.6131,II/389/ps1_dr2
131050824135521836,82.41350576101,19.2094040041,14.7887,II/389/ps1_dr2
131090823786228737,82.3786448035,19.24851860443,14.2761,II/389/ps1_dr2
131130824147426766,82.41473491871,19.28033526927,12.755,II/389/ps1_dr2
130830821184381125,82.1184535574,19.02549473173,14.7069,II/389/ps1_dr2
130890821310281493,82.13104203047,19.07580207919,14.9335,II/389/ps1_dr2
130850820425832248,82.04255059144,19.04312096539,14.3862,II/389/ps1_dr2
130910820992586442,82.09922991698,19.09664528597,14.1371,II/389/ps1_dr2
130890821824768247,82.18252308795,19.08143491245,13.7678,II/389/ps1_dr2
131020822183798305,82.21835538179,19.18987923793,14.7815,II/389/ps1_dr2
130980821433684055,82.14331828959,19.15302766718,13.446,II/389/ps1_dr2
131000820563689928,82.05636554,19.17455081,13.6609,II/389/ps1_dr2
131010820560690043,82.0560371,19.17462249,12.354,II/389/ps1_dr2
130950819540459189,81.95404734,19.13225251,12.784,II/389/ps1_dr2
131000819766703580,81.97663449004,19.16925297728,14.9378,II/389/ps1_dr2
131000819946828704,81.99477060276,19.17335114212,13.8317,II/389/ps1_dr2
131000819948568380,81.99484554,19.17322772,13.8252,II/389/ps1_dr2
131010820209473533,82.02090885098,19.17755897002,14.6732,II/389/ps1_dr2
131050821355057924,82.13549028,19.21453235,11.666,II/389/ps1_dr2
131050821357038186,82.13561399,19.21463185,12.8114,II/389/ps1_dr2
131070821579438596,82.15793164842,19.23176864292,14.6941,II/389/ps1_dr2
131070820204920522,82.02035285565,19.22500630536,12.211,II/389/ps1_dr2
131100820561735834,82.05615450489,19.25446342052,14.7438,II/389/ps1_dr2
131060823069922119,82.30695674303,19.21803537401,14.3561,II/389/ps1_dr2
131060823314969571,82.33147662464,19.2242578797,14.7249,II/389/ps1_dr2
131080822902302005,82.29020695056,19.23463602134,13.7116,II/389/ps1_dr2
131040822218755113,82.22166064,19.20375054,13.1382,II/389/ps1_dr2
131060822359694634,82.23595970681,19.22015012692,13.5387,II/389/ps1_dr2
131040822215344793,82.22154379,19.20362876,12.451,II/389/ps1_dr2
131070822098335386,82.20981303603,19.22909255802,14.9285,II/389/ps1_dr2
131060821962893346,82.19628187478,19.21906556656,14.6439,II/389/ps1_dr2
131170824053766770,82.40539850959,19.31353207797,14.8462,II/389/ps1_dr2
131160822933500627,82.29335893689,19.30016924375,13.392,II/389/ps1_dr2
131230823712090926,82.371231917,19.35868876239,14.9382,II/389/ps1_dr2
131230823671685018,82.36719769,19.36206825,11.442,II/389/ps1_dr2
131230823675215054,82.36749735,19.36204129,12.4465,II/389/ps1_dr2
131260823531335991,82.35314703481,19.38787227727,14.4977,II/389/ps1_dr2
131230823500843661,82.35009991459,19.36092942401,14.6533,II/389/ps1_dr2
131140822066161632,82.20660093435,19.28429754413,14.6282,II/389/ps1_dr2
131160822233885510,82.22337789172,19.30419774477,14.6512,II/389/ps1_dr2
131180821611205282,82.1610939202,19.32065974332,14.1732,II/389/ps1_dr2
131250821750354016,82.17502311214,19.37791917001,14.1777,II/389/ps1_dr2
131210822569453144,82.25694369087,19.34387784515,14.6224,II/389/ps1_dr2
131240822605382525,82.26052797543,19.36836429314,14.066,II/389/ps1_dr2
131280822101096205,82.21010088503,19.40476836347,14.8033,II/389/ps1_dr2
131310822912144433,82.29125111031,19.42813605667,14.4774,II/389/ps1_dr2
131100825924294968,82.59244299318,19.25369854125,14.6445,II/389/ps1_dr2
131100826077000565,82.60770939139,19.2500240328,14.4069,II/389/ps1_dr2
131110826172509701,82.61726065883,19.26597187941,14.7664,II/389/ps1_dr2
131160826528531358,82.65286307793,19.30068452904,14.9139,II/389/ps1_dr2
131180827059568858,82.70595162738,19.32360373925,14.6794,II/389/ps1_dr2
131260827000835381,82.70008829169,19.3873810431,14.8399,II/389/ps1_dr2
131250827036643050,82.70366468063,19.3771170522,13.9832,II/389/ps1_dr2
131260827068614400,82.70685981476,19.38654331242,14.5578,II/389/ps1_dr2
131110825468579711,82.5468773873,19.26596599591,14.4848,II/389/ps1_dr2
131140825618182484,82.56187315,19.28506909,11.0837,II/389/ps1_dr2
131140825619412897,82.56199452,19.28523463,10.847,II/389/ps1_dr2
131140825616283160,82.56141454,19.28552209,12.3265,II/389/ps1_dr2
131170826138589230,82.6138669506,19.31556746531,14.3995,II/389/ps1_dr2
131150824943046316,82.49426903448,19.29646008088,12.814,II/389/ps1_dr2
131160824634195935,82.463451,19.304375,11.359,II/389/ps1_dr2
131170824636480050,82.46354790967,19.3079136353,13.3472,II/389/ps1_dr2
131160824637355880,82.4634638,19.30435676,12.7087,II/389/ps1_dr2
131170824540582410,82.45403430776,19.30981399135,13.4164,II/389/ps1_dr2
131200825956328582,82.59564742916,19.34003851264,14.9936,II/389/ps1_dr2
131220826051568719,82.60516342,19.35684501,11.762,II/389/ps1_dr2
131250826035272748,82.60353444759,19.37687467643,14.788,II/389/ps1_dr2
131250826111881944,82.61119993665,19.37618010465,14.7539,II/389/ps1_dr2
131240826694063927,82.66936047854,19.36947063979,13.8292,II/389/ps1_dr2
131240826752198567,82.67512201659,19.37329402781,12.76,II/389/ps1_dr2
131280826410466580,82.64105628024,19.40504236867,14.628,II/389/ps1_dr2
131260825743590373,82.574369518,19.38319249623,13.7446,II/389/ps1_dr2
131250825603362579,82.56035226049,19.37670242244,13.9127,II/389/ps1_dr2
131270825847091177,82.58472493547,19.39220370673,14.0377,II/389/ps1_dr2
131250825517928646,82.55179556103,19.38175188832,14.8634,II/389/ps1_dr2
131320825835118209,82.58352141033,19.43972651445,14.3669,II/389/ps1_dr2
131340826324464621,82.63247106519,19.45342755417,13.475,II/389/ps1_dr2
131250827825467143,82.78252096049,19.38046421786,13.8691,II/389/ps1_dr2
131230827543478393,82.75432311358,19.36485764944,14.7429,II/389/ps1_dr2
131250827392407246,82.73923678148,19.38048979579,13.6201,II/389/ps1_dr2
131270827563024865,82.75631621405,19.39527952683,14.3789,II/389/ps1_dr2
131280827745891007,82.77459456322,19.40039614352,14.2566,II/389/ps1_dr2
131290827792182533,82.77924301462,19.40999606728,14.9657,II/389/ps1_dr2
131290827985914904,82.79860588872,19.41197933058,14.7251,II/389/ps1_dr2
131310828307353855,82.83071688676,19.42776576739,13.8185,II/389/ps1_dr2
131330828132550944,82.81322775,19.44199103,12.239,II/389/ps1_dr2
131350828844314933,82.88446712427,19.4620240971,14.9206,II/389/ps1_dr2
131350828671221942,82.86714478824,19.4595311933,13.6639,II/389/ps1_dr2
131370828566615664,82.85657515948,19.47923364973,14.1349,II/389/ps1_dr2
131350828549408122,82.85493939298,19.46465293163,14.428,II/389/ps1_dr2
131380828745102899,82.87452651741,19.48530985361,14.4657,II/389/ps1_dr2
131410829014995225,82.90152588698,19.51224817131,14.3,II/389/ps1_dr2
131300827109472764,82.7108543381,19.41849881226,12.585,II/389/ps1_dr2
131320827197801141,82.71973614903,19.43380027727,14.3251,II/389/ps1_dr2
131310826828127889,82.68283533228,19.43112572775,14.2553,II/389/ps1_dr2
131330827094361528,82.70941107491,19.44240713118,14.208,II/389/ps1_dr2
131340827121185864,82.7120711618,19.45442623427,14.7377,II/389/ps1_dr2
131350827668559702,82.76684616502,19.46595122201,14.2585,II/389/ps1_dr2
131380827560509262,82.75606374254,19.4906085225,13.364,II/389/ps1_dr2
131340826542736144,82.65428565484,19.45467143762,14.6695,II/389/ps1_dr2
131360826395266396,82.63952592585,19.47155747856,12.303,II/389/ps1_dr2
131340826380967950,82.63810765395,19.45618106933,13.7866,II/389/ps1_dr2
131390828086393987,82.80865209968,19.49453808578,14.8734,II/389/ps1_dr2
131410827662540105,82.76626108344,19.50797371963,14.744,II/389/ps1_dr2
131430828511359612,82.85115017248,19.53255587985,14.3977,II/389/ps1_dr2
131470828188810567,82.81889784812,19.55834675594,14.3021,II/389/ps1_dr2
131470828231475772,82.82317089153,19.56269321105,14.3108,II/389/ps1_dr2
131490828455781084,82.84560718276,19.57545161086,12.545,II/389/ps1_dr2
131460827837498223,82.78376155602,19.55640271124,13.4594,II/389/ps1_dr2
131470827164670152,82.716476257,19.55801576498,14.8959,II/389/ps1_dr2
131510827538983607,82.75390933219,19.59421493478,14.7001,II/389/ps1_dr2
131530827913664091,82.7913866033,19.61129354933,14.0707,II/389/ps1_dr2
131180824335449740,82.4335725447,19.32433999723,14.1905,II/389/ps1_dr2
131190824534349799,82.45342140951,19.33274257676,14.6794,II/389/ps1_dr2
131210824739515621,82.47397296131,19.34587734281,14.2233,II/389/ps1_dr2
131200824153299727,82.4153516961,19.34099219091,14.4918,II/389/ps1_dr2
131300824840155291,82.48403364911,19.42063193899,13.2475,II/389/ps1_dr2
131290824974241549,82.49743579997,19.40917565291,14.9331,II/389/ps1_dr2
131330824641508304,82.46416500413,19.44813596342,13.4485,II/389/ps1_dr2
131310825506422750,82.55065232977,19.42683748115,13.5026,II/389/ps1_dr2
131330825039771686,82.50399381316,19.44262146845,14.3435,II/389/ps1_dr2
131380825833937131,82.58340036968,19.48882527628,13.9887,II/389/ps1_dr2
131340824956172344,82.49563471767,19.45150084656,14.136,II/389/ps1_dr2
131370824946750304,82.49466068185,19.47477929693,14.9349,II/389/ps1_dr2
131370824799984002,82.47995776262,19.47790181604,14.3656,II/389/ps1_dr2
131290823389414289,82.33895780284,19.41145622835,12.583,II/389/ps1_dr2
131350824075843731,82.40760397171,19.46097791797,14.5089,II/389/ps1_dr2
131360824194222122,82.41944347087,19.46797848297,14.8715,II/389/ps1_dr2
131350823810479538,82.38106250176,19.46582841456,14.9763,II/389/ps1_dr2
131360823302659053,82.33027522454,19.47374580459,14.698,II/389/ps1_dr2
131350823169899506,82.31695079535,19.46575113798,14.4553,II/389/ps1_dr2
131360822959114804,82.29589691014,19.47010816544,14.7076,II/389/ps1_dr2
131380823012561563,82.30123239947,19.48408993189,13.8761,II/389/ps1_dr2
131410824629834124,82.46294267,19.51127162,12.494,II/389/ps1_dr2
131400824191184426,82.41913297134,19.50323574882,14.362,II/389/ps1_dr2
131430824886414438,82.48865316082,19.52824966859,13.794,II/389/ps1_dr2
131460824860831481,82.48610009001,19.55078089924,14.8869,II/389/ps1_dr2
131490824539504294,82.45395877935,19.57813239509,13.3688,II/389/ps1_dr2
131510824474680124,82.44748860028,19.59130653039,13.6834,II/389/ps1_dr2
131530824399640369,82.43998001612,19.60819507047,14.6282,II/389/ps1_dr2
131390826171897488,82.61718409108,19.49747357744,13.7961,II/389/ps1_dr2
131400826144677352,82.61446712453,19.50567843949,14.4611,II/389/ps1_dr2
131420825895865958,82.58960637711,19.52119776668,13.0529,II/389/ps1_dr2
131410825823110400,82.58231815893,19.50821882783,14.9137,II/389/ps1_dr2
131430825985073953,82.59851016709,19.52784078861,14.422,II/389/ps1_dr2
131460825722199011,82.57222208754,19.5570600961,13.5571,II/389/ps1_dr2
131480826311780494,82.63118261425,19.56663621134,14.4213,II/389/ps1_dr2
131510825846435360,82.58465467,19.59575436,13.161,II/389/ps1_dr2
131510825847525758,82.58475579,19.59604379,12.213,II/389/ps1_dr2
131490825904699577,82.59047466952,19.58253484129,14.2094,II/389/ps1_dr2
131500826831643112,82.68316734682,19.58547959757,14.2812,II/389/ps1_dr2
131500826843872097,82.68440247891,19.58460813464,14.406,II/389/ps1_dr2
131530827109649944,82.71097498624,19.61616584787,14.7821,II/389/ps1_dr2
131550827195263104,82.71952682319,19.62712696488,14.8544,II/389/ps1_dr2
131600827498622059,82.74988041525,19.66793058552,14.6495,II/389/ps1_dr2
131570827458936069,82.74590918344,19.64627946812,14.6422,II/389/ps1_dr2
131590827556823486,82.75570354872,19.66077414848,14.6582,II/389/ps1_dr2
131560826384064910,82.63836798267,19.63691997099,14.083,II/389/ps1_dr2
131550826450811831,82.64503470309,19.62603965759,14.3715,II/389/ps1_dr2
131570826504639168,82.65043916634,19.64876286915,13.5112,II/389/ps1_dr2
131580826986589952,82.69867368211,19.65783827629,14.9564,II/389/ps1_dr2
131600827212463650,82.72128307239,19.66928004608,12.602,II/389/ps1_dr2
131620826798210163,82.67983606041,19.68301109726,14.7917,II/389/ps1_dr2
131480825279767679,82.52798329261,19.57262060971,14.736,II/389/ps1_dr2
131490825245477515,82.52455544561,19.58080765745,13.8307,II/389/ps1_dr2
131510825352004299,82.53521505757,19.5947815152,14.5291,II/389/ps1_dr2
131500825064799486,82.50650450262,19.59083299728,14.8851,II/389/ps1_dr2
131540825166180415,82.51662801765,19.61656839048,12.633,II/389/ps1_dr2
131560825996795555,82.59969134777,19.63751360572,13.6465,II/389/ps1_dr2
131550825996382970,82.59964055392,19.62703409485,13.8396,II/389/ps1_dr2
131510824922408911,82.4922556811,19.59864464736,14.8118,II/389/ps1_dr2
131630825467730132,82.54678364772,19.69132275519,14.3453,II/389/ps1_dr2
131610825378834997,82.53789174431,19.67871539856,14.6364,II/389/ps1_dr2
131570826307333208,82.63069865647,19.6438650903,14.9582,II/389/ps1_dr2
131640826606935406,82.66070830034,19.70405482485,14.179,II/389/ps1_dr2
131640826724309885,82.67245202325,19.70777713999,14.3544,II/389/ps1_dr2
131650825786451539,82.57861178381,19.70913562954,14.9613,II/389/ps1_dr2
131640825397806327,82.53973957,19.70484664,14.9244,II/389/ps1_dr2
131640825395386022,82.53954857447,19.70456719963,13.5182,II/389/ps1_dr2
131670825876255977,82.58764147916,19.72950940613,13.3262,II/389/ps1_dr2
131060818889284569,81.88891709574,19.22003486196,14.607,II/389/ps1_dr2
131070818908752641,81.89071763052,19.22673874098,13.6539,II/389/ps1_dr2
131060818873614385,81.88733197391,19.21991287977,14.7428,II/389/ps1_dr2
131080818343921941,81.83435031126,19.23453244084,14.346,II/389/ps1_dr2
131160819038384563,81.90379053,19.30335932,11.6277,II/389/ps1_dr2
131160819042525176,81.90415483,19.30391092,11.0625,II/389/ps1_dr2
131100820010978465,82.00095603714,19.25661831815,13.2812,II/389/ps1_dr2
131120819980172162,81.99796954969,19.26806501506,14.5727,II/389/ps1_dr2
131160819317303053,81.93171273599,19.30211288458,14.6163,II/389/ps1_dr2
131080818223557526,81.82232376975,19.23918289209,14.7816,II/389/ps1_dr2
131120818479505095,81.84795600526,19.27043257998,14.7147,II/389/ps1_dr2
131170818387642996,81.83861187241,19.31039382403,13.5865,II/389/ps1_dr2
131210818701912162,81.87010014829,19.34306328286,13.7987,II/389/ps1_dr2
131160817585696819,81.75852803683,19.30525095458,14.7322,II/389/ps1_dr2
131220818278902441,81.82771911706,19.35156706969,12.35,II/389/ps1_dr2
131250818281568294,81.82805624,19.38149261,11.3202,II/389/ps1_dr2
131230818144606278,81.81441562133,19.36315000493,14.8891,II/389/ps1_dr2
131250818280177985,81.82795448,19.38136608,10.937,II/389/ps1_dr2
131250818276778126,81.82777335,19.38113689,11.8564,II/389/ps1_dr2
131220818969932429,81.8969675662,19.35163518035,14.7663,II/389/ps1_dr2
131200818929431162,81.89288226562,19.33396228073,14.1193,II/389/ps1_dr2
131270819341497722,81.93411179051,19.39771902972,14.6279,II/389/ps1_dr2
131270818688953473,81.86889115229,19.39416029174,14.1615,II/389/ps1_dr2
131310819098413381,81.90982753606,19.42739296195,14.7732,II/389/ps1_dr2
131310818864596371,81.8864597506,19.42989955944,14.1879,II/389/ps1_dr2
131330819281579156,81.92819624424,19.44881918553,14.4641,II/389/ps1_dr2
131200820945722868,82.09460043,19.33511136,11.3,II/389/ps1_dr2
131200820947362525,82.09474444,19.3350734,11.2272,II/389/ps1_dr2
131230820797613372,82.07975002947,19.36073312368,14.8512,II/389/ps1_dr2
131260821350097276,82.13499625644,19.38898255541,14.1514,II/389/ps1_dr2
131240820314426538,82.03140173418,19.37168555585,14.0315,II/389/ps1_dr2
131260820437027920,82.04367414903,19.38952869208,13.38,II/389/ps1_dr2
131310820737398401,82.07371597811,19.43161489884,14.4174,II/389/ps1_dr2
131300821873495730,82.18734581975,19.4210241322,14.3232,II/389/ps1_dr2
131330821750045346,82.17498444977,19.44572345989,14.9443,II/389/ps1_dr2
131350821315776039,82.13155528024,19.46295955888,14.5448,II/389/ps1_dr2
131380821161794786,82.11615471,19.48693516,12.538,II/389/ps1_dr2
131410822100986115,82.21005421,19.51301356,11.8,II/389/ps1_dr2
131400821908598582,82.19084018148,19.50678298783,13.1804,II/389/ps1_dr2
131430821760352667,82.17604320533,19.52674578507,14.767,II/389/ps1_dr2
131330819869198394,81.9868296268,19.44824816959,13.5499,II/389/ps1_dr2
131380820618338967,82.06181259607,19.49043182741,14.2594,II/389/ps1_dr2
131400820469522310,82.04685570208,19.50152180358,13.057,II/389/ps1_dr2
131360819884237086,81.98842905,19.4721436,13.253,II/389/ps1_dr2
131430819999535266,81.99991090117,19.52897963336,13.5732,II/389/ps1_dr2
131440821190137578,82.11894996,19.53895939,10.3642,II/389/ps1_dr2
131440821189147159,82.11893567,19.5388778,9.696,II/389/ps1_dr2
131460821132805879,82.11326372208,19.55448993743,14.289,II/389/ps1_dr2
131470820838783525,82.08383762,19.56084473,12.824,II/389/ps1_dr2
131520821148360282,82.11480381696,19.59984669805,14.6934,II/389/ps1_dr2
131180817379226400,81.73787358941,19.3215519342,14.7813,II/389/ps1_dr2
131230817331292579,81.73307367702,19.36005010706,14.0063,II/389/ps1_dr2
131270818104876304,81.81044459538,19.39652329378,14.4845,II/389/ps1_dr2
131300817416572920,81.7415853342,19.41865910972,13.6246,II/389/ps1_dr2
131310817434059060,81.74336117912,19.43213376549,14.0413,II/389/ps1_dr2
131330817675963352,81.76758252,19.44406004,12.076,II/389/ps1_dr2
131330817678623614,81.76784455,19.44414548,13.727,II/389/ps1_dr2
131300817036849064,81.70365656677,19.42378529677,14.4343,II/389/ps1_dr2
131320817945441103,81.79449483712,19.43385845714,13.442,II/389/ps1_dr2
131330817774769101,81.77751578,19.44878723,14.007,II/389/ps1_dr2
131330817778028721,81.77765877788,19.44846393321,12.314,II/389/ps1_dr2
131390818313174404,81.83127830538,19.49495178459,14.9526,II/389/ps1_dr2
131380818173254904,81.81730800655,19.48701004921,13.8169,II/389/ps1_dr2
131370817197418065,81.71971301873,19.48130105753,14.6929,II/389/ps1_dr2
131400816999382990,81.69991487796,19.50209448247,13.479,II/389/ps1_dr2
131340815949288963,81.59490904384,19.45705463235,14.8289,II/389/ps1_dr2
131410816397326100,81.63959096535,19.51295168154,12.192,II/389/ps1_dr2
131410816534398514,81.65341097239,19.51500767134,14.5103,II/389/ps1_dr2
131420817591244187,81.7590762,19.51987635,11.173,II/389/ps1_dr2
131420817592854658,81.75913599,19.52013526,11.6559,II/389/ps1_dr2
131400817152889427,81.71526369515,19.50743709555,14.7861,II/389/ps1_dr2
131430817278891903,81.72785923012,19.5261609915,14.7599,II/389/ps1_dr2
131480817031750383,81.70311105828,19.56655881136,14.2219,II/389/ps1_dr2
131530817239813605,81.72384752102,19.6109049492,13.498,II/389/ps1_dr2
131400819143991680,81.9143157164,19.50100078246,14.3782,II/389/ps1_dr2
131410819249078621,81.9248677842,19.5151492089,13.486,II/389/ps1_dr2
131400818765448648,81.87651166407,19.50682069708,14.0591,II/389/ps1_dr2
131460819939312458,81.99390749266,19.55164842401,14.9447,II/389/ps1_dr2
131510819476769511,81.94759826339,19.59918352572,13.7101,II/389/ps1_dr2
131500819520646547,81.95202940813,19.58837923238,14.2161,II/389/ps1_dr2
131530819627068685,81.96267653041,19.61516731291,14.7425,II/389/ps1_dr2
131540819410999473,81.94106436695,19.62416054746,14.5419,II/389/ps1_dr2
131600819728787725,81.97285417414,19.6726927166,14.915,II/389/ps1_dr2
131620820041748828,82.00411474956,19.69026306321,12.595,II/389/ps1_dr2
131560819050221460,81.9049670591,19.63413914798,14.2006,II/389/ps1_dr2
131570818548529525,81.85480927445,19.64919708353,14.8169,II/389/ps1_dr2
131540817525495216,81.75250234513,19.62060573204,13.199,II/389/ps1_dr2
131560819064357057,81.90641792118,19.6387859586,13.479,II/389/ps1_dr2
131580819285214451,81.92847583528,19.65331902687,14.7411,II/389/ps1_dr2
131590819313842543,81.93135265364,19.66003467199,14.1968,II/389/ps1_dr2
131630818970201197,81.89691980616,19.69229439343,12.762,II/389/ps1_dr2
131620818953646628,81.89528076666,19.6884564464,13.203,II/389/ps1_dr2
131620819420034685,81.94194537742,19.68682888402,12.505,II/389/ps1_dr2
131660819470176050,81.94698351973,19.72130008848,14.9286,II/389/ps1_dr2
131660819424559716,81.94242096401,19.72435883611,14.623,II/389/ps1_dr2
131660818908125508,81.89074714866,19.72085333498,13.359,II/389/ps1_dr2
131650818904731820,81.89043131259,19.70943950503,14.5334,II/389/ps1_dr2
131720819260153145,81.92597154027,19.76888093995,14.5887,II/389/ps1_dr2
131390822808002239,82.28079375315,19.49307444732,14.6315,II/389/ps1_dr2
131390822887635270,82.28876201256,19.49559710102,13.335,II/389/ps1_dr2
131420823071830921,82.30721443814,19.51697838142,14.5712,II/389/ps1_dr2
131470823013185326,82.30131707502,19.56233197352,13.8015,II/389/ps1_dr2
131480822098047883,82.20986476,19.57286068,11.979,II/389/ps1_dr2
131480822300579455,82.23004582,19.57409809,12.586,II/389/ps1_dr2
131500822854964795,82.28549762236,19.58687734662,14.5045,II/389/ps1_dr2
131510822659333710,82.26594159114,19.59429055126,14.857,II/389/ps1_dr2
131530823438346598,82.34384548615,19.61338770618,14.8965,II/389/ps1_dr2
131580823200329846,82.32003256823,19.65775012453,14.4498,II/389/ps1_dr2
131570823351319743,82.33508898786,19.64931230735,13.149,II/389/ps1_dr2
131570823695123826,82.36952195468,19.64440593151,14.3627,II/389/ps1_dr2
131610823648299106,82.36482770112,19.6821296462,14.7821,II/389/ps1_dr2
131640823519192694,82.35193644637,19.70177419297,14.7453,II/389/ps1_dr2
131570822255218873,82.22563401,19.648625,12.8417,II/389/ps1_dr2
131570822262517883,82.22636905,19.64772698,13.1107,II/389/ps1_dr2
131570822257137979,82.22584844,19.64809465,10.6756,II/389/ps1_dr2
131570822259948521,82.22619814,19.64816173,9.659,II/389/ps1_dr2
131610822042565881,82.20424532266,19.67943107241,14.619,II/389/ps1_dr2
131580822733748952,82.27327624152,19.65696062982,13.9865,II/389/ps1_dr2
131600822710551954,82.27105331162,19.6678162552,14.2445,II/389/ps1_dr2
131650822504698164,82.25052128218,19.71471013312,14.9146,II/389/ps1_dr2
131650822299397172,82.22984807612,19.71382355943,13.7665,II/389/ps1_dr2
131670822315414353,82.23157375,19.72822935,12.895,II/389/ps1_dr2
131690822788172637,82.27881907367,19.74339551354,14.5398,II/389/ps1_dr2
131680822351968278,82.23506401206,19.73971912535,12.951,II/389/ps1_dr2
131620824892340439,82.48924544626,19.68324823407,14.9923,II/389/ps1_dr2
131650824717601921,82.47174993,19.70946846,12.395,II/389/ps1_dr2
131640824482018629,82.44818061382,19.70671949557,14.6713,II/389/ps1_dr2
131600824007587971,82.40075823794,19.67285991626,13.7168,II/389/ps1_dr2
131660824159140617,82.41589110736,19.71672085758,14.5849,II/389/ps1_dr2
131630823746410464,82.3746306257,19.69159270825,13.475,II/389/ps1_dr2
131700824805091650,82.48057191626,19.75090203787,14.0521,II/389/ps1_dr2
131720824393226312,82.43943348,19.77157906,10.234,II/389/ps1_dr2
131720824411436349,82.4410349,19.77127864,12.7124,II/389/ps1_dr2
131720824394386697,82.43953502,19.77180269,10.996,II/389/ps1_dr2
131720824394587142,82.43949134,19.77224194,12.4233,II/389/ps1_dr2
131720824391166016,82.4390938,19.77128136,11.6319,II/389/ps1_dr2
131660825268827008,82.52689708794,19.72203945261,14.8732,II/389/ps1_dr2
131680825290827619,82.52911735549,19.73915840158,14.5455,II/389/ps1_dr2
131730825229803893,82.522977337,19.77778605914,14.4278,II/389/ps1_dr2
131730825687951325,82.56881063377,19.77564392505,14.9731,II/389/ps1_dr2
131740825359707180,82.53592863896,19.78881512038,13.719,II/389/ps1_dr2
131750824994588787,82.49943043853,19.79849633341,14.8492,II/389/ps1_dr2
131760825382220887,82.53821362143,19.8002852962,14.7755,II/389/ps1_dr2
131780825342488783,82.53424969994,19.82352206039,13.055,II/389/ps1_dr2
131720823839007009,82.38389311257,19.77204498334,14.2604,II/389/ps1_dr2
131740823450265070,82.34495852553,19.78707058881,13.338,II/389/ps1_dr2
131760823310590893,82.33101151427,19.80026729058,13.543,II/389/ps1_dr2
131720822868215219,82.28679111128,19.77053855267,13.3995,II/389/ps1_dr2
131740822683207831,82.26830982126,19.78939309928,14.1335,II/389/ps1_dr2
131740822922897143,82.29233629,19.78864285,13.2552,II/389/ps1_dr2
131740822926237355,82.29256,19.788984,11.902,II/389/ps1_dr2
131810823686112554,82.36859408696,19.84334517177,14.3679,II/389/ps1_dr2
131820823651670595,82.36516160629,19.85004476496,14.9931,II/389/ps1_dr2
131760824344402436,82.43442889,19.80160951,13.1354,II/389/ps1_dr2
131790824212340354,82.42123960146,19.82482694337,14.668,II/389/ps1_dr2
131810824959389869,82.49605553,19.84947076,11.803,II/389/ps1_dr2
131820824962570061,82.49636209,19.84934393,12.1266,II/389/ps1_dr2
131840825112871852,82.51126621783,19.86774770474,13.472,II/389/ps1_dr2
131840824646006217,82.4645973801,19.87137595003,14.9856,II/389/ps1_dr2
131850824949122632,82.49485716,19.8766709,11.626,II/389/ps1_dr2
131820823940731633,82.39404617654,19.85089453573,13.8012,II/389/ps1_dr2
131840823857356760,82.38572897644,19.87184267925,14.4935,II/389/ps1_dr2
131880823955813376,82.39543363,19.90230843,12.173,II/389/ps1_dr2
131850823956751004,82.39565110414,19.87537595771,14.4199,II/389/ps1_dr2
131860824151218887,82.41500263,19.89023419,13.423,II/389/ps1_dr2
131850824464282947,82.44639058963,19.87698173317,13.9862,II/389/ps1_dr2
131900824650144147,82.46499563,19.9195602,12.9317,II/389/ps1_dr2
131900824652244390,82.46528221,19.92015408,13.196,II/389/ps1_dr2
131890824230719510,82.42304858376,19.91578725159,14.9677,II/389/ps1_dr2
131550820886649623,82.08861392712,19.63259154267,13.9046,II/389/ps1_dr2
131620820701297248,82.07009908844,19.68895572215,14.5422,II/389/ps1_dr2
131630821043840253,82.10434703805,19.69144321255,14.5692,II/389/ps1_dr2
131670821266224077,82.12655771802,19.72796720094,14.474,II/389/ps1_dr2
131620820254985948,82.02541347632,19.68782361983,12.288,II/389/ps1_dr2
131690820531268907,82.05309709503,19.74866542115,14.8827,II/389/ps1_dr2
131680821738650579,82.17383913224,19.73330997413,13.6333,II/389/ps1_dr2
131680821738650580,82.17383544618,19.73333084089,13.6733,II/389/ps1_dr2
131680822098896981,82.20988476876,19.73868054734,14.8936,II/389/ps1_dr2
131690822064347496,82.2064157407,19.74743455903,14.7668,II/389/ps1_dr2
131710822126321252,82.21262530743,19.75890781729,14.9252,II/389/ps1_dr2
131700822234382244,82.22336621362,19.751386754,13.8972,II/389/ps1_dr2
131750822032104071,82.20320683658,19.79458392704,14.4565,II/389/ps1_dr2
131770822032773664,82.20354861,19.81071622,11.3764,II/389/ps1_dr2
131770822033273296,82.20319259,19.8106326,11.045,II/389/ps1_dr2
131760821527160154,82.15259546945,19.79962175281,13.17,II/389/ps1_dr2
131750821777203458,82.17767904612,19.7940670752,13.401,II/389/ps1_dr2
131750821746759382,82.17451284,19.79889156,13.2015,II/389/ps1_dr2
131770822027383479,82.20262757,19.81077346,13.099,II/389/ps1_dr2
131660820079575397,82.00784244,19.72073974,12.347,II/389/ps1_dr2
131660820081595744,82.00809349,19.72089612,13.3686,II/389/ps1_dr2
131660820060656961,82.00603999,19.72200381,13.826,II/389/ps1_dr2
131740819988580787,81.9988294213,19.78356736528,14.9001,II/389/ps1_dr2
131730820568736285,82.056852613,19.77979391056,14.7669,II/389/ps1_dr2
131760820102423821,82.0100904467,19.80275861083,12.772,II/389/ps1_dr2
131770819831643305,81.98312682617,19.81067665528,12.545,II/389/ps1_dr2
131780820035729260,82.0035323722,19.82392114326,14.59,II/389/ps1_dr2
131780820057679583,82.00558031736,19.82421375741,12.015,II/389/ps1_dr2
131790820931663047,82.09314000738,19.82705954966,14.3839,II/389/ps1_dr2
131830821547206002,82.15471814466,19.86287329638,14.2938,II/389/ps1_dr2
131800820472444265,82.04719952805,19.83643723353,14.7371,II/389/ps1_dr2
131830820772260269,82.07717633516,19.85807398752,14.4449,II/389/ps1_dr2
131850820459397048,82.04591551002,19.88042006025,14.7592,II/389/ps1_dr2
131900821183000706,82.11827414,19.91674567,12.52,II/389/ps1_dr2
131880821283326928,82.12833257978,19.90529756253,14.2943,II/389/ps1_dr2
131890820870998806,82.08703909392,19.91513947589,13.5004,II/389/ps1_dr2
131790822816006460,82.28159878744,19.8299246615,14.8537,II/389/ps1_dr2
131780822313695645,82.23127944851,19.82084108005,13.279,II/389/ps1_dr2
131800822476086505,82.2476107494,19.838298033,14.9138,II/389/ps1_dr2
131810823167812574,82.3168339576,19.84315944135,14.216,II/389/ps1_dr2
131830823480779478,82.34807175912,19.86578702319,14.9239,II/389/ps1_dr2
131850822779600617,82.27793783158,19.87505396533,14.0282,II/389/ps1_dr2
131870822252787535,82.22528064896,19.89750681203,14.8094,II/389/ps1_dr2
131860822597208907,82.25963955366,19.89025365304,13.324,II/389/ps1_dr2
131880822718949444,82.271903,19.90746374,12.979,II/389/ps1_dr2
131880822723013090,82.27229001276,19.90212060587,13.7397,II/389/ps1_dr2
131900822543172708,82.25431858917,19.91846666531,14.6421,II/389/ps1_dr2
131930824272533367,82.42715984177,19.94398314549,14.3619,II/389/ps1_dr2
131960823981597484,82.39808549134,19.97242782629,14.1738,II/389/ps1_dr2
131930822970454724,82.29705261918,19.94514188981,14.0623,II/389/ps1_dr2
131960823005480281,82.30053837989,19.96644438707,14.2296,II/389/ps1_dr2
131950823062493218,82.30614925565,19.96052392179,13.104,II/389/ps1_dr2
131980823803090807,82.38027240328,19.98355942113,13.9923,II/389/ps1_dr2
132010823566132842,82.35660524964,20.01025329028,14.7121,II/389/ps1_dr2
131900822251248184,82.22512344568,19.92302930199,14.7604,II/389/ps1_dr2
131930822501762816,82.25017290338,19.94354644923,14.109,II/389/ps1_dr2
131910821186942038,82.11865262964,19.92620815174,14.6913,II/389/ps1_dr2
131950821119522278,82.11197144513,19.95969716598,13.4072,II/389/ps1_dr2
131990821468773886,82.14689901202,19.99440785112,14.8783,II/389/ps1_dr2
132020821808430009,82.18088037065,20.01613862621,13.451,II/389/ps1_dr2
131940822652094629,82.26519539062,19.95338108532,14.4858,II/389/ps1_dr2
132000822830307036,82.28298316043,20.005400969,14.2451,II/389/ps1_dr2
132040821934516270,82.19347140905,20.03804845103,12.779,II/389/ps1_dr2
132050822665005210,82.26636421,20.04543388,7.6558,II/389/ps1_dr2
132060822351476246,82.23489996,20.05488914,9.487,II/389/ps1_dr2
131430829511231228,82.9511223858,19.52556317669,14.3594,II/389/ps1_dr2
131400829317976586,82.93172603419,19.50502451514,12.75,II/389/ps1_dr2
131430829040857899,82.90410501507,19.53112967218,13.8495,II/389/ps1_dr2
131460829425972136,82.94258666,19.55103046,8.713,II/389/ps1_dr2
131460829422582351,82.94219548,19.55154158,12.9506,II/389/ps1_dr2
131460829452146199,82.94527405,19.55468496,14.7906,II/389/ps1_dr2
131430829027638705,82.90279761358,19.53179454266,13.392,II/389/ps1_dr2
131510829459486808,82.94606473,19.59695642,13.7182,II/389/ps1_dr2
131510829460007190,82.94605321,19.59723254,12.189,II/389/ps1_dr2
131510829603986405,82.96029413809,19.59654236691,14.356,II/389/ps1_dr2
131510829603557764,82.9604717,19.59766082,13.7745,II/389/ps1_dr2
131510829606407637,82.96061616,19.59762931,12.14,II/389/ps1_dr2
131550830824376878,83.08245324188,19.63028184374,13.274,II/389/ps1_dr2
131540830101571218,83.01017565122,19.61723269666,14.6235,II/389/ps1_dr2
131530830343414232,83.03439995289,19.61146289714,11.751,II/389/ps1_dr2
131530830346484606,83.03473605,19.61154603,12.986,II/389/ps1_dr2
131560830362199069,83.03618700688,19.64041108598,14.6573,II/389/ps1_dr2
131570830062777226,83.00629304616,19.6472339326,14.3988,II/389/ps1_dr2
131560830611579281,83.06117599402,19.64061435333,14.6599,II/389/ps1_dr2
131600830186494671,83.01866266932,19.670108931,14.9742,II/389/ps1_dr2
131520828577791007,82.85790542,19.60058177,10.6499,II/389/ps1_dr2
131520828580201220,82.85795102,19.60061319,11.201,II/389/ps1_dr2
131530829472158420,82.94721449395,19.61485357462,13.5796,II/389/ps1_dr2
131530829443605872,82.94438930108,19.61276850981,14.9299,II/389/ps1_dr2
131540829516829913,82.95170285227,19.6244433661,14.0348,II/389/ps1_dr2
131560829186712113,82.91868911,19.63500312,9.9753,II/389/ps1_dr2
131570828972702759,82.89730808693,19.64349145586,14.0875,II/389/ps1_dr2
131510828414883832,82.84150547404,19.5944291178,14.4017,II/389/ps1_dr2
131550828493643346,82.84938919571,19.62732327786,14.6803,II/389/ps1_dr2
131590828918617972,82.89179571,19.66470513,12.722,II/389/ps1_dr2
131590829129638876,82.91299019037,19.66527219914,14.0128,II/389/ps1_dr2
131590828568289255,82.85685427838,19.66558383597,14.6683,II/389/ps1_dr2
131600830024528281,83.00245748113,19.67312094353,13.8621,II/389/ps1_dr2
131630829125483551,82.9125752645,19.69416942807,13.7415,II/389/ps1_dr2
131610829192970719,82.91911152,19.67528674,11.1909,II/389/ps1_dr2
131660829615428166,82.96156654875,19.72301666675,14.7641,II/389/ps1_dr2
131710829460383937,82.94606791673,19.76114278753,12.611,II/389/ps1_dr2
131710829459693611,82.9459634509,19.76077363872,13.6116,II/389/ps1_dr2
131620831339670606,83.13398125565,19.68339680478,13.5975,II/389/ps1_dr2
131690831499669979,83.14997618597,19.74953273586,12.545,II/389/ps1_dr2
131680831618850572,83.16187597803,19.73333961359,12.984,II/389/ps1_dr2
131700831324870352,83.13250940543,19.74986891663,12.875,II/389/ps1_dr2
131690832176189888,83.21763456403,19.74944939475,14.4955,II/389/ps1_dr2
131750833023379968,83.30234254914,19.79951213526,13.9124,II/389/ps1_dr2
131740831779657709,83.17798763401,19.78929155932,14.2434,II/389/ps1_dr2
131740831681029842,83.16811575056,19.7910761303,14.006,II/389/ps1_dr2
131760831961169064,83.19613625995,19.80709027233,14.5354,II/389/ps1_dr2
131760832458129242,83.24579097524,19.80723449202,11.77,II/389/ps1_dr2
131700830708942650,83.07091251426,19.75175646462,14.1104,II/389/ps1_dr2
131710830783068216,83.07831441986,19.7647442424,13.317,II/389/ps1_dr2
131690830444427295,83.04450932,19.7474077,11.291,II/389/ps1_dr2
131700830455990794,83.04565243548,19.75010619155,14.5984,II/389/ps1_dr2
131690830447367656,83.04468239,19.74773899,12.4042,II/389/ps1_dr2
131690830440456873,83.04406774,19.7469499,14.0576,II/389/ps1_dr2
131740830540160972,83.05404571115,19.78369327137,13.4395,II/389/ps1_dr2
131700830960344616,83.0960586116,19.75339953657,14.5285,II/389/ps1_dr2
131730831001240174,83.10015082096,19.77469427569,14.9144,II/389/ps1_dr2
131730830789794265,83.07899098737,19.77812108973,13.897,II/389/ps1_dr2
131760830305500170,83.03056358483,19.79968776602,14.5038,II/389/ps1_dr2
131760830410311793,83.04104643891,19.80103992724,14.6344,II/389/ps1_dr2
131780830825182577,83.08253952997,19.81835517243,14.7846,II/389/ps1_dr2
131840832254120020,83.22542699809,19.86622183345,14.7125,II/389/ps1_dr2
131820831615114256,83.16153112511,19.85309058298,14.5278,II/389/ps1_dr2
131830831579667453,83.15798869501,19.86408107173,14.7114,II/389/ps1_dr2
131870831843463783,83.18436389899,19.89435961111,14.8451,II/389/ps1_dr2
131820831065311533,83.10655317124,19.85081646201,14.4594,II/389/ps1_dr2
131840831146920771,83.11471327429,19.86684147907,14.7695,II/389/ps1_dr2
131850831251625492,83.12518458173,19.87911779075,14.0538,II/389/ps1_dr2
131830831245544846,83.12456883694,19.86190113263,13.475,II/389/ps1_dr2
131860831373743831,83.13739286457,19.88607247202,13.7349,II/389/ps1_dr2
131890831444493126,83.1444692108,19.91048492002,14.9381,II/389/ps1_dr2
131920831433968122,83.14341627736,19.9396346408,14.8621,II/389/ps1_dr2
131560828030869065,82.80311179341,19.64042602871,14.2503,II/389/ps1_dr2
131590827855877202,82.78561194058,19.66387766368,14.458,II/389/ps1_dr2
131660828541136376,82.85413949625,19.72151093606,14.1993,II/389/ps1_dr2
131670828181686963,82.81818672706,19.73032913562,13.6488,II/389/ps1_dr2
131670828315950889,82.83163967407,19.72531104324,12.395,II/389/ps1_dr2
131600827480449797,82.74806791987,19.67437997612,14.8089,II/389/ps1_dr2
131630827438080439,82.7438554,19.6915662,11.5984,II/389/ps1_dr2
131630827441230686,82.74420387553,19.69180962669,11.222,II/389/ps1_dr2
131630827439410087,82.74408264,19.69137479,11.9062,II/389/ps1_dr2
131650827644862929,82.7645547381,19.71037076387,11.887,II/389/ps1_dr2
131660827260071387,82.72602928794,19.71736978344,12.444,II/389/ps1_dr2
131660827393547225,82.73937815386,19.72221387126,13.199,II/389/ps1_dr2
131670827423730055,82.74241776,19.72458424,12.347,II/389/ps1_dr2
131670829002932269,82.90032499998,19.72642530196,14.9883,II/389/ps1_dr2
131710828886765079,82.88870326188,19.7620789373,14.6201,II/389/ps1_dr2
131700828755606133,82.87559833917,19.75465561425,14.2106,II/389/ps1_dr2
131720829011283090,82.90116040147,19.76875888195,14.9296,II/389/ps1_dr2
131710829231093792,82.92313814267,19.76103714021,14.648,II/389/ps1_dr2
131760829438394949,82.94384136429,19.80363095748,13.4303,II/389/ps1_dr2
131740829498364751,82.94985064837,19.78680550195,13.9282,II/389/ps1_dr2
131760829435715190,82.94364463,19.80386934,12.7397,II/389/ps1_dr2
131760829439515389,82.94395436895,19.80400690718,12.17,II/389/ps1_dr2
131750829040058884,82.90398922021,19.79848545887,13.8336,II/389/ps1_dr2
131750829040879338,82.90412943868,19.79899166868,13.059,II/389/ps1_dr2
131770828537363349,82.85376410013,19.81066671009,14.4882,II/389/ps1_dr2
131770828731008334,82.87313573892,19.81482756699,13.741,II/389/ps1_dr2
131800828483405130,82.84837285636,19.83715094691,14.2468,II/389/ps1_dr2
131800828625654299,82.86260130732,19.83645371735,13.709,II/389/ps1_dr2
131800828760002505,82.87602909816,19.83494099692,13.38,II/389/ps1_dr2
131710826727900995,82.67280756991,19.75869755312,14.7597,II/389/ps1_dr2
131700827042074641,82.7041612,19.75325046,13.8858,II/389/ps1_dr2
131700827044584320,82.70447472235,19.75315627788,11.991,II/389/ps1_dr2
131740827733387513,82.77335839893,19.78913470951,13.9675,II/389/ps1_dr2
131740827334376354,82.73328762,19.78833511,10.3716,II/389/ps1_dr2
131740827356743000,82.73569170842,19.78537531209,14.6749,II/389/ps1_dr2
131770827581860803,82.7582081695,19.80855176339,14.7312,II/389/ps1_dr2
131770826747952374,82.67478598041,19.80986791491,14.4752,II/389/ps1_dr2
131760826746908891,82.67478108129,19.80694178395,13.9859,II/389/ps1_dr2
131800827024298073,82.70244325592,19.83960909713,14.9127,II/389/ps1_dr2
131770827837060970,82.7838563,19.80871093,11.604,II/389/ps1_dr2
131770827836560560,82.78373823,19.80842135,12.5312,II/389/ps1_dr2
131770827840721264,82.78402365,19.80893473,13.5711,II/389/ps1_dr2
131780828136974120,82.81372705357,19.81964218333,14.5873,II/389/ps1_dr2
131810828424030265,82.8424321646,19.84143075426,14.3368,II/389/ps1_dr2
131830828600550217,82.8601545172,19.8580050424,14.6856,II/389/ps1_dr2
131830828686570396,82.86868777742,19.8582088848,14.9495,II/389/ps1_dr2
131830827774959392,82.7775045955,19.86570441229,13.7961,II/389/ps1_dr2
131850827590801479,82.75910161061,19.87578203308,14.7017,II/389/ps1_dr2
131840827225493512,82.72255071836,19.86913137347,14.898,II/389/ps1_dr2
131860827613932131,82.76140818813,19.88465640198,13.5698,II/389/ps1_dr2
131870827488945624,82.74891513025,19.89589514532,14.9042,II/389/ps1_dr2
131880827466360349,82.74665708082,19.8998407003,14.0303,II/389/ps1_dr2
131870828044283857,82.80445277717,19.89442771992,14.4232,II/389/ps1_dr2
131870827757970183,82.77574290424,19.89138779312,13.9579,II/389/ps1_dr2
131870827823791571,82.7823335,19.89248186,12.465,II/389/ps1_dr2
131880828051821973,82.80532296,19.90122728,11.2967,II/389/ps1_dr2
131890828134294228,82.81341902,19.91160039,11.847,II/389/ps1_dr2
131890828274644469,82.82749094152,19.91159743115,14.959,II/389/ps1_dr2
131880828052691453,82.80518449,19.90087695,11.093,II/389/ps1_dr2
131890828130334641,82.81299049,19.91169358,14.0511,II/389/ps1_dr2
131890828136194743,82.81347982,19.9117625,12.7274,II/389/ps1_dr2
131860827704677772,82.77048416557,19.88934913198,14.9725,II/389/ps1_dr2
131800829855874057,82.98559435719,19.83628237584,12.659,II/389/ps1_dr2
131830829711150884,82.97112921453,19.85859044444,14.2692,II/389/ps1_dr2
131810830033051191,83.00333092492,19.84219683718,14.0058,II/389/ps1_dr2
131830829761483546,82.97616907554,19.86083008963,14.8188,II/389/ps1_dr2
131830829903980217,82.99040703428,19.85808623583,13.3616,II/389/ps1_dr2
131830829445629735,82.94460203017,19.86600977393,12.38,II/389/ps1_dr2
131880829707924925,82.9708025107,19.90364940109,14.271,II/389/ps1_dr2
131870829811431645,82.98115883445,19.89255284309,13.5558,II/389/ps1_dr2
131860830381464480,83.03814997032,19.88659518576,13.5724,II/389/ps1_dr2
131840830597667263,83.05977879154,19.8722663519,14.2708,II/389/ps1_dr2
131890830477005168,83.04771083837,19.91219169024,14.8037,II/389/ps1_dr2
131900830988151960,83.09882974672,19.91783797522,14.3988,II/389/ps1_dr2
131910831230099658,83.12307071,19.93244202,12.4652,II/389/ps1_dr2
131950831000038914,83.10001856604,19.96529952306,14.2146,II/389/ps1_dr2
131900830242423979,83.02427583744,19.91953290368,14.7353,II/389/ps1_dr2
131930829738683455,82.97388050895,19.94408977811,14.4403,II/389/ps1_dr2
132010830672575335,83.06727164668,20.0123066851,14.3907,II/389/ps1_dr2
131880828886467436,82.88869626515,19.90573056183,14.052,II/389/ps1_dr2
131910829214843731,82.92145750627,19.92762544518,14.8898,II/389/ps1_dr2
131960829154636875,82.91548426262,19.97193517439,14.269,II/389/ps1_dr2
131950829386983289,82.93872181016,19.96062046278,14.7591,II/389/ps1_dr2
131940828480510233,82.84807965009,19.94973214139,14.4216,II/389/ps1_dr2
131930828752124819,82.87531270261,19.94524603105,13.09,II/389/ps1_dr2
131970829043531129,82.90436448561,19.97547336717,13.8708,II/389/ps1_dr2
132020828769542301,82.87694992269,20.01811957256,12.557,II/389/ps1_dr2
131990828773166133,82.87733846303,19.99631613959,13.192,II/389/ps1_dr2
131970829910746444,82.99109347433,19.97991947702,14.17,II/389/ps1_dr2
131980830057911749,83.0058099531,19.9843423004,14.9911,II/389/ps1_dr2
131980829452367081,82.94523953872,19.9888013489,14.6268,II/389/ps1_dr2
131980829579546836,82.95796780648,19.98856716084,13.482,II/389/ps1_dr2
132040830126724678,83.01268415313,20.03676119282,13.7189,II/389/ps1_dr2
132030830087416455,83.00872174617,20.02986097699,12.869,II/389/ps1_dr2
132050830054075572,83.00542334697,20.04585899124,14.8456,II/389/ps1_dr2
132010829516708549,82.95168524,20.01503199,12.491,II/389/ps1_dr2
132050829148195558,82.91481789919,20.04584411971,13.02,II/389/ps1_dr2
132090829825579390,82.98258119,20.08227028,12.3609,II/389/ps1_dr2
132090829828309967,82.98281427,20.08285675,13.2361,II/389/ps1_dr2
132090829822149021,82.98222735,20.08207587,12.9849,II/389/ps1_dr2
131790833626913922,83.36269594554,19.82781605575,13.8482,II/389/ps1_dr2
131830833296000090,83.32960416395,19.85795413659,14.2058,II/389/ps1_dr2
131810833826267009,83.38258620156,19.84702584362,14.7998,II/389/ps1_dr2
131810833599239153,83.35988747019,19.8487983253,14.5704,II/389/ps1_dr2
131830833443594441,83.34436082333,19.86157912878,13.3525,II/389/ps1_dr2
131830833443594442,83.34435759693,19.86157898848,13.449,II/389/ps1_dr2
131870833490450944,83.34900161183,19.8919630412,14.7088,II/389/ps1_dr2
131870833658987349,83.36589604012,19.89733731127,14.256,II/389/ps1_dr2
131830832806653097,83.28067317848,19.86045859047,14.5439,II/389/ps1_dr2
131810832892474008,83.2892503801,19.84450819722,13.6713,II/389/ps1_dr2
131820832497696196,83.24977167757,19.85469967773,13.3972,II/389/ps1_dr2
131840832576097877,83.25761663636,19.87277395612,14.8552,II/389/ps1_dr2
131860832839691264,83.28397596751,19.88392657244,14.5798,II/389/ps1_dr2
131870833155241240,83.31552410794,19.89224772302,14.6585,II/389/ps1_dr2
131880833492245848,83.34924233817,19.90440441379,14.6315,II/389/ps1_dr2
131860834229970946,83.42299409746,19.88366372106,13.7542,II/389/ps1_dr2
131900834501782582,83.45017617052,19.91834869053,14.9932,II/389/ps1_dr2
131930834869687960,83.48689424083,19.94776141056,12.38,II/389/ps1_dr2
131930834819510346,83.48195776865,19.94148020548,14.7451,II/389/ps1_dr2
131940834375377032,83.43751696145,19.95539101363,13.5205,II/389/ps1_dr2
131920833588859579,83.35884273408,19.94080044243,13.9291,II/389/ps1_dr2
131920833965625400,83.39655832197,19.9373799053,13.375,II/389/ps1_dr2
131940833494058668,83.34936233543,19.95673805178,12.809,II/389/ps1_dr2
131940833460830930,83.34604409312,19.95029693396,13.641,II/389/ps1_dr2
131970833658696099,83.36586727587,19.97962859989,13.458,II/389/ps1_dr2
132000834169931329,83.4171468,20.00080957,10.5101,II/389/ps1_dr2
131860832526526132,83.25266736666,19.88798494356,14.773,II/389/ps1_dr2
131900832509835194,83.25099797218,19.92053500692,14.3949,II/389/ps1_dr2
131880832508227933,83.25084075022,19.90614593356,14.8671,II/389/ps1_dr2
131900832718872908,83.27185461992,19.91861711989,14.6327,II/389/ps1_dr2
131940832996836835,83.29968386133,19.95523363109,14.9845,II/389/ps1_dr2
131960832959752308,83.29598271425,19.96813597616,14.2411,II/389/ps1_dr2
131940832143263478,83.21434346234,19.95244316721,13.9823,II/389/ps1_dr2
131960831956606349,83.19567769947,19.97148442683,14.4819,II/389/ps1_dr2
131960832272235799,83.22722656191,19.97103703999,13.9072,II/389/ps1_dr2
131970832465068216,83.24651182,19.98137442,12.5007,II/389/ps1_dr2
131970832462038161,83.24627414,19.98131606,12.262,II/389/ps1_dr2
131980832063666493,83.20636946543,19.9882818824,13.8573,II/389/ps1_dr2
131980832060736602,83.20611359,19.98837402,14.47,II/389/ps1_dr2
131980831925076726,83.19253141504,19.98846841821,14.8968,II/389/ps1_dr2
132010832451222005,83.2451287411,20.00952674105,14.485,II/389/ps1_dr2
132000832274462899,83.22746093567,20.0019527356,14.7533,II/389/ps1_dr2
131950833315117119,83.33147011534,19.96379371095,14.2713,II/389/ps1_dr2
131950833303235811,83.33031909582,19.96270963395,14.517,II/389/ps1_dr2
131970833377962083,83.33779363649,19.97628253535,14.7823,II/389/ps1_dr2
132010833863933604,83.38638941181,20.01087767218,14.3035,II/389/ps1_dr2
132020833359800607,83.33598229489,20.01672392197,14.9862,II/389/ps1_dr2
132030833624795385,83.36248214962,20.02903906539,14.3123,II/389/ps1_dr2
132020832560390332,83.25604404364,20.01648501426,13.444,II/389/ps1_dr2
132040832782402090,83.27827418,20.0345761,9.8965,II/389/ps1_dr2
132040832783261642,83.27851825,20.03430166,8.889,II/389/ps1_dr2
132060833146454664,83.31466219888,20.05343893245,14.3968,II/389/ps1_dr2
132070833489373639,83.34893393995,20.06091190768,12.378,II/389/ps1_dr2
132070833379726078,83.33797810685,20.0629489124,11.954,II/389/ps1_dr2
132110833169656636,83.31698860037,20.09675200064,13.43,II/389/ps1_dr2
131970834860146687,83.48601486167,19.98010140381,14.01,II/389/ps1_dr2
131990834783302759,83.47833441624,19.9935042405,14.644,II/389/ps1_dr2
131990834700627354,83.4700622134,19.99737023549,12.951,II/389/ps1_dr2
132020835407382077,83.54078388131,20.01794365806,13.227,II/389/ps1_dr2
132030835143244502,83.5143237686,20.02828236777,14.8558,II/389/ps1_dr2
132020835068968771,83.50690045392,20.02350519484,14.6094,II/389/ps1_dr2
132050835301717817,83.53017050217,20.04770918326,14.6681,II/389/ps1_dr2
132020834635191925,83.46350084535,20.01780364427,13.234,II/389/ps1_dr2
132020834320757608,83.43206617802,20.02254822704,14.8627,II/389/ps1_dr2
132110836555782449,83.65561274817,20.09326835027,13.5223,II/389/ps1_dr2
132130835404521464,83.54047006985,20.10909885128,13.7118,II/389/ps1_dr2
132180836096571029,83.60966125911,20.15040638082,14.3954,II/389/ps1_dr2
132170835547662318,83.55478264488,20.14314021221,14.2822,II/389/ps1_dr2
132060834161369555,83.4161217107,20.05746025091,13.8835,II/389/ps1_dr2
132090834226274987,83.42262831031,20.0787053166,14.2098,II/389/ps1_dr2
132090833892146796,83.38916801598,20.08014641235,14.0235,II/389/ps1_dr2
132110834726974479,83.47269296982,20.09494408848,14.886,II/389/ps1_dr2
132110834349789992,83.43497513699,20.09954159799,13.6727,II/389/ps1_dr2
132130834396550987,83.43965498589,20.10870685052,14.294,II/389/ps1_dr2
132130833518584836,83.35187595612,20.11191792814,14.7617,II/389/ps1_dr2
132150833501535823,83.35011421948,20.12937373273,14.3072,II/389/ps1_dr2
132150833971967155,83.39724945,20.13036446,11.036,II/389/ps1_dr2
132150834219817125,83.42198732776,20.13048229616,13.3277,II/389/ps1_dr2
132150833970556697,83.39706402,20.13014781,11.3128,II/389/ps1_dr2
132160835108441205,83.51085921609,20.13388402808,14.2854,II/389/ps1_dr2
132170835260826409,83.52608358325,20.14654775689,14.3815,II/389/ps1_dr2
132180834794317413,83.47944762544,20.15572016522,14.4922,II/389/ps1_dr2
132160834826693551,83.4826824939,20.1358357967,13.9782,II/389/ps1_dr2
132190835346808849,83.53468447695,20.16525162364,14.398,II/389/ps1_dr2
132210835335481964,83.53355257894,20.17618159902,14.4852,II/389/ps1_dr2
132190834625151659,83.46251663945,20.15926163241,14.5385,II/389/ps1_dr2
132180834548082442,83.45480871348,20.15157482464,14.1253,II/389/ps1_dr2
132240834461326309,83.44611603277,20.20479292284,14.4119,II/389/ps1_dr2
132240834461336309,83.44611462545,20.20479650859,14.4102,II/389/ps1_dr2
132240834445033026,83.44451238676,20.20207089796,14.8083,II/389/ps1_dr2
132260835049206314,83.50491770844,20.22147510004,14.3312,II/389/ps1_dr2
132270835125700653,83.51254943191,20.22508758817,13.9294,II/389/ps1_dr2
132310834975884037,83.49755288089,20.26122340257,12.253,II/389/ps1_dr2
131980831061490893,83.10616040809,19.98361342748,13.437,II/389/ps1_dr2
131980831381856402,83.13820975336,19.98821151611,14.6102,II/389/ps1_dr2
131960831213372852,83.12135651035,19.96858594235,13.302,II/389/ps1_dr2
132000831428947807,83.14291310471,20.00603195685,14.1481,II/389/ps1_dr2
132020831475992322,83.14758571191,20.01807951115,12.637,II/389/ps1_dr2
132020832029424412,83.20292160165,20.01986761129,13.442,II/389/ps1_dr2
132030831966513090,83.19665847677,20.0270851136,13.4417,II/389/ps1_dr2
132020831568233087,83.15683489022,20.01876244602,14.1556,II/389/ps1_dr2
132050832076333132,83.20764896653,20.04381742938,14.2072,II/389/ps1_dr2
132010831151070044,83.11511452498,20.00786844454,13.4184,II/389/ps1_dr2
132010830945287626,83.09455025926,20.01421429794,14.9936,II/389/ps1_dr2
132010831298406358,83.13012838,20.01314991,13.9324,II/389/ps1_dr2
132010831302256612,83.13018590514,20.01325905392,12.489,II/389/ps1_dr2
132030830834387833,83.08345798093,20.03107390737,14.6497,II/389/ps1_dr2
132040830805915175,83.08061047776,20.03719523895,14.5865,II/389/ps1_dr2
132050831343886073,83.13438097873,20.04619121132,13.107,II/389/ps1_dr2
132070831333196963,83.13332817013,20.06365728507,13.7382,II/389/ps1_dr2
132080831246413072,83.1246414572,20.06873342405,13.076,II/389/ps1_dr2
132070832312837192,83.23130133144,20.063874336,14.0246,II/389/ps1_dr2
132080832223843534,83.22236707206,20.06913280349,14.5149,II/389/ps1_dr2
132070832180909824,83.2180565666,20.06603629855,14.2193,II/389/ps1_dr2
132060832173888638,83.21740794562,20.05673848539,14.7871,II/389/ps1_dr2
132090832163450770,83.21638546162,20.07515279748,14.9048,II/389/ps1_dr2
132110832676726561,83.26766525509,20.09664718124,13.458,II/389/ps1_dr2
132110831888912696,83.18891341265,20.09345418725,14.9428,II/389/ps1_dr2
132090831801292253,83.18015067593,20.07642310746,14.34,II/389/ps1_dr2
132140831849124260,83.18491171115,20.11972661221,13.395,II/389/ps1_dr2
132150832156341379,83.21567266,20.12576042,13.0333,II/389/ps1_dr2
132150832159341579,83.21580871,20.12578889,12.571,II/389/ps1_dr2
132140832362827429,83.23631036969,20.1224153299,14.7953,II/389/ps1_dr2
132170832042139713,83.2041744912,20.14927766751,12.954,II/389/ps1_dr2
132200832282502324,83.22821703264,20.16813236829,14.7059,II/389/ps1_dr2
132070830806595396,83.08067143491,20.06236769005,13.8434,II/389/ps1_dr2
132070830397544511,83.03976931542,20.06163777636,13.8639,II/389/ps1_dr2
132090830292636281,83.02927803284,20.07977846087,14.7834,II/389/ps1_dr2
132090830419119409,83.0419305652,20.08238275113,13.9318,II/389/ps1_dr2
132080830615987187,83.06161113407,20.07220144854,13.5558,II/389/ps1_dr2
132110830926064977,83.09262577268,20.09535092733,14.5251,II/389/ps1_dr2
132080830133852445,83.01339594022,20.06824991946,14.9577,II/389/ps1_dr2
132110830247146647,83.02472339807,20.09674559176,14.7506,II/389/ps1_dr2
132130829970322713,82.99703952619,20.11012372528,14.6884,II/389/ps1_dr2
132170830766605898,83.07667683386,20.14613030161,14.5012,II/389/ps1_dr2
132190830629635273,83.06297611193,20.16227393325,13.7077,II/389/ps1_dr2
132150831204267758,83.12045057745,20.13101530337,13.9315,II/389/ps1_dr2
132180831264788344,83.12649558053,20.15648525821,14.0239,II/389/ps1_dr2
132170831036367510,83.10365347607,20.14746646612,14.9136,II/389/ps1_dr2
132170831245102150,83.12452334314,20.14300243248,12.63,II/389/ps1_dr2
132200831569788478,83.15698941513,20.17327867252,14.5641,II/389/ps1_dr2
132200831801162009,83.18013406408,20.16788604221,14.2946,II/389/ps1_dr2
132230831819545299,83.18195274,20.19556974,13.041,II/389/ps1_dr2
132260831852084993,83.18530028134,20.22041216452,12.951,II/389/ps1_dr2
132210831149338142,83.1149488498,20.18132707497,14.6843,II/389/ps1_dr2
132230830667122644,83.0667224163,20.19340886372,13.8764,II/389/ps1_dr2
132210830736065892,83.07361952679,20.17946109074,14.5271,II/389/ps1_dr2
132240831005510039,83.10056703976,20.19957834718,14.0159,II/389/ps1_dr2
132260831062983127,83.10628963453,20.21880816564,13.9849,II/389/ps1_dr2
132240830999895929,83.09999266754,20.20447757611,14.3245,II/389/ps1_dr2
132270831713754755,83.17136737,20.22851039,13.5426,II/389/ps1_dr2
132270831714985461,83.17152627,20.22919503,12.9572,II/389/ps1_dr2
132270831719095329,83.17190128,20.22883291,11.4532,II/389/ps1_dr2
132270831720984945,83.17238165,20.22870905,12.1295,II/389/ps1_dr2
132260831198198671,83.11983062484,20.22342554767,14.0413,II/389/ps1_dr2
132280831384950602,83.13849691937,20.23337558342,14.4098,II/389/ps1_dr2
132290831493783591,83.14938312213,20.24420361211,14.1574,II/389/ps1_dr2
132200833212543775,83.32122018441,20.16934133297,14.5113,II/389/ps1_dr2
132190833576296751,83.35757575815,20.16349431459,14.3657,II/389/ps1_dr2
132230833787202422,83.37872856414,20.19324770934,14.9735,II/389/ps1_dr2
132200832713696141,83.2711302,20.17148357,9.9517,II/389/ps1_dr2
132200832709995867,83.27102598,20.17120632,10.4858,II/389/ps1_dr2
132230832732217954,83.27321654015,20.19783685672,12.97,II/389/ps1_dr2
132250833254924790,83.32546509396,20.21185584266,13.5186,II/389/ps1_dr2
132270833270691153,83.32713853,20.22555819,13.0278,II/389/ps1_dr2
132270833270161509,83.3270373,20.22557648,12.1374,II/389/ps1_dr2
132270833273361444,83.32729913536,20.22569803987,11.536,II/389/ps1_dr2
132240832979827310,83.29794768497,20.20562035805,14.8057,II/389/ps1_dr2
132240833907102420,83.39070905439,20.20154825097,14.4933,II/389/ps1_dr2
132290834173865692,83.4173974414,20.24594663922,14.6109,II/389/ps1_dr2
132290834449234709,83.4449023,20.24516708,11.593,II/389/ps1_dr2
132290834622933665,83.46248104,20.24444092,12.5598,II/389/ps1_dr2
132310833945428502,83.39455997442,20.26496508224,14.865,II/389/ps1_dr2
132310833567633072,83.35677897391,20.26044426935,14.3975,II/389/ps1_dr2
132340833513595536,83.35122660433,20.28737289618,12.116,II/389/ps1_dr2
132380834244869534,83.42450000952,20.32416742079,14.7822,II/389/ps1_dr2
132260832512155789,83.25121080771,20.22103896243,13.394,II/389/ps1_dr2
132270832042040302,83.20421282906,20.22479939614,13.9396,II/389/ps1_dr2
132270832279806511,83.22800678097,20.23000135134,13.303,II/389/ps1_dr2
132310832508944787,83.25135102,20.26196295,12.1237,II/389/ps1_dr2
132310832514145244,83.25149685,20.26209858,11.8613,II/389/ps1_dr2
132340832632242945,83.26333805,20.28520698,13.1645,II/389/ps1_dr2
132310831640340969,83.16416555731,20.25878331132,14.9557,II/389/ps1_dr2
132300831564699913,83.15642962042,20.25775890461,13.5348,II/389/ps1_dr2
132330831883956329,83.1883508404,20.27978984694,14.8714,II/389/ps1_dr2
132340831722187184,83.17218886577,20.28882146589,14.9386,II/389/ps1_dr2
132340831986646949,83.19872356279,20.2886307418,14.8698,II/389/ps1_dr2
132370832390901877,83.23909470519,20.30944421316,14.9667,II/389/ps1_dr2
132370832390931874,83.23909855125,20.30944350168,14.968,II/389/ps1_dr2
132360832470388203,83.24703362461,20.30636925075,13.4434,II/389/ps1_dr2
132340832545669543,83.25459077947,20.29083897046,13.5527,II/389/ps1_dr2
132360832274888613,83.22743472499,20.3066991108,13.5884,II/389/ps1_dr2
132370832218442059,83.22181336896,20.30957558502,13.3787,II/389/ps1_dr2
132370832107622447,83.21074243154,20.3099075735,14.2109,II/389/ps1_dr2
132340832065556874,83.20656226625,20.2885920986,13.427,II/389/ps1_dr2
132360832033536269,83.20334350146,20.30475889422,14.2086,II/389/ps1_dr2
132360832104908425,83.21050454304,20.30654679552,14.2683,II/389/ps1_dr2
132380832346896136,83.23470570267,20.32132805023,14.4335,II/389/ps1_dr2
132380832487248889,83.24873535789,20.323621617,14.5604,II/389/ps1_dr2
132360833439469268,83.34398854225,20.30725322198,14.6255,II/389/ps1_dr2
132350833422085141,83.34221699474,20.29549483929,14.6352,II/389/ps1_dr2
132390833117232726,83.31171128724,20.32679976184,13.9992,II/389/ps1_dr2
132390833151364810,83.31514986582,20.32856082955,14.6185,II/389/ps1_dr2
132390833490849288,83.34908716,20.33224948,10.8442,II/389/ps1_dr2
132390833491979747,83.34919308,20.33247914,10.704,II/389/ps1_dr2
132420833408086938,83.34079405864,20.35531692761,13.654,II/389/ps1_dr2
132390833495089832,83.3495641,20.33283981,13.8185,II/389/ps1_dr2
132390832604595725,83.26044261041,20.32933600095,13.8766,II/389/ps1_dr2
132400832794533044,83.2793821127,20.33537558947,13.4477,II/389/ps1_dr2
132420833241745739,83.32413375271,20.3542981952,14.898,II/389/ps1_dr2
132440833387117071,83.3387256562,20.37210964432,14.7448,II/389/ps1_dr2
132440832905827931,83.29059226888,20.37282190717,14.4384,II/389/ps1_dr2
132450833043214057,83.30431662519,20.37791580025,13.7584,II/389/ps1_dr2
132500833224184535,83.32242770461,20.41999002772,14.2235,II/389/ps1_dr2
132490833204767513,83.32048714906,20.41414140389,14.7179,II/389/ps1_dr2
131820826036645432,82.60366901086,19.85404351921,14.7167,II/389/ps1_dr2
131820826642719815,82.6642249973,19.85768489319,14.7138,II/389/ps1_dr2
131820826546202710,82.65463219001,19.851798442,14.6511,II/389/ps1_dr2
131850826844014928,82.68441054952,19.87863952463,14.2116,II/389/ps1_dr2
131830826255433689,82.62572207,19.86104274,14.1118,II/389/ps1_dr2
131820826391158935,82.6390908374,19.85700014497,14.0128,II/389/ps1_dr2
131830826251023822,82.62519347,19.86122181,10.031,II/389/ps1_dr2
131830826251434265,82.625052,19.861273,10.2839,II/389/ps1_dr2
131810825745795586,82.57459363142,19.84582888015,13.319,II/389/ps1_dr2
131850825488688412,82.54888423453,19.88156612217,13.761,II/389/ps1_dr2
131870826162446044,82.6162541457,19.89618576548,13.2701,II/389/ps1_dr2
131880827386251474,82.73863951961,19.90076122454,14.5194,II/389/ps1_dr2
131930827548409376,82.7548676915,19.94901097713,14.7755,II/389/ps1_dr2
131940827275559756,82.72757078563,19.95766625871,14.8398,II/389/ps1_dr2
131960827388701145,82.73888222302,19.96715345665,13.9465,II/389/ps1_dr2
131910826549185809,82.6549295152,19.92937688813,14.7107,II/389/ps1_dr2
131930826573291528,82.65734783805,19.94246965454,14.3856,II/389/ps1_dr2
131900826487924595,82.6488030187,19.92003336019,14.3382,II/389/ps1_dr2
131950826891446015,82.68916110624,19.96288376932,14.1303,II/389/ps1_dr2
131960827049969631,82.70499269306,19.97420961905,14.6175,II/389/ps1_dr2
131960827130747241,82.71307037202,19.97223441376,12.555,II/389/ps1_dr2
131970827390447661,82.73894612768,19.98085361235,10.734,II/389/ps1_dr2
131970827387377435,82.73881857,19.98073236,11.3291,II/389/ps1_dr2
131990827049886385,82.70500005832,19.99651819028,14.0092,II/389/ps1_dr2
132020827020345353,82.70205586586,20.0206656015,14.4572,II/389/ps1_dr2
131890824988736296,82.49884419332,19.91312071714,13.5906,II/389/ps1_dr2
131930826056711826,82.60567114824,19.94273082915,11.954,II/389/ps1_dr2
131930825472352179,82.54722846892,19.94302391851,13.8496,II/389/ps1_dr2
131960825603298005,82.56031860274,19.97287444904,14.7523,II/389/ps1_dr2
131960825609128586,82.56090893307,19.97336136937,14.2012,II/389/ps1_dr2
131960825758266235,82.5758269052,19.97138734249,14.0715,II/389/ps1_dr2
131930825242174280,82.5242236,19.94485093,10.862,II/389/ps1_dr2
131930825244454614,82.52444691,19.94507314,11.9119,II/389/ps1_dr2
131910825108408571,82.51082248628,19.93166803182,13.9906,II/389/ps1_dr2
131930825235923950,82.52369408,19.94456572,13.6789,II/389/ps1_dr2
131950824983064882,82.49821335858,19.96191464848,13.7016,II/389/ps1_dr2
131990825152625964,82.51525373599,19.99617214238,14.7356,II/389/ps1_dr2
131990826237786442,82.6237879731,19.99657044483,14.121,II/389/ps1_dr2
131980826635269275,82.66355524289,19.99060882349,14.432,II/389/ps1_dr2
132010826816699691,82.68168157368,20.01594188782,14.9086,II/389/ps1_dr2
132010826341056014,82.63407689289,20.01284497623,14.5061,II/389/ps1_dr2
132020826289994617,82.62902885448,20.02005688341,12.897,II/389/ps1_dr2
132070826627894730,82.66280297659,20.06181264172,14.8842,II/389/ps1_dr2
132050825901823763,82.59018272497,20.04433610851,14.2685,II/389/ps1_dr2
132040826290789876,82.62908664246,20.04110165162,13.7073,II/389/ps1_dr2
132090826492461038,82.64925671701,20.07540196073,14.799,II/389/ps1_dr2
132080826029897857,82.6029952129,20.07278006353,14.1919,II/389/ps1_dr2
131970827966533513,82.79665559,19.97752372,14.1676,II/389/ps1_dr2
131970827967933814,82.79681277953,19.97771491269,11.963,II/389/ps1_dr2
131970827969274145,82.79682571,19.97771682,12.0177,II/389/ps1_dr2
131960828211788912,82.82121118944,19.97362295593,14.5521,II/389/ps1_dr2
131990828289622090,82.82898629752,19.99293365732,14.0393,II/389/ps1_dr2
131970827813717631,82.78139207359,19.98089000682,14.2226,II/389/ps1_dr2
132000827743901550,82.77439977941,20.00078713514,14.1397,II/389/ps1_dr2
132010827385203919,82.73840886234,20.01109429861,13.5494,II/389/ps1_dr2
132020827836987996,82.7836661647,20.02283857613,14.9464,II/389/ps1_dr2
132030827252167094,82.72523142657,20.0304427574,14.0173,II/389/ps1_dr2
132050827370384850,82.7370542593,20.04524115143,13.7575,II/389/ps1_dr2
132090827971137586,82.79713794706,20.08086696653,14.7757,II/389/ps1_dr2
132070828924033636,82.89241181535,20.06090122577,14.2852,II/389/ps1_dr2
132060828656575300,82.86555633,20.05401022,13.7496,II/389/ps1_dr2
132060828653004558,82.86547222,20.05351511,13.4945,II/389/ps1_dr2
132060828652404913,82.86518772,20.05350974,10.545,II/389/ps1_dr2
132080828457475447,82.84576460202,20.07075640474,14.7679,II/389/ps1_dr2
132060828649544355,82.86509572,20.05331879,12.3255,II/389/ps1_dr2
132110828890190627,82.88903589844,20.09173684894,14.1954,II/389/ps1_dr2
132120828990694648,82.89907646775,20.10343726034,13.1,II/389/ps1_dr2
132120828785575300,82.87857609488,20.10395176809,14.812,II/389/ps1_dr2
132120828456991755,82.84571607128,20.10101229999,14.6658,II/389/ps1_dr2
132120828396286568,82.83964301,20.10499755,11.876,II/389/ps1_dr2
132110828211288266,82.82114243201,20.09809718874,14.5007,II/389/ps1_dr2
132150828488450662,82.84886181421,20.12510107054,14.2913,II/389/ps1_dr2
132150828740514372,82.87433215,20.12830654,11.894,II/389/ps1_dr2
132150828746024495,82.87464716,20.12825316,12.1072,II/389/ps1_dr2
132170828918962308,82.8919019533,20.14313595918,13.484,II/389/ps1_dr2
132170829094462016,82.90947048,20.14289274,12.696,II/389/ps1_dr2
132160828634116288,82.86343053272,20.13810905827,14.7122,II/389/ps1_dr2
132190828996949210,82.89970319643,20.16555225501,13.8499,II/389/ps1_dr2
132060826927631311,82.69277993255,20.05062568698,14.6472,II/389/ps1_dr2
132100827057419621,82.70575175,20.09090123,13.442,II/389/ps1_dr2
132110827623080745,82.7623301612,20.09182994748,14.83,II/389/ps1_dr2
132100827504436689,82.75046403044,20.08845328936,14.6772,II/389/ps1_dr2
132120827615630047,82.76148139599,20.09957572105,14.1646,II/389/ps1_dr2
132150827472298206,82.74723071803,20.1313948329,14.3243,II/389/ps1_dr2
132150827463457168,82.74637097638,20.13051263712,12.42,II/389/ps1_dr2
132120826952129259,82.69520434572,20.10726145942,13.42,II/389/ps1_dr2
132130826573221218,82.65732945418,20.10887695682,14.0196,II/389/ps1_dr2
132130826319905752,82.63203050578,20.11267847724,14.1978,II/389/ps1_dr2
132140827880328526,82.78800487006,20.12329202545,14.4224,II/389/ps1_dr2
132160828023764178,82.80239220488,20.13636061664,14.7178,II/389/ps1_dr2
132140827991741021,82.79914460559,20.11704077082,14.491,II/389/ps1_dr2
132200827960522132,82.79609385029,20.16797328891,13.9512,II/389/ps1_dr2
132200827955292629,82.79550827976,20.16833801813,12.741,II/389/ps1_dr2
132200828340813924,82.83409733114,20.16948003331,14.8597,II/389/ps1_dr2
132210828612614641,82.86128476545,20.17839717546,14.5643,II/389/ps1_dr2
132230828458703735,82.84588524921,20.19431748482,14.9103,II/389/ps1_dr2
132180827510108502,82.75101197,20.15662522,12.819,II/389/ps1_dr2
132220827714467649,82.77131444,20.18935895,9.3936,II/389/ps1_dr2
132220827706116941,82.77055901,20.18861085,10.0781,II/389/ps1_dr2
132220827708107395,82.770959,20.189148,9.06,II/389/ps1_dr2
132230827551482970,82.75512125647,20.19362690818,12.524,II/389/ps1_dr2
132280827877251816,82.78774576708,20.23438463081,14.7789,II/389/ps1_dr2
131970824535980739,82.45341101,19.97507742,13.1916,II/389/ps1_dr2
131970824535946146,82.45345814,19.97970561,11.714,II/389/ps1_dr2
131990824177685963,82.41770249781,19.99615246539,14.8998,II/389/ps1_dr2
132000824316926642,82.43171086368,20.00506889182,13.2973,II/389/ps1_dr2
132030825113306600,82.51132296112,20.03003973315,14.6398,II/389/ps1_dr2
132040824801150426,82.48010658667,20.03321979586,13.5101,II/389/ps1_dr2
132040824311880476,82.43116852882,20.03326248471,11.895,II/389/ps1_dr2
132060823962246749,82.39617286284,20.05513847701,14.3412,II/389/ps1_dr2
132040824396426376,82.43954327,20.03816387,13.437,II/389/ps1_dr2
132050824641928763,82.46425786,20.04875187,9.556,II/389/ps1_dr2
132050824643199442,82.464107,20.049055,9.203,II/389/ps1_dr2
132070824639218431,82.46390869956,20.06489444433,14.9627,II/389/ps1_dr2
132050824645869207,82.46479278,20.04872553,9.813,II/389/ps1_dr2
132070824296143647,82.42936622,20.06086659,13.5421,II/389/ps1_dr2
132070824292733430,82.42927833,20.06077636,12.619,II/389/ps1_dr2
132080825506417285,82.55064631707,20.0721615251,12.892,II/389/ps1_dr2
132110824828849799,82.48287618714,20.09935890079,14.9631,II/389/ps1_dr2
132100825067284819,82.50670547917,20.08687953338,12.557,II/389/ps1_dr2
132120825257733570,82.52575861737,20.10250531381,14.4035,II/389/ps1_dr2
132130824701672249,82.47005772592,20.10972353497,13.413,II/389/ps1_dr2
132160825328795790,82.53284994226,20.13770983522,13.7676,II/389/ps1_dr2
132160825620946905,82.56208876642,20.13862239573,14.6466,II/389/ps1_dr2
132160825172383149,82.51722667852,20.13548183058,14.9332,II/389/ps1_dr2
132170825258437601,82.52590577488,20.147462681,12.611,II/389/ps1_dr2
132170825125404220,82.51250919118,20.14470609145,13.9272,II/389/ps1_dr2
132170824905349370,82.49056851858,20.14894024055,14.2184,II/389/ps1_dr2
132050823733986429,82.37336407388,20.04654695666,14.4182,II/389/ps1_dr2
132110823560907839,82.35610758049,20.09770084265,14.9981,II/389/ps1_dr2
132110824105531862,82.41068483,20.0928133,11.784,II/389/ps1_dr2
132130823923288477,82.39235953355,20.11488962111,14.7479,II/389/ps1_dr2
132140823491892805,82.34919843748,20.11854530948,13.248,II/389/ps1_dr2
132170823916731128,82.39170771123,20.14210447456,13.8879,II/389/ps1_dr2
132170823276826602,82.32769792291,20.14665392191,14.1265,II/389/ps1_dr2
132180823304872766,82.33047558649,20.15185695573,13.9464,II/389/ps1_dr2
132170824568387500,82.45686510412,20.14737384904,14.5331,II/389/ps1_dr2
132230824994265725,82.49943992441,20.19591336102,14.8854,II/389/ps1_dr2
132200824631962816,82.46321679278,20.16847730448,14.606,II/389/ps1_dr2
132210824694935865,82.4695122463,20.17935204914,14.7328,II/389/ps1_dr2
132240824753100143,82.47532563274,20.19959229846,14.7062,II/389/ps1_dr2
132240824688426932,82.46886430389,20.20525662948,13.31,II/389/ps1_dr2
132150826180160511,82.61802809697,20.12493887401,14.6608,II/389/ps1_dr2
132140826160297529,82.61609947,20.12248861,12.501,II/389/ps1_dr2
132190826201614071,82.62018704034,20.16127830267,13.6979,II/389/ps1_dr2
132190825994325055,82.59943429395,20.16207741895,13.7703,II/389/ps1_dr2
132220826786664563,82.67867455038,20.18668126026,13.336,II/389/ps1_dr2
132220826289713746,82.62894869331,20.18599762896,14.4513,II/389/ps1_dr2
132200825710287595,82.57110292335,20.17248553828,13.4929,II/389/ps1_dr2
132230825966694081,82.59667268918,20.1945881909,14.777,II/389/ps1_dr2
132200825936834279,82.59365749181,20.16980027654,14.3554,II/389/ps1_dr2
132270826165744314,82.61660915313,20.22807407062,14.0492,II/389/ps1_dr2
132290826147625052,82.61476541186,20.24541291172,12.831,II/389/ps1_dr2
132290826051069485,82.6051312474,20.24905857081,14.9826,II/389/ps1_dr2
132300826224174142,82.62242030451,20.25298326371,14.243,II/389/ps1_dr2
132240826951629111,82.6951670961,20.20714840942,13.7826,II/389/ps1_dr2
132280826839460298,82.68399038,20.23313217,11.916,II/389/ps1_dr2
132310827022422828,82.70228665101,20.26020786045,14.912,II/389/ps1_dr2
132300826834893902,82.68344725,20.25288358,11.354,II/389/ps1_dr2
132310827023679215,82.70241113069,20.26552883553,14.7411,II/389/ps1_dr2
132320826770404877,82.67708591879,20.27027996203,13.5437,II/389/ps1_dr2
132330826447911223,82.64482332371,20.27551737579,14.2699,II/389/ps1_dr2
132330826475852966,82.64761111057,20.27696164226,14.4378,II/389/ps1_dr2
132340827022483771,82.70226425357,20.28600926452,14.7541,II/389/ps1_dr2
132240825447739200,82.54480586309,20.20713137337,14.4054,II/389/ps1_dr2
132240825365775520,82.53660535768,20.20406778479,14.9843,II/389/ps1_dr2
132280825545194096,82.55454059565,20.23622191304,14.8633,II/389/ps1_dr2
132270825204787454,82.52050506775,20.23068314351,14.8511,II/389/ps1_dr2
132280825225697666,82.52262266289,20.23921073328,13.8678,II/389/ps1_dr2
132290825917062998,82.59173452674,20.24365056157,14.3509,II/389/ps1_dr2
132290825577583633,82.55778200358,20.24417094965,13.9982,II/389/ps1_dr2
132300825974938757,82.59750793503,20.2567829576,14.6448,II/389/ps1_dr2
132320825835673194,82.5835959702,20.26880752792,14.1701,II/389/ps1_dr2
132330825998983320,82.5999219568,20.27726320817,14.8251,II/389/ps1_dr2
132330824741875724,82.474169,20.27928922,10.185,II/389/ps1_dr2
132330824744836066,82.47442568,20.27966296,11.7733,II/389/ps1_dr2
132340825937973699,82.5937484708,20.28585032577,13.107,II/389/ps1_dr2
132410826162632388,82.61629788227,20.34312990148,14.3708,II/389/ps1_dr2
132370826151258660,82.61514423853,20.31503280235,12.758,II/389/ps1_dr2
132370826156709661,82.61566007116,20.31591086415,12.156,II/389/ps1_dr2
132410826644295419,82.66444220586,20.34569805375,14.5706,II/389/ps1_dr2
132390826344256526,82.63444408809,20.32994496395,14.5239,II/389/ps1_dr2
132410826292625833,82.62930509683,20.34601192779,14.9218,II/389/ps1_dr2
132430826524088519,82.65244142618,20.36491288608,14.5396,II/389/ps1_dr2
132440826584510252,82.65846790863,20.36640238166,14.1871,II/389/ps1_dr2
132440825718095155,82.57183002701,20.37043556139,14.4686,II/389/ps1_dr2
132450825796400776,82.57965727,20.37512087,12.449,II/389/ps1_dr2
132420825742353663,82.57426171082,20.3525312801,14.462,II/389/ps1_dr2
132420826138601029,82.61393146013,20.35035913452,13.543,II/389/ps1_dr2
132460826534953571,82.65350052424,20.38584423987,14.9624,II/389/ps1_dr2
132480826035701454,82.60362177696,20.40070208993,13.9745,II/389/ps1_dr2
132150829814964851,82.9814973392,20.12858202893,13.479,II/389/ps1_dr2
132150829610011511,82.96100790414,20.12580961712,13.8998,II/389/ps1_dr2
132170829975461770,82.9975439108,20.14262201607,13.7532,II/389/ps1_dr2
132190830254565841,83.02545535413,20.16275447512,13.6873,II/389/ps1_dr2
132200830250323916,83.0250358843,20.16946886088,13.7642,II/389/ps1_dr2
132220830304082385,83.03044331755,20.18489187022,13.5034,II/389/ps1_dr2
132220830308345123,83.0308373114,20.18714359952,13.7727,II/389/ps1_dr2
132220829238711293,82.92386872056,20.18395237983,13.373,II/389/ps1_dr2
132190829246117945,82.9246261173,20.16449767917,13.7142,II/389/ps1_dr2
132220829639224780,82.96392304,20.18686053,13.229,II/389/ps1_dr2
132210829431900759,82.94319971911,20.17517478962,14.7668,II/389/ps1_dr2
132230828990212216,82.89903723904,20.19304407811,14.9796,II/389/ps1_dr2
132230829370247791,82.93703403918,20.19769946164,14.7633,II/389/ps1_dr2
132240829083349429,82.90834624875,20.207386783,14.9375,II/389/ps1_dr2
132290830401570941,83.04015894749,20.24197942569,13.126,II/389/ps1_dr2
132300831053655461,83.10536997805,20.25410120827,14.9651,II/389/ps1_dr2
132300831190580775,83.11903909304,20.25018903107,12.512,II/389/ps1_dr2
132290830828679304,83.08287838605,20.24896347745,14.3996,II/389/ps1_dr2
132280830109321604,83.01094416445,20.23419527374,13.7835,II/389/ps1_dr2
132310830335334833,83.03353686246,20.26189423344,14.1621,II/389/ps1_dr2
132290830338475731,83.03385828967,20.24597862102,14.3106,II/389/ps1_dr2
132340830642610223,83.06427258191,20.2830560781,14.404,II/389/ps1_dr2
132250828540516709,82.85405719802,20.21346025434,13.5222,II/389/ps1_dr2
132330829338588051,82.93386887254,20.28123697512,14.5707,II/389/ps1_dr2
132360828612026599,82.86121510638,20.30504921997,13.225,II/389/ps1_dr2
132380829873494207,82.98735859538,20.31970052754,14.7067,II/389/ps1_dr2
132370829815141057,82.98150966093,20.30874862047,11.97,II/389/ps1_dr2
132380829571312855,82.95713958572,20.3185688894,14.0334,II/389/ps1_dr2
132400830090985794,83.00910786516,20.33768544379,14.5853,II/389/ps1_dr2
132410830428103584,83.04281650828,20.34418153257,14.4612,II/389/ps1_dr2
132410830133835163,83.01338759483,20.34549676128,13.5983,II/389/ps1_dr2
132390829034356999,82.90344483046,20.33034889269,14.9748,II/389/ps1_dr2
132440829264182680,82.92643425611,20.36842681063,13.6369,II/389/ps1_dr2
132440829714574917,82.97147258112,20.37029424745,14.0975,II/389/ps1_dr2
132470829427044778,82.94276098986,20.39520995024,14.1981,II/389/ps1_dr2
132330831487929247,83.1487530036,20.28222674349,14.5488,II/389/ps1_dr2
132380831512778844,83.15124641975,20.32356073774,14.1142,II/389/ps1_dr2
132380831399859394,83.13998304431,20.32400359724,13.404,II/389/ps1_dr2
132370831499913106,83.14995647055,20.31043796487,14.8144,II/389/ps1_dr2
132400831914286081,83.19141435507,20.33791287087,13.9028,II/389/ps1_dr2
132380831897720179,83.18977075502,20.31635739252,14.9988,II/389/ps1_dr2
132420832054127531,83.20541013073,20.35581396641,14.2686,II/389/ps1_dr2
132430831705037995,83.17051326805,20.36454143974,14.975,II/389/ps1_dr2
132430831951689304,83.19517407362,20.36563484364,14.4679,II/389/ps1_dr2
132400830826797831,83.08268870171,20.33938731749,13.7578,II/389/ps1_dr2
132450831531120185,83.1531280489,20.37471167427,13.003,II/389/ps1_dr2
132460831342546652,83.13420474133,20.38838824418,12.916,II/389/ps1_dr2
132460831420373530,83.14197585197,20.38577410659,13.487,II/389/ps1_dr2
132440832304088338,83.23038245486,20.37316010375,13.196,II/389/ps1_dr2
132470832026161489,83.20276447,20.39245141,13.1265,II/389/ps1_dr2
132470832024411206,83.20239853,20.39220453,11.772,II/389/ps1_dr2
132510832868606630,83.28686444236,20.43007163739,13.055,II/389/ps1_dr2
132520832580111336,83.25799141578,20.43398491818,13.5175,II/389/ps1_dr2
132520832706753599,83.27068304873,20.43587956206,14.4926,II/389/ps1_dr2
132540832637600361,83.26381832,20.44978707,12.5201,II/389/ps1_dr2
132490831773185811,83.17730151551,20.41270464845,14.4023,II/389/ps1_dr2
132510832085391685,83.20852318238,20.42594920315,14.2333,II/389/ps1_dr2
132530831694150797,83.16942019,20.44180434,13.005,II/389/ps1_dr2
132540832542824198,83.25426512773,20.45303724115,14.3642,II/389/ps1_dr2
132450830785248401,83.07850961867,20.38152901763,13.298,II/389/ps1_dr2
132500830579075953,83.05817475,20.42108056,10.5208,II/389/ps1_dr2
132500830579345540,83.05803947,20.42095928,10.7421,II/389/ps1_dr2
132480830522997299,83.05231988803,20.40560381193,14.6679,II/389/ps1_dr2
132490830719151149,83.07193575204,20.40880924802,13.409,II/389/ps1_dr2
132460830119319289,83.01194249658,20.39059683621,14.369,II/389/ps1_dr2
132500830093752426,83.00939393411,20.41823652907,14.3801,II/389/ps1_dr2
132480830085290588,83.00852751483,20.40000697585,14.1727,II/389/ps1_dr2
132520829949193707,82.99492997174,20.43597153659,13.338,II/389/ps1_dr2
132550830618945353,83.06188748524,20.46227110307,13.428,II/389/ps1_dr2
132550830742738046,83.07431466486,20.4645469457,14.7184,II/389/ps1_dr2
132560830533355600,83.05330012337,20.47089314259,14.9664,II/389/ps1_dr2
132520831561797874,83.15619008983,20.43936704262,13.437,II/389/ps1_dr2
132550831492169321,83.14921877742,20.46558501978,13.3038,II/389/ps1_dr2
132550831201223162,83.12015386614,20.46046995707,14.6193,II/389/ps1_dr2
132600831150548483,83.11507552927,20.50656933026,13.7163,II/389/ps1_dr2
132610831190709669,83.11905033895,20.51581758213,11.965,II/389/ps1_dr2
132610831188979273,83.11890871,20.51560032,12.325,II/389/ps1_dr2
132670831226334138,83.12266980867,20.56128792687,14.8979,II/389/ps1_dr2
132360828228645486,82.82287787653,20.30411212769,14.9868,II/389/ps1_dr2
132360827605259361,82.76055886328,20.30734683452,13.3247,II/389/ps1_dr2
132380827674551007,82.76749338404,20.31705268881,13.3823,II/389/ps1_dr2
132370827896487953,82.78959352745,20.31451096061,13.369,II/389/ps1_dr2
132400828449263203,82.84493436322,20.33552658607,14.8245,II/389/ps1_dr2
132370828278726267,82.8278905915,20.31308832458,14.9531,II/389/ps1_dr2
132410828592454644,82.85926822422,20.34508099391,14.4819,II/389/ps1_dr2
132410828198559710,82.81986711408,20.34929337605,14.8192,II/389/ps1_dr2
132430828251286436,82.82515667519,20.36324589596,13.7201,II/389/ps1_dr2
132440828435185460,82.84358716049,20.3707918238,13.9242,II/389/ps1_dr2
132390827446764782,82.74470019987,20.3285249936,14.9337,II/389/ps1_dr2
132380827347346148,82.73478773692,20.32135220449,13.3788,II/389/ps1_dr2
132420827368653860,82.73689526684,20.35275994094,14.2435,II/389/ps1_dr2
132420827340585227,82.73401803014,20.35392408968,14.2225,II/389/ps1_dr2
132430827544682111,82.75451083466,20.35964095594,13.173,II/389/ps1_dr2
132460827824217708,82.78243608616,20.38929519893,14.5663,II/389/ps1_dr2
132460827740680015,82.77408937854,20.38289263208,14.5133,II/389/ps1_dr2
132450828877053294,82.88771216197,20.37728234097,14.5965,II/389/ps1_dr2
132470829005999688,82.90063875323,20.39929331692,14.1746,II/389/ps1_dr2
132450828605744705,82.86058569101,20.37846347788,14.3667,II/389/ps1_dr2
132500829274108396,82.92742428558,20.42320734039,14.5711,II/389/ps1_dr2
132510829581778054,82.95810566,20.43138487,13.2391,II/389/ps1_dr2
132510829587389503,82.95889066,20.43249413,12.65,II/389/ps1_dr2
132510829587578313,82.95876353,20.43176494,11.0302,II/389/ps1_dr2
132510829584388334,82.95852942,20.4315685,11.1656,II/389/ps1_dr2
132530829318110111,82.93181788138,20.44130291562,14.5986,II/389/ps1_dr2
132530829190430089,82.91912029533,20.44130882375,13.277,II/389/ps1_dr2
132500828544353449,82.85443505691,20.41908738524,13.5271,II/389/ps1_dr2
132530828522982829,82.85229944267,20.44354045562,14.9353,II/389/ps1_dr2
132540828751780501,82.87520974601,20.44998497356,13.5023,II/389/ps1_dr2
132540828480038912,82.84800852284,20.45697041609,14.4964,II/389/ps1_dr2
132560828854153967,82.88544795427,20.46953490589,14.4227,II/389/ps1_dr2
132420827108630136,82.71087489663,20.34964585103,14.7215,II/389/ps1_dr2
132450827287556900,82.7287753663,20.38029683092,14.6554,II/389/ps1_dr2
132450827343057660,82.73432039073,20.38092007155,14.8095,II/389/ps1_dr2
132490827173116434,82.7174586188,20.4133068359,13.6178,II/389/ps1_dr2
132520827277481844,82.72779218302,20.43443661807,12.852,II/389/ps1_dr2
132490827175586625,82.71745955,20.41330214,13.4929,II/389/ps1_dr2
132520827550559288,82.75517021,20.44048474,14.4665,II/389/ps1_dr2
132520827553648323,82.75544568,20.43975262,13.932,II/389/ps1_dr2
132540827547254023,82.75474707113,20.45290285975,13.7724,II/389/ps1_dr2
132520827550668451,82.7549859,20.44007302,9.692,II/389/ps1_dr2
132520827546398870,82.75455823,20.44030385,13.7935,II/389/ps1_dr2
132520827548108272,82.75480887,20.43980244,10.1146,II/389/ps1_dr2
132530827686384492,82.76865150338,20.44496230371,14.7022,II/389/ps1_dr2
132470826594014085,82.65941015626,20.39460757541,14.4923,II/389/ps1_dr2
132510826734825844,82.67348886641,20.42940551266,14.2699,II/389/ps1_dr2
132500826472397836,82.64722988061,20.42272834423,14.6616,II/389/ps1_dr2
132520826460746883,82.64607659088,20.43860104337,14.8383,II/389/ps1_dr2
132520827118085777,82.71183223941,20.43769870327,14.0998,II/389/ps1_dr2
132530826950786873,82.69509353088,20.4469329315,14.7355,II/389/ps1_dr2
132530827186289814,82.71864380605,20.44938196479,14.6803,II/389/ps1_dr2
132530826925682209,82.69261625822,20.44306522807,14.2462,II/389/ps1_dr2
132530826837258949,82.68385599,20.44875489,11.163,II/389/ps1_dr2
132530826840779777,82.68407435,20.44917494,13.9088,II/389/ps1_dr2
132580826979455575,82.69801335137,20.48754239609,13.4004,II/389/ps1_dr2
132560827707215063,82.77073733216,20.47043812153,12.845,II/389/ps1_dr2
132540827718929910,82.77189926542,20.45780046169,14.874,II/389/ps1_dr2
132550827835962793,82.78360939966,20.46020785295,14.8579,II/389/ps1_dr2
132570828343492418,82.83436389113,20.47657020451,14.1381,II/389/ps1_dr2
132590828721598707,82.87225467606,20.49846074272,13.9077,II/389/ps1_dr2
132570827532069963,82.75319117377,20.4828020687,14.6756,II/389/ps1_dr2
132570827524558806,82.75250592,20.4818199,11.72,II/389/ps1_dr2
132610827969747116,82.7969884582,20.51380486825,14.1855,II/389/ps1_dr2
132640828066903085,82.80670760285,20.53545732341,13.9946,II/389/ps1_dr2
132540829778217725,82.97787815638,20.45597241291,13.4849,II/389/ps1_dr2
132580830229125173,83.0229214013,20.48718381146,14.1352,II/389/ps1_dr2
132600830493681122,83.04938760622,20.5004995646,14.35,II/389/ps1_dr2
132600830478800483,83.0479204363,20.49991067847,14.2124,II/389/ps1_dr2
132610830232793765,83.02329580137,20.51102371837,14.9946,II/389/ps1_dr2
132600829662424582,82.96625569672,20.50334040893,13.4114,II/389/ps1_dr2
132630830744139901,83.07443795537,20.53280296038,14.9369,II/389/ps1_dr2
132650830296480962,83.02968457995,20.54197680821,13.9273,II/389/ps1_dr2
132670830860868891,83.08611010741,20.5652692724,14.6761,II/389/ps1_dr2
132730830516399771,83.05165874745,20.61599785566,14.5696,II/389/ps1_dr2
132730830236916347,83.02371668746,20.6131248036,14.3686,II/389/ps1_dr2
132770830696547001,83.06967440826,20.64702478827,14.6914,II/389/ps1_dr2
132720829091043175,82.9091007,20.60226908,11.519,II/389/ps1_dr2
132720829089962821,82.90910428,20.60218828,13.5615,II/389/ps1_dr2
132690828682381225,82.8682487534,20.57558484541,13.7317,II/389/ps1_dr2
132720828300908239,82.83010101102,20.60643074742,13.6144,II/389/ps1_dr2
132750829065623796,82.90651944057,20.62785379555,13.5407,II/389/ps1_dr2
132760828906252059,82.89063707394,20.63460266232,14.3371,II/389/ps1_dr2
132790830401106584,83.04013066987,20.66334287002,14.8015,II/389/ps1_dr2
132810830217739712,83.02178885721,20.68261567339,14.9764,II/389/ps1_dr2
132810829938618345,82.99388048835,20.68150132607,14.835,II/389/ps1_dr2
132750829261197524,82.92607633544,20.63082331689,14.1473,II/389/ps1_dr2
132770829245354348,82.92453821858,20.64484029735,14.53,II/389/ps1_dr2
132810829478385253,82.9478655979,20.67890098243,13.5987,II/389/ps1_dr2
132790829073255900,82.90733654096,20.66280659977,13.9852,II/389/ps1_dr2
132830829711585681,82.97121816639,20.69593322999,14.2138,II/389/ps1_dr2
132850829973194774,82.99734618318,20.71183673826,14.7774,II/389/ps1_dr2
132860829496216065,82.9496359499,20.72124520198,14.1375,II/389/ps1_dr2
131350814766173486,81.47658960575,19.46082226585,14.1486,II/389/ps1_dr2
131330814856088600,81.48555789338,19.44842553037,14.2523,II/389/ps1_dr2
131350815321410124,81.53213671,19.45795773,13.4132,II/389/ps1_dr2
131350815327760126,81.53291952,19.45811624,11.1753,II/389/ps1_dr2
131340815325789838,81.53259129,19.45774382,10.027,II/389/ps1_dr2
131360814658597695,81.46581907252,19.47266585418,13.2648,II/389/ps1_dr2
131410814491228793,81.44908197179,19.5152558585,14.2997,II/389/ps1_dr2
131500813894434233,81.38935429114,19.58645823367,13.6405,II/389/ps1_dr2
131500814040302177,81.40395577923,19.58473280459,13.8934,II/389/ps1_dr2
131500814103686426,81.41047063393,19.58845086861,12.114,II/389/ps1_dr2
131500813651364898,81.36513253345,19.58696216607,14.9816,II/389/ps1_dr2
131510813936798086,81.39359523913,19.59801556318,13.8831,II/389/ps1_dr2
131570813295191708,81.32948049,19.64259827,12.5346,II/389/ps1_dr2
131570813293191441,81.32930099,19.64239826,11.519,II/389/ps1_dr2
131650812570520642,81.25703905,19.70839216,11.241,II/389/ps1_dr2
131650812571941074,81.25722113,19.70881192,14.75,II/389/ps1_dr2
131660812574633035,81.25745732475,19.71872127327,13.946,II/389/ps1_dr2
131720812238505281,81.22390018,19.77060591,12.619,II/389/ps1_dr2
131410815988841688,81.59885568294,19.50932730011,14.8769,II/389/ps1_dr2
131390815418372837,81.54178847627,19.49360578343,14.0268,II/389/ps1_dr2
131460816061764072,81.60607596716,19.55296968076,14.25,II/389/ps1_dr2
131480815944255047,81.59439279292,19.57045521311,14.3679,II/389/ps1_dr2
131480815284919558,81.52845633217,19.5742156005,14.0632,II/389/ps1_dr2
131520815896554753,81.5896330912,19.60355076882,14.882,II/389/ps1_dr2
131510815939010960,81.59391097,19.59180432,13.8322,II/389/ps1_dr2
131510815936270262,81.59358349,19.5914879,11.814,II/389/ps1_dr2
131510816905971917,81.69056477706,19.59284631744,14.9231,II/389/ps1_dr2
131500816403100904,81.64004433,19.58343337,12.7969,II/389/ps1_dr2
131500816399330867,81.64000646,19.58338429,12.6884,II/389/ps1_dr2
131540816586923865,81.65863684174,19.61947281368,13.55,II/389/ps1_dr2
131540816982413632,81.69820294567,19.61927558066,14.893,II/389/ps1_dr2
131560815907766538,81.59074501241,19.63836143648,14.558,II/389/ps1_dr2
131560816572236157,81.65718833346,19.63804110379,14.1589,II/389/ps1_dr2
131600816658894901,81.66580146717,19.67038924008,13.4997,II/389/ps1_dr2
131600816659185252,81.665814,19.670498,12.074,II/389/ps1_dr2
131590816775587991,81.67752012376,19.66457110685,14.4251,II/389/ps1_dr2
131600816642934729,81.6642625684,19.67017930719,14.7862,II/389/ps1_dr2
131520815061491478,81.50611497163,19.60082478681,14.673,II/389/ps1_dr2
131520814668058936,81.46669668937,19.60700622038,13.225,II/389/ps1_dr2
131540815269290102,81.52685405259,19.61631270233,13.8098,II/389/ps1_dr2
131540815282328485,81.52809873,19.62330112,12.149,II/389/ps1_dr2
131600815426571954,81.54249376172,19.66783589778,12.204,II/389/ps1_dr2
131580815412959863,81.54126554377,19.65780790188,14.8537,II/389/ps1_dr2
131650815976101702,81.59762644026,19.70929323147,14.2842,II/389/ps1_dr2
131650815173140666,81.51735450364,19.70845791768,13.0608,II/389/ps1_dr2
131710815769090707,81.57700486033,19.75851966528,12.689,II/389/ps1_dr2
131580817491708053,81.74903808,19.65637595,12.694,II/389/ps1_dr2
131580817520570020,81.75202340023,19.64959187894,14.9778,II/389/ps1_dr2
131580817495198454,81.74954213,19.65660309,13.3062,II/389/ps1_dr2
131640817857679607,81.78568565923,19.70759556729,13.7113,II/389/ps1_dr2
131700817062505286,81.70622871755,19.75395833119,14.7748,II/389/ps1_dr2
131720817354127493,81.735437354,19.77247604486,14.997,II/389/ps1_dr2
131670818425023706,81.84235601081,19.72766610871,13.253,II/389/ps1_dr2
131700818002389477,81.80019045719,19.75749854052,14.5835,II/389/ps1_dr2
131690818131428094,81.81305386793,19.74800295134,13.425,II/389/ps1_dr2
131730818144099076,81.81438687985,19.78213439382,14.1433,II/389/ps1_dr2
131780818419674893,81.84201041633,19.82034147797,12.751,II/389/ps1_dr2
131820818213631087,81.82135067819,19.85048395783,14.7809,II/389/ps1_dr2
131710816536339193,81.65352036,19.76565742,12.4302,II/389/ps1_dr2
131710816539839050,81.65392697,19.76556285,12.0952,II/389/ps1_dr2
131710816538709418,81.65385862129,19.76570462151,12.5956,II/389/ps1_dr2
131710817072845635,81.70731909469,19.76257737251,14.339,II/389/ps1_dr2
131750816222627490,81.62228255,19.79742837,10.3762,II/389/ps1_dr2
131750816223987985,81.62242774,19.79767903,10.083,II/389/ps1_dr2
131760816041642959,81.60418597788,19.80202793861,13.9204,II/389/ps1_dr2
131780816571317707,81.65712903605,19.8226231377,14.9036,II/389/ps1_dr2
131810817491377392,81.74911961313,19.84738865426,14.5661,II/389/ps1_dr2
131840818182208977,81.81821518231,19.87371847595,11.982,II/389/ps1_dr2
131840818191317679,81.81894572233,19.87240074882,13.7981,II/389/ps1_dr2
131840817838941122,81.78387061151,19.86717131784,14.7481,II/389/ps1_dr2
131840818189467369,81.81894618513,19.87240548467,13.7985,II/389/ps1_dr2
131810816828181697,81.68280540453,19.84263409299,14.4182,II/389/ps1_dr2
131830817092521953,81.70924011312,19.85951971072,14.9596,II/389/ps1_dr2
131860817240291237,81.72396213694,19.8840035001,13.029,II/389/ps1_dr2
131900817325415219,81.73252887,19.92057548,12.826,II/389/ps1_dr2
131900817327675521,81.73278574,19.92082481,12.8536,II/389/ps1_dr2
131650814607411709,81.46078759866,19.70933750929,13.2226,II/389/ps1_dr2
131650813298762143,81.32985379733,19.70964809264,14.5979,II/389/ps1_dr2
131660813729687822,81.37293593132,19.72272549494,14.8645,II/389/ps1_dr2
131700813789849638,81.37904320766,19.75759735516,13.8482,II/389/ps1_dr2
131720813748876194,81.3748672789,19.77138272862,14.2943,II/389/ps1_dr2
131690814850911819,81.48508441114,19.7427351826,14.8284,II/389/ps1_dr2
131770814605093781,81.46050918513,19.81098814584,13.5239,II/389/ps1_dr2
131710812787108655,81.27869225419,19.76507174443,14.8324,II/389/ps1_dr2
131740812999580639,81.299948893,19.78339425869,14.1124,II/389/ps1_dr2
131750812418788189,81.2418572,19.79813757,11.8459,II/389/ps1_dr2
131750812419428542,81.24193936,19.79825679,11.996,II/389/ps1_dr2
131730812230875890,81.22312517092,19.77944399777,13.509,II/389/ps1_dr2
131800813261889101,81.32618022672,19.84046106046,14.3145,II/389/ps1_dr2
131790813217946613,81.32178173292,19.83005342008,14.143,II/389/ps1_dr2
131800812662555495,81.26621537415,19.83742466575,14.7769,II/389/ps1_dr2
131790812999229835,81.29993394425,19.83274075498,13.867,II/389/ps1_dr2
131780814082924812,81.40829330967,19.8202134836,13.2957,II/389/ps1_dr2
131820813957164857,81.39570054009,19.85358875538,14.9384,II/389/ps1_dr2
131810813849952613,81.38502189005,19.84342015151,13.7277,II/389/ps1_dr2
131810814277127430,81.42770496006,19.84739654211,14.5124,II/389/ps1_dr2
131810813511830260,81.35117292382,19.84143239777,14.4235,II/389/ps1_dr2
131830813446784463,81.34465774042,19.86159822707,14.4991,II/389/ps1_dr2
131830813658039057,81.36580590498,19.86543131878,13.9073,II/389/ps1_dr2
131880813829869189,81.38296854445,19.90721021979,14.9988,II/389/ps1_dr2
131780815769210622,81.57691839793,19.81673212637,14.86,II/389/ps1_dr2
131820816261418838,81.62612956804,19.85691648435,12.593,II/389/ps1_dr2
131840816269050939,81.62688858612,19.86700891131,13.8434,II/389/ps1_dr2
131870815085520311,81.50855695757,19.8914940112,13.7484,II/389/ps1_dr2
131920815720591751,81.57206590856,19.93433958156,14.5556,II/389/ps1_dr2
131910815795882128,81.57959231116,19.92635277899,12.17,II/389/ps1_dr2
131890816821601121,81.68215133032,19.90882747268,14.5243,II/389/ps1_dr2
131900816668046407,81.66675266,19.92148834,10.239,II/389/ps1_dr2
131900816670896317,81.66704954,19.92146862,10.3064,II/389/ps1_dr2
131900816665256057,81.66653869,19.92129194,11.1416,II/389/ps1_dr2
131910816964621776,81.69634260582,19.92614689072,14.4887,II/389/ps1_dr2
131930816797449304,81.6797402947,19.94897786311,13.9969,II/389/ps1_dr2
131940815983725016,81.59843465285,19.95375557862,13.7594,II/389/ps1_dr2
131950815869789281,81.586895,19.965612,11.557,II/389/ps1_dr2
131950815875479173,81.58735276,19.96537675,14.6827,II/389/ps1_dr2
131950815867389012,81.58694933,19.96557684,11.4159,II/389/ps1_dr2
131960816121024316,81.6121589162,19.96984163586,14.5913,II/389/ps1_dr2
131950816549936233,81.6549847877,19.96307973588,14.9955,II/389/ps1_dr2
131980816155627333,81.6155971459,19.98902389125,12.913,II/389/ps1_dr2
131840814746443556,81.47464172316,19.86918694585,14.8743,II/389/ps1_dr2
131940815551934271,81.55519469374,19.95311515947,14.7459,II/389/ps1_dr2
131920814944411549,81.49443591238,19.93417926543,14.9895,II/389/ps1_dr2
131960814204125365,81.42048506241,19.97070674718,13.2706,II/389/ps1_dr2
131950814781281494,81.47812299961,19.95913579856,14.5798,II/389/ps1_dr2
131960815841580592,81.58423682,19.9668501,10.82,II/389/ps1_dr2
131960815840991532,81.58418806,19.9675451,14.5852,II/389/ps1_dr2
132060815392264520,81.53927247,20.05333247,11.854,II/389/ps1_dr2
132060815422462219,81.54224252296,20.0514077988,14.1522,II/389/ps1_dr2
132060815397664565,81.53955887,20.05339387,13.4774,II/389/ps1_dr2
131820819299973173,81.92998227088,19.8522461334,14.5838,II/389/ps1_dr2
131810819736392273,81.97364811657,19.84315831312,12.34,II/389/ps1_dr2
131810819738562544,81.97392361,19.84317734,12.2797,II/389/ps1_dr2
131830819933004984,81.9932546358,19.86208254339,14.8769,II/389/ps1_dr2
131820818879189709,81.88774254,19.85737904,13.9164,II/389/ps1_dr2
131820818877469357,81.88775707385,19.85738646721,13.9241,II/389/ps1_dr2
131870819193591404,81.91934440115,19.89240378554,13.8137,II/389/ps1_dr2
131870818892937919,81.88928559206,19.89783873063,14.6162,II/389/ps1_dr2
131900819228833384,81.9228763892,19.91905004018,13.4516,II/389/ps1_dr2
131900819861550925,81.98613023157,19.91695969885,13.309,II/389/ps1_dr2
131930820194245886,82.01940101297,19.94607831257,14.3277,II/389/ps1_dr2
131910819452860956,81.94526970426,19.92535973118,14.8383,II/389/ps1_dr2
131970819555236512,81.95550528605,19.9799822003,14.9791,II/389/ps1_dr2
131960819972736990,81.99715567814,19.97201427066,14.8978,II/389/ps1_dr2
131970820078520015,82.00783933764,19.97453378779,14.2429,II/389/ps1_dr2
131880817922369499,81.7922185524,19.90749457814,14.8294,II/389/ps1_dr2
131930818260363381,81.82602070043,19.94406949349,13.7791,II/389/ps1_dr2
131920817928824030,81.79286164828,19.93626798434,14.8432,II/389/ps1_dr2
131930818060465982,81.80603214901,19.94622133298,14.4524,II/389/ps1_dr2
131920817639900046,81.76398427546,19.93296217073,13.38,II/389/ps1_dr2
131940817528913119,81.75296123632,19.95222255334,12.359,II/389/ps1_dr2
131960818149472137,81.81494871081,19.96799760351,14.541,II/389/ps1_dr2
131970818522718105,81.85225876066,19.98132271285,14.563,II/389/ps1_dr2
131990818232165641,81.82317037,19.99591756,9.298,II/389/ps1_dr2
131990818243877715,81.82439364009,19.99767492789,12.737,II/389/ps1_dr2
131980819299947745,81.92997147,19.98936111,11.751,II/389/ps1_dr2
132000818955780983,81.89556628536,20.00038383438,14.0211,II/389/ps1_dr2
132020818959625148,81.89594872236,20.02052483433,14.6462,II/389/ps1_dr2
132070818704486722,81.87063316,20.06345865,14.8573,II/389/ps1_dr2
132070818712567175,81.87126242,20.06390257,13.2654,II/389/ps1_dr2
132070818709986999,81.8709384,20.06369918,12.255,II/389/ps1_dr2
132070818697958070,81.86979989,20.06461266,12.9882,II/389/ps1_dr2
132060818622708031,81.86230617567,20.0562651266,13.369,II/389/ps1_dr2
132070818702107875,81.87013289,20.06441712,10.843,II/389/ps1_dr2
132110819069326377,81.90693624658,20.09655802554,13.8406,II/389/ps1_dr2
131990821025237314,82.1024502,19.99726035,11.472,II/389/ps1_dr2
132050820684234581,82.06844264496,20.04494418147,10.954,II/389/ps1_dr2
132050820981745598,82.09820032834,20.04581227113,14.1403,II/389/ps1_dr2
132090820738711178,82.07393139756,20.07547770149,13.7186,II/389/ps1_dr2
132090820725047633,82.07253451181,20.08084554607,14.7973,II/389/ps1_dr2
132110821712412167,82.17127195992,20.09296627081,13.8696,II/389/ps1_dr2
132130822457277484,82.24572572369,20.1140931047,14.5064,II/389/ps1_dr2
132080821382246435,82.1382501005,20.07151974367,14.5382,II/389/ps1_dr2
132160821695700169,82.16959937382,20.13298014544,14.1345,II/389/ps1_dr2
132130821784611362,82.17848300669,20.10897528676,14.6754,II/389/ps1_dr2
132150821908383646,82.19086509182,20.12753751977,13.5668,II/389/ps1_dr2
132150821667006483,82.16672575074,20.12991520802,14.8967,II/389/ps1_dr2
132060820210033810,82.02098312,20.05265001,12.795,II/389/ps1_dr2
132080819761351249,81.97615619205,20.06720156285,13.42,II/389/ps1_dr2
132130820186852480,82.01867493,20.10979964,10.777,II/389/ps1_dr2
132110819644172302,81.96437861,20.09302259,11.133,II/389/ps1_dr2
132120819209866197,81.92108193352,20.10473860895,13.8035,II/389/ps1_dr2
132170819876865895,81.98770156219,20.14609380499,14.4828,II/389/ps1_dr2
132190820726078015,82.07264397205,20.16451789327,13.9846,II/389/ps1_dr2
132180820833684349,82.08338627984,20.15310207415,13.2066,II/389/ps1_dr2
131950817296061821,81.72959663561,19.95940886167,14.8588,II/389/ps1_dr2
132040817681978637,81.76819587131,20.04010308338,13.5397,II/389/ps1_dr2
132010817174691926,81.71747434872,20.00950713942,13.9635,II/389/ps1_dr2
132070817553921157,81.75538343805,20.05885631972,14.8479,II/389/ps1_dr2
132050818121310375,81.81213070129,20.0415602263,14.4519,II/389/ps1_dr2
132060817982744384,81.79826260015,20.05321696521,14.977,II/389/ps1_dr2
132140818828840776,81.88286866218,20.11686805316,14.7815,II/389/ps1_dr2
132130818398919138,81.83987355745,20.11550458969,14.8223,II/389/ps1_dr2
132140816377600062,81.63774101717,20.11625681262,13.383,II/389/ps1_dr2
132210816609940578,81.66100585064,20.17502938582,14.9759,II/389/ps1_dr2
132170816533189662,81.6533841858,20.14930178381,14.3305,II/389/ps1_dr2
132170817246457480,81.72467040477,20.14745247947,14.3539,II/389/ps1_dr2
132280817583303538,81.7583290384,20.23582090619,14.6144,II/389/ps1_dr2
132300817452235849,81.74533569024,20.25446450861,13.6496,II/389/ps1_dr2
132180819610680397,81.9610778386,20.14983995155,13.402,II/389/ps1_dr2
132190819704978147,81.97052204969,20.16462163118,13.342,II/389/ps1_dr2
132240818511545235,81.85114657744,20.20391405822,14.5088,II/389/ps1_dr2
132260818969269235,81.89686236,20.22390921,13.7215,II/389/ps1_dr2
132260818966848898,81.89668497141,20.22361492545,12.369,II/389/ps1_dr2
132240820035790691,82.00360685397,20.20008100539,14.7498,II/389/ps1_dr2
132270820353742011,82.03539617998,20.22617453228,14.6711,II/389/ps1_dr2
132260819807358860,81.98072884181,20.22356531786,14.9234,II/389/ps1_dr2
132280820391750216,82.03920015502,20.23301482965,14.3171,II/389/ps1_dr2
132300819673906105,81.96740491631,20.25459327796,14.6497,II/389/ps1_dr2
132300819686204587,81.9686328076,20.25333185496,14.7025,II/389/ps1_dr2
132320818294761333,81.82945614717,20.26733833219,13.9883,II/389/ps1_dr2
132350818735075423,81.87349051745,20.29574683415,14.8571,II/389/ps1_dr2
132330818039393287,81.80392506689,20.27728910009,14.9927,II/389/ps1_dr2
132370818420593663,81.84208119847,20.31093255605,13.501,II/389/ps1_dr2
132340818973787253,81.89741253078,20.28896638713,12.68,II/389/ps1_dr2
132380819295468929,81.92955120691,20.32362614314,14.102,II/389/ps1_dr2
132420819570458065,81.95703739899,20.35627569287,14.9522,II/389/ps1_dr2
132370818731815874,81.87317562226,20.31277880791,13.9074,II/389/ps1_dr2
132440818886083251,81.88859520346,20.36893705219,14.7446,II/389/ps1_dr2
132480819278013326,81.92778780445,20.40233357801,14.241,II/389/ps1_dr2
131780811919217826,81.19190441817,19.82270829675,13.9683,II/389/ps1_dr2
131780811786384368,81.17862187179,19.81983135294,14.3003,II/389/ps1_dr2
131830812927787799,81.29276287811,19.86436640995,14.64,II/389/ps1_dr2
131830812020639354,81.2020703,19.86563071,12.8642,II/389/ps1_dr2
131830812017968995,81.20191723553,19.86540508206,11.748,II/389/ps1_dr2
131820811499448158,81.14992902526,19.85631531795,14.9939,II/389/ps1_dr2
131830811517280780,81.15171365021,19.85849736591,14.7643,II/389/ps1_dr2
131870812134265440,81.2134527155,19.89572776578,13.4813,II/389/ps1_dr2
131930812984214051,81.29842517297,19.94458985822,14.3351,II/389/ps1_dr2
131920813486355486,81.34862728268,19.93745047969,14.4452,II/389/ps1_dr2
131920813519830979,81.3519704754,19.93368953833,14.202,II/389/ps1_dr2
131910813255565139,81.32554503249,19.92881930328,14.6942,II/389/ps1_dr2
131940813228326367,81.32288306076,19.95487280528,13.8024,II/389/ps1_dr2
131920813179419206,81.31792601046,19.94054089258,14.9948,II/389/ps1_dr2
131950813354211082,81.33541024046,19.95877561949,14.2997,II/389/ps1_dr2
131970813179918846,81.31797710773,19.9819107268,14.5721,II/389/ps1_dr2
131970812764106295,81.27637997,19.97960066,12.6552,II/389/ps1_dr2
131970812762735923,81.27623002886,19.97944401041,11.769,II/389/ps1_dr2
131850811175791922,81.11754856732,19.87612627738,14.6195,II/389/ps1_dr2
131850811301273316,81.13012194783,19.87729726866,14.4051,II/389/ps1_dr2
131860811397429509,81.13974143163,19.89079268278,13.9031,II/389/ps1_dr2
131900811072572149,81.10724040918,19.91796799439,14.284,II/389/ps1_dr2
131910810846831426,81.0846656593,19.92572376937,14.2612,II/389/ps1_dr2
131930810881140438,81.0881098564,19.9415807888,14.1771,II/389/ps1_dr2
131930810926505064,81.09263609392,19.94543030401,14.8601,II/389/ps1_dr2
131940811025666300,81.1025451654,19.9547958278,14.4248,II/389/ps1_dr2
131930810586882004,81.05872001903,19.94289869049,13.9018,II/389/ps1_dr2
131990812301175100,81.2302417004,19.99551618628,13.3125,II/389/ps1_dr2
131970811810440282,81.1810364068,19.97477440408,14.692,II/389/ps1_dr2
131970811981060764,81.19821320425,19.9752279533,13.2991,II/389/ps1_dr2
132040812312208449,81.23121569163,20.03990701442,14.3365,II/389/ps1_dr2
132050812388283888,81.23881637,20.04440314,12.166,II/389/ps1_dr2
132010811529597325,81.15297028563,20.01398511931,13.7952,II/389/ps1_dr2
132020811376862902,81.13774909365,20.01865202595,13.6429,II/389/ps1_dr2
132070812195535696,81.21958041271,20.06263668293,13.277,II/389/ps1_dr2
132000814012943342,81.40129018624,20.00233269075,14.3054,II/389/ps1_dr2
132030814630855490,81.46316013,20.0292539,12.751,II/389/ps1_dr2
131990813548459403,81.35486730668,19.99907369024,13.5546,II/389/ps1_dr2
132010813433462975,81.34334676542,20.01035871799,14.0823,II/389/ps1_dr2
132060813603621657,81.36035015816,20.05093207112,14.9491,II/389/ps1_dr2
132070814819963572,81.48203346731,20.06087732091,12.559,II/389/ps1_dr2
132080814680249175,81.46805394458,20.07388512622,14.4232,II/389/ps1_dr2
132120815549502521,81.55493639182,20.10166155294,14.7041,II/389/ps1_dr2
132140814999920768,81.50008842483,20.11680691451,12.8827,II/389/ps1_dr2
132150814714615436,81.47151148843,20.12911027845,14.7523,II/389/ps1_dr2
132080813343235988,81.33431664213,20.07120896657,13.956,II/389/ps1_dr2
132100813158274281,81.31581355305,20.08644536523,14.9156,II/389/ps1_dr2
132140813266109896,81.32659935591,20.12446097991,14.0419,II/389/ps1_dr2
132110812820358095,81.28204058578,20.09796240476,14.3914,II/389/ps1_dr2
132130812319379113,81.23192315929,20.11547034733,14.7982,II/389/ps1_dr2
132190813223450266,81.32232542375,20.15810195952,14.9961,II/389/ps1_dr2
132190813245481220,81.32456758659,20.15891536365,13.7907,II/389/ps1_dr2
132150812779449930,81.27793859914,20.1328225344,14.5741,II/389/ps1_dr2
132180812851863487,81.2851806286,20.15244657852,14.2984,II/389/ps1_dr2
132190813984101288,81.39829791174,20.15896066541,13.6889,II/389/ps1_dr2
132200814251544651,81.42519310631,20.17012238821,13.777,II/389/ps1_dr2
132210813383464296,81.3383415209,20.17811831566,14.3004,II/389/ps1_dr2
131990810839179475,81.08392642891,19.99910621512,13.9532,II/389/ps1_dr2
132020810871228505,81.08717578899,20.02332668949,14.1777,II/389/ps1_dr2
132040810914734649,81.09152012512,20.03676040341,14.8701,II/389/ps1_dr2
132050810813291416,81.08136957914,20.042402194,14.4025,II/389/ps1_dr2
132080810619794892,81.06204194141,20.0703035402,14.8999,II/389/ps1_dr2
132070810688828062,81.06891518727,20.06461558828,13.208,II/389/ps1_dr2
132100810380716649,81.03807779537,20.08841458768,14.0467,II/389/ps1_dr2
132070811438412759,81.14387482955,20.06017035851,13.7505,II/389/ps1_dr2
132080810963300845,81.09632788438,20.06691071262,14.3008,II/389/ps1_dr2
132060811011013585,81.10112618865,20.05252823752,13.9266,II/389/ps1_dr2
132120811363495975,81.13635102715,20.10452694382,14.832,II/389/ps1_dr2
132140811541900457,81.15420722,20.11658081,12.81,II/389/ps1_dr2
132190811247152317,81.12462372,20.15963079,13.8272,II/389/ps1_dr2
132190811048226196,81.10488885412,20.16306402674,14.2673,II/389/ps1_dr2
132080809415745932,80.94162122086,20.07115770057,13.5277,II/389/ps1_dr2
132100809804103417,80.98042282396,20.08572038251,14.2375,II/389/ps1_dr2
132120810262283201,81.02628841415,20.10225145958,13.7701,II/389/ps1_dr2
132130810075635647,81.0075687145,20.11257721212,14.5211,II/389/ps1_dr2
132130809696409267,80.96964670802,20.11559003583,13.8882,II/389/ps1_dr2
132120809618539351,80.96186089794,20.10732844246,14.3521,II/389/ps1_dr2
132150809321041130,80.93212905242,20.12544621443,14.3088,II/389/ps1_dr2
132210809407912225,80.9408008532,20.17639867472,13.6279,II/389/ps1_dr2
132150810539841662,81.05400144468,20.12594301983,13.7781,II/389/ps1_dr2
132180810521510858,81.05224013,20.15027299,14.1801,II/389/ps1_dr2
132180810524151134,81.05243276977,20.15050733071,13.145,II/389/ps1_dr2
132170810706786752,81.07060573,20.14699576,12.392,II/389/ps1_dr2
132160810658797743,81.06586887,20.13936529,13.3726,II/389/ps1_dr2
132160810658988080,81.06597912,20.13953815,13.2311,II/389/ps1_dr2
132180810052723488,81.00529877462,20.15244667718,13.9634,II/389/ps1_dr2
132180810076191197,81.0076322668,20.15053341003,14.9295,II/389/ps1_dr2
132200810776077280,81.07765950577,20.17230477858,14.2453,II/389/ps1_dr2
132210810459557766,81.04603907462,20.18105999994,13.189,II/389/ps1_dr2
132240810649348631,81.06494035637,20.20675808766,14.3952,II/389/ps1_dr2
132220809557013706,80.95577040425,20.18599177367,14.6116,II/389/ps1_dr2
132280810618728082,81.06192455501,20.23965721438,14.7558,II/389/ps1_dr2
132150812024978970,81.20248522275,20.1320236193,14.9585,II/389/ps1_dr2
132170812179005840,81.21789102787,20.14608015235,14.741,II/389/ps1_dr2
132180812310402973,81.23104841883,20.15202141143,12.248,II/389/ps1_dr2
132180811915420018,81.19151318,20.14953732,12.7882,II/389/ps1_dr2
132170811917709361,81.191593,20.149075,12.057,II/389/ps1_dr2
132200812399141009,81.23990605053,20.16705648431,14.6417,II/389/ps1_dr2
132230811830661250,81.18313291061,20.19227942666,13.5988,II/389/ps1_dr2
132260812081580647,81.20815203821,20.21675862008,14.6803,II/389/ps1_dr2
132250812217251979,81.22172009129,20.20953465884,14.3858,II/389/ps1_dr2
132260812372614790,81.23747765,20.22039666,12.107,II/389/ps1_dr2
132260812376605208,81.23752837,20.22048164,12.3244,II/389/ps1_dr2
132260812905081157,81.29049682539,20.21717495431,14.4252,II/389/ps1_dr2
132270812838943165,81.2838875826,20.22719358908,14.8711,II/389/ps1_dr2
132310813508761034,81.35089447268,20.25876286645,13.7051,II/389/ps1_dr2
132340812541500235,81.25414427421,20.28308151034,14.7218,II/389/ps1_dr2
132400812955188770,81.29551739893,20.34020217685,13.8794,II/389/ps1_dr2
132240811016888014,81.10171302534,20.20620601466,14.0465,II/389/ps1_dr2
132340811890570146,81.18914677463,20.28304966942,14.0633,II/389/ps1_dr2
132310811350670254,81.13506128255,20.25809610516,14.4485,II/389/ps1_dr2
132300810902819351,81.09029167118,20.25735495604,14.0118,II/389/ps1_dr2
132360811321509492,81.13215739878,20.30746939006,14.9028,II/389/ps1_dr2
132390811076182446,81.10762739766,20.32659186187,14.6455,II/389/ps1_dr2
132360812072718160,81.20729278218,20.30637329522,13.9924,II/389/ps1_dr2
132410812841636121,81.28419900715,20.34635264097,13.055,II/389/ps1_dr2
132380811554737187,81.15548529139,20.32222266376,14.4092,II/389/ps1_dr2
132440812275310409,81.22754069702,20.36654669126,14.7227,II/389/ps1_dr2
132460811719911957,81.17195830548,20.38444905614,13.8209,II/389/ps1_dr2
132500812112003125,81.21121687497,20.41881865905,13.6185,II/389/ps1_dr2
132180815738887914,81.57389842812,20.15614221514,13.439,II/389/ps1_dr2
132200816239248971,81.62393430417,20.17368836073,14.6731,II/389/ps1_dr2
132230816357835762,81.63577458305,20.19602467961,14.8962,II/389/ps1_dr2
132270815978007290,81.59780506858,20.23061045395,14.8822,II/389/ps1_dr2
132280815683816799,81.56839225528,20.2385670103,14.1396,II/389/ps1_dr2
132300816687818490,81.66879033812,20.2566235278,14.042,II/389/ps1_dr2
132320815885067352,81.58851394588,20.27235196378,13.9927,II/389/ps1_dr2
132340815961373098,81.59613700597,20.28547192328,12.692,II/389/ps1_dr2
132350816211956648,81.6213359,20.29684402,12.543,II/389/ps1_dr2
132360816465117441,81.6465053976,20.30575237857,14.1015,II/389/ps1_dr2
132350816214646887,81.62143184,20.29702426,12.5272,II/389/ps1_dr2
132280815316367831,81.53163612612,20.23942205847,14.9884,II/389/ps1_dr2
132310814159444243,81.41595131116,20.26141857093,14.8402,II/389/ps1_dr2
132340814565493516,81.4565124856,20.28587163839,14.9568,II/389/ps1_dr2
132360815171446240,81.51715590064,20.30475861736,14.2992,II/389/ps1_dr2
132350815819103972,81.58191491949,20.29453241556,14.2445,II/389/ps1_dr2
132360815804753831,81.58047215474,20.30274795451,14.5002,II/389/ps1_dr2
132410816089472845,81.6089453359,20.34359888361,14.0976,II/389/ps1_dr2
132420815811200629,81.58112925293,20.35007792351,13.424,II/389/ps1_dr2
132430816169254152,81.61692101963,20.36134139618,14.9547,II/389/ps1_dr2
132440815978355470,81.59783251353,20.37077317715,14.7794,II/389/ps1_dr2
132340817336033220,81.73359487149,20.28555278316,14.7918,II/389/ps1_dr2
132340817464099283,81.74640544994,20.29060987197,14.6529,II/389/ps1_dr2
132370817137543880,81.71386186846,20.31116742607,13.397,II/389/ps1_dr2
132370817085093900,81.70850507914,20.31112734412,14.7037,II/389/ps1_dr2
132370817123627956,81.71235456242,20.31450548661,14.7001,II/389/ps1_dr2
132380817331924464,81.73318358773,20.31993351292,14.8453,II/389/ps1_dr2
132390817196540153,81.7196736657,20.32467137992,14.1832,II/389/ps1_dr2
132390817740551219,81.77409751038,20.32557802012,13.4815,II/389/ps1_dr2
132430818038852034,81.80386249418,20.35958512375,14.9447,II/389/ps1_dr2
132400817473335045,81.74705231954,20.33720709333,13.4722,II/389/ps1_dr2
132410817434935114,81.74349251532,20.34547045704,14.427,II/389/ps1_dr2
132400817470235020,81.74710678028,20.33709777318,13.5076,II/389/ps1_dr2
132410817333632533,81.73335563153,20.3433099127,12.793,II/389/ps1_dr2
132440817388109867,81.73880493928,20.3744292553,14.9421,II/389/ps1_dr2
132490817472394348,81.74722768333,20.41148188513,13.274,II/389/ps1_dr2
132500817399373398,81.7399310445,20.41903362239,14.7062,II/389/ps1_dr2
132490817470244067,81.74723024172,20.41147449605,13.2202,II/389/ps1_dr2
132430818392986795,81.83928333734,20.36355281078,14.9983,II/389/ps1_dr2
132460818472788472,81.84731016289,20.38997927214,13.8048,II/389/ps1_dr2
132450818567652856,81.85678321623,20.37696216669,13.8726,II/389/ps1_dr2
132450817937470703,81.79373648047,20.37511101654,13.439,II/389/ps1_dr2
132460818037751417,81.80376445381,20.3840619693,14.929,II/389/ps1_dr2
132490818055392657,81.80553594186,20.41010820764,14.5251,II/389/ps1_dr2
132510817813791256,81.78138874368,20.42558611749,14.0078,II/389/ps1_dr2
132510817206678444,81.72070668028,20.43159146113,13.8776,II/389/ps1_dr2
132530817107433365,81.71074522983,20.44400347984,14.8098,II/389/ps1_dr2
132560817644666552,81.76449727851,20.47167278072,12.946,II/389/ps1_dr2
132550817475324269,81.74752149626,20.46143324788,14.5867,II/389/ps1_dr2
132600818038909728,81.80390366463,20.50767891572,13.314,II/389/ps1_dr2
132590817930473663,81.79303877973,20.49427546803,14.1648,II/389/ps1_dr2
132610817609433634,81.76094153971,20.51089783956,13.368,II/389/ps1_dr2
132580816805353305,81.68055266837,20.48563783789,14.4805,II/389/ps1_dr2
132590817145916184,81.71455468931,20.49635653765,14.5253,II/389/ps1_dr2
132620816860427688,81.6860337341,20.52261407954,14.9426,II/389/ps1_dr2
132660817619019034,81.76202518,20.55729081,11.0991,II/389/ps1_dr2
132660817618209432,81.76231298,20.55726956,9.711,II/389/ps1_dr2
132660817624649347,81.76265385,20.55728599,13.4734,II/389/ps1_dr2
132350813821391095,81.38218585723,20.29217178731,14.476,II/389/ps1_dr2
132350813909050730,81.39093610574,20.29186990868,13.6518,II/389/ps1_dr2
132500813800210978,81.38001776919,20.41702580138,14.5898,II/389/ps1_dr2
132520815300841068,81.530100755,20.43376201546,13.373,II/389/ps1_dr2
132510815422285323,81.54227985533,20.42901728718,13.42,II/389/ps1_dr2
132570815023090777,81.50231393802,20.47518894039,13.712,II/389/ps1_dr2
132580814712293639,81.47122730198,20.48591749907,14.4741,II/389/ps1_dr2
132420812969936159,81.2971641,20.35479361,11.829,II/389/ps1_dr2
132420812974646356,81.29722484,20.35481883,12.2538,II/389/ps1_dr2
132420812972516662,81.29724781,20.35495917,12.6047,II/389/ps1_dr2
132430812951686402,81.29515161697,20.36321553166,13.6518,II/389/ps1_dr2
132460813021855900,81.30218202365,20.38779746135,13.9806,II/389/ps1_dr2
132500813790301990,81.3790284,20.41780152,11.4556,II/389/ps1_dr2
132510813540585937,81.35405635661,20.42949946897,13.451,II/389/ps1_dr2
132530813450214829,81.34501674391,20.44524311238,14.8596,II/389/ps1_dr2
132490812654389484,81.2654533,20.41584041,12.8272,II/389/ps1_dr2
132490812656258893,81.26561664,20.41529048,13.3793,II/389/ps1_dr2
132490812651259231,81.26524945,20.41561827,11.854,II/389/ps1_dr2
132490812651478855,81.26513294,20.41530212,12.8373,II/389/ps1_dr2
132540812620174233,81.2620364861,20.45305467125,13.5839,II/389/ps1_dr2
132570814162746871,81.4162574543,20.48028629104,14.6169,II/389/ps1_dr2
132600814402636236,81.44027007055,20.50475440941,13.6992,II/389/ps1_dr2
132600813531397639,81.35327773,20.50606546,11.883,II/389/ps1_dr2
132600813534988115,81.35336625,20.50618765,12.083,II/389/ps1_dr2
132590815532331233,81.55323793589,20.49224283718,14.8033,II/389/ps1_dr2
132590814939557038,81.49395406357,20.49708029821,14.3199,II/389/ps1_dr2
132600814759333119,81.47593215238,20.50213788299,14.7712,II/389/ps1_dr2
132620815232364299,81.52325184999,20.51979877013,14.533,II/389/ps1_dr2
132630815138833868,81.51390343,20.52776027,12.13,II/389/ps1_dr2
132630815141894129,81.51416394,20.52793973,13.4096,II/389/ps1_dr2
132630816680330326,81.66796135,20.52478187,11.56,II/389/ps1_dr2
132720816251111705,81.62510426247,20.60096177808,14.5156,II/389/ps1_dr2
132720816585023008,81.658440448,20.6020539166,13.453,II/389/ps1_dr2
132720816566192562,81.65663321316,20.6016741391,14.725,II/389/ps1_dr2
132740816093049678,81.60929717783,20.62427372607,12.923,II/389/ps1_dr2
132760816606208821,81.66059168909,20.64022267022,14.6538,II/389/ps1_dr2
132650814334023227,81.433547,20.543941,11.045,II/389/ps1_dr2
132650814337833763,81.43382738,20.54443825,12.2059,II/389/ps1_dr2
132650814330283242,81.43308683,20.54389949,12.0652,II/389/ps1_dr2
132650814334623588,81.43348892,20.54406791,10.878,II/389/ps1_dr2
132710814954011732,81.49539962325,20.59265983668,14.7152,II/389/ps1_dr2
132770814827524499,81.48274637455,20.64495990313,14.1726,II/389/ps1_dr2
132720815569447919,81.55695720588,20.60614798802,13.6066,II/389/ps1_dr2
132780816144321858,81.61432342681,20.65121773904,13.4369,II/389/ps1_dr2
132780815527868752,81.55278273479,20.65683476796,14.6502,II/389/ps1_dr2
132810814943956427,81.49439398913,20.67989601607,14.4479,II/389/ps1_dr2
132820815027444347,81.50275077196,20.68649863125,14.5884,II/389/ps1_dr2
132810815757944964,81.57577963379,20.67868952496,14.5378,II/389/ps1_dr2
132830815377898333,81.53779660491,20.69814400015,13.65,II/389/ps1_dr2
132150822611917635,82.26120625876,20.13087162839,14.7951,II/389/ps1_dr2
132150822663980526,82.26644338,20.1252247,12.7293,II/389/ps1_dr2
132150822665480938,82.26654986,20.12529076,11.864,II/389/ps1_dr2
132190822923532580,82.29236517194,20.15998557089,14.5525,II/389/ps1_dr2
132170822582498721,82.25826223642,20.14844985048,14.6036,II/389/ps1_dr2
132200822589801956,82.25899496914,20.1678026729,14.8456,II/389/ps1_dr2
132190823201056309,82.3201618,20.16331537,12.7107,II/389/ps1_dr2
132190823201816657,82.32015987,20.1635637,12.26,II/389/ps1_dr2
132220823512163699,82.35134613218,20.18595249982,14.0403,II/389/ps1_dr2
132220822769345551,82.27701757,20.18751323,11.3414,II/389/ps1_dr2
132220822771856019,82.27715003,20.18766448,10.031,II/389/ps1_dr2
132220822772495684,82.277101,20.187737,10.2548,II/389/ps1_dr2
132220822765135847,82.27646472,20.18774856,14.3497,II/389/ps1_dr2
132220822778605898,82.27785231,20.18772824,13.9421,II/389/ps1_dr2
132210822311320404,82.23114901189,20.17483983499,14.6475,II/389/ps1_dr2
132170822195138603,82.21953477103,20.14834178349,14.5265,II/389/ps1_dr2
132240822684970583,82.26851191572,20.19999217913,14.9211,II/389/ps1_dr2
132320824247444162,82.42476568033,20.26963071767,12.574,II/389/ps1_dr2
132300824134468851,82.41345426419,20.25687558377,14.8865,II/389/ps1_dr2
132300823733183680,82.37315506,20.25250613,14.0429,II/389/ps1_dr2
132320823801978050,82.38016482,20.27279554,12.501,II/389/ps1_dr2
132300823723944144,82.37237684,20.25298455,12.5664,II/389/ps1_dr2
132300823730754303,82.37293556,20.25311761,12.4894,II/389/ps1_dr2
132320823758016075,82.37581401353,20.27122640337,13.9195,II/389/ps1_dr2
132300823729013851,82.37287901983,20.25268236013,11.531,II/389/ps1_dr2
132310822842086334,82.28418885346,20.26316090886,13.91,II/389/ps1_dr2
132360823579313367,82.35795220301,20.30232323598,13.7542,II/389/ps1_dr2
132350823711172528,82.3711358406,20.2932855257,13.477,II/389/ps1_dr2
132350823692239690,82.36923251798,20.29924903496,13.8431,II/389/ps1_dr2
132340822334186605,82.2334191687,20.28834522933,14.8834,II/389/ps1_dr2
132330821605190690,82.16050474849,20.27509350786,11.984,II/389/ps1_dr2
132380823235328095,82.3234786,20.3230261,12.8696,II/389/ps1_dr2
132390823279033421,82.32789056651,20.32740010728,13.137,II/389/ps1_dr2
132390823069760613,82.30699149347,20.32503673933,13.111,II/389/ps1_dr2
132380823232047828,82.32325061223,20.32270676384,11.977,II/389/ps1_dr2
132380823098730331,82.3098798216,20.31645814473,14.3469,II/389/ps1_dr2
132430823024201504,82.30243297472,20.35909501059,14.7796,II/389/ps1_dr2
132390822485495151,82.2485244902,20.32883498377,14.9851,II/389/ps1_dr2
132390822014937452,82.20149344265,20.33072600376,14.8337,II/389/ps1_dr2
132440822667062702,82.26672019921,20.36842509878,14.7537,II/389/ps1_dr2
132340824278164663,82.4278423118,20.28670720042,14.082,II/389/ps1_dr2
132350824681444589,82.46815937026,20.29498381062,12.029,II/389/ps1_dr2
132390824497966312,82.44981614846,20.32976523936,13.2244,II/389/ps1_dr2
132360824834828032,82.48349083548,20.30619304088,14.8194,II/389/ps1_dr2
132400825081289915,82.50815017579,20.34108190656,14.928,II/389/ps1_dr2
132450824832096982,82.48321973394,20.38032185045,14.8897,II/389/ps1_dr2
132410824279956937,82.42808066658,20.34697025595,13.6245,II/389/ps1_dr2
132450824778277646,82.47783205446,20.38085189023,13.057,II/389/ps1_dr2
132470824559150513,82.45601429567,20.39162121951,13.736,II/389/ps1_dr2
132480824549555712,82.4549779006,20.40426585939,14.8697,II/389/ps1_dr2
132430825245736264,82.52465435279,20.36306349351,13.392,II/389/ps1_dr2
132470825455320632,82.54557461325,20.39168469667,13.8347,II/389/ps1_dr2
132450825226315631,82.52269277638,20.37918952485,13.5113,II/389/ps1_dr2
132460825057051086,82.5056643514,20.38376510134,13.963,II/389/ps1_dr2
132460825068610399,82.50697043894,20.38319442387,12.92,II/389/ps1_dr2
132480825238488020,82.52386737126,20.40616817841,14.9576,II/389/ps1_dr2
132510825065752526,82.50660819374,20.4266011153,13.9348,II/389/ps1_dr2
132500824720490930,82.47191476211,20.41686736907,12.581,II/389/ps1_dr2
132540825352401750,82.53529652525,20.45094958918,13.8438,II/389/ps1_dr2
132520825430008965,82.54302160932,20.44029645403,14.9761,II/389/ps1_dr2
132540825253077659,82.52533318005,20.45588160795,14.3814,II/389/ps1_dr2
132550824939338070,82.49396689344,20.46454298694,13.3688,II/389/ps1_dr2
132430823714363925,82.37145740316,20.36111818078,14.1267,II/389/ps1_dr2
132460823639313549,82.36394811252,20.38580301855,14.6355,II/389/ps1_dr2
132450823804297287,82.3804592092,20.38057577807,14.4394,II/389/ps1_dr2
132440823289155694,82.3289253393,20.37092135299,14.9262,II/389/ps1_dr2
132530823882338840,82.38825671801,20.44854931338,14.5887,II/389/ps1_dr2
132520823092080470,82.30924569,20.43330328,11.092,II/389/ps1_dr2
132520823093050846,82.30940787,20.43361421,11.8241,II/389/ps1_dr2
132540823570794572,82.35708667958,20.45339523321,14.3959,II/389/ps1_dr2
132560823450840005,82.34511145476,20.4661835053,14.5748,II/389/ps1_dr2
132550823275504859,82.32757740587,20.46191618553,13.8652,II/389/ps1_dr2
132570823656535675,82.36542106,20.47906382,14.2759,II/389/ps1_dr2
132570823653825496,82.36543290793,20.47911494293,12.803,II/389/ps1_dr2
132530824382546136,82.43826215272,20.44634885074,13.954,II/389/ps1_dr2
132550824392703937,82.43921205,20.46127963,14.0808,II/389/ps1_dr2
132530824379174691,82.43797696157,20.44509093194,13.4126,II/389/ps1_dr2
132550824697778883,82.46980050812,20.46522119054,14.4364,II/389/ps1_dr2
132560824084040355,82.40847624213,20.46648760922,12.281,II/389/ps1_dr2
132530824223506604,82.42243930937,20.44670885527,12.298,II/389/ps1_dr2
132550824389794185,82.43895059354,20.46130096374,12.767,II/389/ps1_dr2
132570824264004100,82.42644224353,20.47792940879,14.269,II/389/ps1_dr2
132610824704080154,82.47033964948,20.50799073404,12.887,II/389/ps1_dr2
132630823846650176,82.38468802072,20.5246596814,14.9812,II/389/ps1_dr2
132620824482287852,82.44823872173,20.52270324528,13.6622,II/389/ps1_dr2
132610824494405488,82.44946030168,20.51238115253,14.2257,II/389/ps1_dr2
132670824590891392,82.4591172247,20.55899964832,14.2689,II/389/ps1_dr2
132350821095723037,82.1095772553,20.29370103852,14.9385,II/389/ps1_dr2
132360820839875578,82.08399353185,20.30415850214,13.6137,II/389/ps1_dr2
132360820740362092,82.07404490017,20.30124332402,14.064,II/389/ps1_dr2
132410821669265211,82.16689646689,20.34557400169,14.553,II/389/ps1_dr2
132420820534165779,82.05341329003,20.35436593102,13.8022,II/389/ps1_dr2
132440821051849397,82.1051790597,20.37404055904,13.8556,II/389/ps1_dr2
132460820694481116,82.06955218,20.38387522,11.4395,II/389/ps1_dr2
132460820696491403,82.06962729877,20.38395633138,11.795,II/389/ps1_dr2
132430821720518930,82.1720999905,20.36538701384,13.479,II/389/ps1_dr2
132460821975371857,82.19746170319,20.38443373188,13.314,II/389/ps1_dr2
132530822428310288,82.24293182,20.441402,13.0938,II/389/ps1_dr2
132530822413740218,82.24102963,20.44136776,7.7108,II/389/ps1_dr2
132530822409060592,82.24075175,20.44167031,13.1671,II/389/ps1_dr2
132510821395945335,82.13958885289,20.42896420152,13.7369,II/389/ps1_dr2
132540821798666967,82.1798366995,20.45536362081,13.295,II/389/ps1_dr2
132550821619747370,82.16196193434,20.46401959033,13.8402,II/389/ps1_dr2
132490820577393870,82.057736972,20.41111288265,14.7776,II/389/ps1_dr2
132520820792850335,82.07927596294,20.43315726506,13.4596,II/389/ps1_dr2
132530820629197709,82.0629104539,20.44764096873,13.241,II/389/ps1_dr2
132500819827645823,81.98276891,20.42101705,11.336,II/389/ps1_dr2
132530819971271037,81.9971116426,20.44208515722,13.215,II/389/ps1_dr2
132520820847799299,82.0847879,20.44061309,12.817,II/389/ps1_dr2
132560820784012675,82.07838994082,20.46844753058,13.38,II/389/ps1_dr2
132570820961000189,82.09609404124,20.4747115735,13.945,II/389/ps1_dr2
132640821414980764,82.14149140967,20.53352236488,14.9905,II/389/ps1_dr2
132610820221635283,82.02214954173,20.51230368862,14.755,II/389/ps1_dr2
132610820524532788,82.05244762811,20.51021892912,14.9275,II/389/ps1_dr2
132640820677632194,82.06775207496,20.53472589906,14.4181,II/389/ps1_dr2
132530822464503744,82.24646325895,20.44429183117,11.43,II/389/ps1_dr2
132530822595836921,82.25960223252,20.44695411067,14.0305,II/389/ps1_dr2
132540822544018384,82.25442189119,20.45650494555,14.3998,II/389/ps1_dr2
132570822508965337,82.25091373523,20.47896486221,13.9291,II/389/ps1_dr2
132590823106833851,82.3107101979,20.49440795687,12.934,II/389/ps1_dr2
132620822484531412,82.24847595779,20.51735003445,13.8789,II/389/ps1_dr2
132610822310078267,82.23099881,20.51471042,13.126,II/389/ps1_dr2
132620822739615535,82.27397870306,20.52079915196,14.8216,II/389/ps1_dr2
132640822619115987,82.26194331801,20.53783453124,14.3411,II/389/ps1_dr2
132630822971268920,82.29713866596,20.53195335733,14.9654,II/389/ps1_dr2
132650822790786506,82.27905301,20.54660255,13.373,II/389/ps1_dr2
132650823127941737,82.31283212336,20.54261504852,14.3753,II/389/ps1_dr2
132650823503315284,82.35030092321,20.54559555599,13.7969,II/389/ps1_dr2
132660823435825084,82.34360446246,20.55374874278,14.8842,II/389/ps1_dr2
132670823871782526,82.38719733479,20.55995714449,14.7148,II/389/ps1_dr2
132670823221321173,82.32216763571,20.55882210224,13.385,II/389/ps1_dr2
132690823416911932,82.34172976989,20.57611511514,13.5075,II/389/ps1_dr2
132710823465651916,82.34658573531,20.59277013266,14.9465,II/389/ps1_dr2
132710823641866729,82.36421472338,20.59676568253,14.122,II/389/ps1_dr2
132750823603232385,82.36035572096,20.6265002822,14.907,II/389/ps1_dr2
132760823374837026,82.33750657814,20.63869240237,14.9972,II/389/ps1_dr2
132670822149427601,82.2149515943,20.56418040055,14.5578,II/389/ps1_dr2
132670822301262020,82.23015104827,20.55954557956,13.655,II/389/ps1_dr2
132680822318963960,82.23191274774,20.56947385561,13.7507,II/389/ps1_dr2
132670822093079963,82.20932493391,20.56613814985,14.6206,II/389/ps1_dr2
132700822360615549,82.23608854097,20.58745485723,13.6146,II/389/ps1_dr2
132710822178073531,82.21782054897,20.59412635433,14.7146,II/389/ps1_dr2
132670821384478371,82.13845775875,20.56484754091,13.946,II/389/ps1_dr2
132710821598030327,82.15981696385,20.59144732325,14.2572,II/389/ps1_dr2
132690821154324886,82.11542571915,20.57862040964,13.069,II/389/ps1_dr2
132720821386121296,82.13862097906,20.60060247389,14.7053,II/389/ps1_dr2
132710822759678447,82.27598511038,20.59821018593,14.322,II/389/ps1_dr2
132730822582026705,82.25819649899,20.61344091363,13.2697,II/389/ps1_dr2
132710822747308790,82.27477804326,20.59849097973,12.68,II/389/ps1_dr2
132770822647297509,82.26474916822,20.64742408579,14.2368,II/389/ps1_dr2
132780822601135339,82.26014519862,20.65395337082,14.2185,II/389/ps1_dr2
132770823093682083,82.30940213702,20.6429092351,13.397,II/389/ps1_dr2
132800822843643972,82.28429667971,20.6695195181,14.8525,II/389/ps1_dr2
132800822402634925,82.24031503454,20.67026539363,13.329,II/389/ps1_dr2
132800822478714077,82.24791550185,20.66956927869,14.1933,II/389/ps1_dr2
132840822262641955,82.22627711357,20.70113269869,14.8684,II/389/ps1_dr2
132850822318203458,82.23183922304,20.71072448218,14.8299,II/389/ps1_dr2
132540825983599806,82.59839841672,20.45764652653,14.1822,II/389/ps1_dr2
132540826020127001,82.60204764222,20.45531053195,14.4174,II/389/ps1_dr2
132560826266359686,82.62663819245,20.4742713963,14.5686,II/389/ps1_dr2
132570826243908965,82.62439447125,20.48199752239,14.8478,II/389/ps1_dr2
132600826756412137,82.67564774967,20.501342959,13.9281,II/389/ps1_dr2
132580826438209440,82.64383047849,20.49073278831,14.9938,II/389/ps1_dr2
132610825699023311,82.56993902641,20.51057217028,14.9435,II/389/ps1_dr2
132610826141214020,82.61413421073,20.51120906424,14.2685,II/389/ps1_dr2
132670827161658515,82.7162113,20.5649171,13.2003,II/389/ps1_dr2
132670827187245044,82.718733342,20.56207708159,14.6471,II/389/ps1_dr2
132670827163448871,82.71637042565,20.56526739209,12.119,II/389/ps1_dr2
132670827308796604,82.73089546085,20.56338858789,13.9846,II/389/ps1_dr2
132710827670595637,82.7670709539,20.59591856841,14.4169,II/389/ps1_dr2
132690827154336841,82.71544355433,20.58023924896,14.3467,II/389/ps1_dr2
132710827409112703,82.74094390354,20.59347043021,13.85,II/389/ps1_dr2
132710827537933818,82.75378576,20.59438029,12.765,II/389/ps1_dr2
132720827440054078,82.74402170897,20.60294768763,14.7341,II/389/ps1_dr2
132680826646405696,82.66465662477,20.57094259924,14.9748,II/389/ps1_dr2
132680826852945522,82.6853147622,20.57080865914,13.6934,II/389/ps1_dr2
132690826249009878,82.62485011279,20.58278207103,13.6619,II/389/ps1_dr2
132700826219503798,82.62204287478,20.58599965542,12.803,II/389/ps1_dr2
132700827054777744,82.70549213891,20.58932583081,14.4713,II/389/ps1_dr2
132760826946424068,82.69467784168,20.63619794667,13.9356,II/389/ps1_dr2
132770826954459988,82.69546826523,20.64945904612,14.0383,II/389/ps1_dr2
132660825530090292,82.55305789407,20.54967392257,14.9496,II/389/ps1_dr2
132660825615153191,82.56151668,20.55218425,10.226,II/389/ps1_dr2
132660825619393402,82.56194221,20.55218047,13.0318,II/389/ps1_dr2
132660825622672283,82.56186091,20.55146783,6.9077,II/389/ps1_dr2
132660825627182407,82.562763,20.551619,6.947,II/389/ps1_dr2
132660825637942210,82.56390677,20.55153552,13.0215,II/389/ps1_dr2
132660825715929503,82.57154104915,20.55745441804,14.9162,II/389/ps1_dr2
132660825639392824,82.56395449,20.5518776,13.3987,II/389/ps1_dr2
132690825346875581,82.53482279,20.57934003,12.2319,II/389/ps1_dr2
132690825352745681,82.535281,20.57937126,13.7901,II/389/ps1_dr2
132690825349666178,82.53498966,20.57947656,11.838,II/389/ps1_dr2
132700824425790558,82.44260736114,20.58329942439,14.6128,II/389/ps1_dr2
132740825324801062,82.53250530961,20.61707253089,13.3046,II/389/ps1_dr2
132760825185833065,82.51863435721,20.63531084056,13.5413,II/389/ps1_dr2
132730826185155533,82.61857073032,20.61243352628,13.564,II/389/ps1_dr2
132730826244894624,82.62451794116,20.61168746406,14.9155,II/389/ps1_dr2
132770826112514242,82.61127766784,20.64469048942,14.7803,II/389/ps1_dr2
132790826895568556,82.68960567118,20.66495569743,12.536,II/389/ps1_dr2
132790826267202616,82.62674578335,20.66001347287,14.9281,II/389/ps1_dr2
132820826486178486,82.64865464027,20.6898849644,13.9858,II/389/ps1_dr2
132760825616254474,82.56157535,20.63661435,13.9896,II/389/ps1_dr2
132780825684275231,82.5685109737,20.65383187514,13.01,II/389/ps1_dr2
132760825614114754,82.56135533,20.63671361,11.8955,II/389/ps1_dr2
132750825739514675,82.57399217352,20.62838106429,13.822,II/389/ps1_dr2
132760825611764167,82.56132706,20.63659259,11.7867,II/389/ps1_dr2
132800825870560751,82.58708002,20.66676397,12.857,II/389/ps1_dr2
132770825539656960,82.55382581,20.64675304,14.9478,II/389/ps1_dr2
132770825536306326,82.55334369,20.64636184,13.3426,II/389/ps1_dr2
132770825536926770,82.5538914,20.646828,12.248,II/389/ps1_dr2
132850826389166883,82.63894035783,20.71357289164,14.96,II/389/ps1_dr2
132720827788749342,82.77888459858,20.60733678675,14.7041,II/389/ps1_dr2
132740827710896786,82.77110227327,20.62186731629,14.8672,II/389/ps1_dr2
132760828291441991,82.82919019826,20.63454977462,12.482,II/389/ps1_dr2
132790828765799065,82.87659637,20.66539954,13.069,II/389/ps1_dr2
132790828637029530,82.8636167,20.66572165,13.4402,II/389/ps1_dr2
132790828631869638,82.86340733,20.66580695,14.3563,II/389/ps1_dr2
132790828635859152,82.86358828,20.66567444,12.949,II/389/ps1_dr2
132780828155088938,82.81553137,20.65698594,11.104,II/389/ps1_dr2
132780828155999288,82.81547227,20.65734337,13.8638,II/389/ps1_dr2
132800827284207197,82.72849615303,20.67216539289,13.362,II/389/ps1_dr2
132820827538965612,82.75384384,20.68768006,12.4982,II/389/ps1_dr2
132820827537815169,82.753608,20.687201,10.383,II/389/ps1_dr2
132820827538554670,82.75420073,20.68694009,14.0816,II/389/ps1_dr2
132820827858790866,82.78592009463,20.68355620062,14.1306,II/389/ps1_dr2
132830828136386673,82.81367163098,20.69672955357,14.1924,II/389/ps1_dr2
132850828051254723,82.80506036898,20.71172660352,11.338,II/389/ps1_dr2
132850828054854528,82.8054220173,20.71165278644,13.3007,II/389/ps1_dr2
132850828049324422,82.80511706,20.71169181,11.4017,II/389/ps1_dr2
132850828052358241,82.80523994667,20.7147074704,12.875,II/389/ps1_dr2
132800828747776169,82.87480749155,20.67128118582,13.406,II/389/ps1_dr2
132830829097100026,82.90973051978,20.69123888798,13.7305,II/389/ps1_dr2
132840829172457225,82.91726871721,20.70550588308,12.937,II/389/ps1_dr2
132870828956554062,82.89574198,20.72786627,11.345,II/389/ps1_dr2
132880829315584888,82.93155761669,20.73693930946,13.385,II/389/ps1_dr2
132870828472492380,82.84732563,20.72647413,13.6404,II/389/ps1_dr2
132890828454735049,82.84549982887,20.7453574085,13.18,II/389/ps1_dr2
132890828299100987,82.82994422238,20.74197439485,14.2684,II/389/ps1_dr2
132920828855323117,82.88556529046,20.76878364428,13.269,II/389/ps1_dr2
132810827019721841,82.7020109419,20.67604291893,14.7798,II/389/ps1_dr2
132830826885895721,82.68856330368,20.69568185265,11.253,II/389/ps1_dr2
132850827544772922,82.75454841888,20.71027185883,13.288,II/389/ps1_dr2
132870827668151207,82.76685029317,20.72551074365,14.6956,II/389/ps1_dr2
132850826710759866,82.67112014007,20.71605162685,13.5425,II/389/ps1_dr2
132880826919360808,82.6919995077,20.73349875788,13.423,II/389/ps1_dr2
132920826637053884,82.66374758901,20.76939377063,14.4517,II/389/ps1_dr2
132940827970082044,82.7970439,20.78435975,11.373,II/389/ps1_dr2
132940828123943691,82.81240365877,20.78594472592,14.145,II/389/ps1_dr2
132940828129112219,82.81294621842,20.78466632099,14.2426,II/389/ps1_dr2
132930828265962615,82.82663595965,20.77666315463,14.3703,II/389/ps1_dr2
132940827967021407,82.79681724,20.78410048,12.2948,II/389/ps1_dr2
132940827924528559,82.79250227343,20.78992938817,14.2639,II/389/ps1_dr2
132960828446182520,82.84463814659,20.80159493419,14.862,II/389/ps1_dr2
132980828171344933,82.81716000314,20.82022973191,12.9571,II/389/ps1_dr2
132980828168354601,82.81703973,20.82007571,13.9325,II/389/ps1_dr2
133000828370469894,82.83705802359,20.84110375188,14.3013,II/389/ps1_dr2
133000828312889967,82.83132111939,20.84111168283,14.6618,II/389/ps1_dr2
132960827694558330,82.76928057,20.80649416,14.2972,II/389/ps1_dr2
132960827692578803,82.76930080771,20.80680928775,12.737,II/389/ps1_dr2
133030828011933785,82.80122731372,20.86094927961,12.744,II/389/ps1_dr2
133020827560229325,82.75606820375,20.85725382435,13.9366,II/389/ps1_dr2
133030827649506102,82.76498946519,20.86289374221,14.3562,II/389/ps1_dr2
133050827855802589,82.78562192476,20.87663376899,14.2463,II/389/ps1_dr2
132720824290613011,82.42910948428,20.6020216206,12.206,II/389/ps1_dr2
132720824490116894,82.4490496895,20.60523811939,13.7187,II/389/ps1_dr2
132770824324516663,82.43248419657,20.64672565129,13.918,II/389/ps1_dr2
132770824418341872,82.44178926408,20.64280891095,14.2959,II/389/ps1_dr2
132780824974711534,82.49749035933,20.65077523083,14.5418,II/389/ps1_dr2
132770824861675380,82.48634863,20.64584092,11.1119,II/389/ps1_dr2
132780824703018703,82.47032466663,20.65675057274,14.186,II/389/ps1_dr2
132800824188776740,82.41890066481,20.67178903263,14.7541,II/389/ps1_dr2
132780824192737592,82.41930020512,20.65583267515,14.2476,II/389/ps1_dr2
132850824260232981,82.42596852,20.71025995,11.5674,II/389/ps1_dr2
132830824208430068,82.42087293781,20.69122121436,13.6392,II/389/ps1_dr2
132850824256692072,82.42564631,20.70960414,11.6008,II/389/ps1_dr2
132850824258682692,82.42619213,20.71002473,10.968,II/389/ps1_dr2
132810825196386977,82.51966197232,20.68033371729,13.5667,II/389/ps1_dr2
132850825105375359,82.51056729462,20.71231160137,13.337,II/389/ps1_dr2
132850825373784226,82.53735173,20.71122018,11.673,II/389/ps1_dr2
132850825376784088,82.53764677,20.71126015,13.8898,II/389/ps1_dr2
132860825738603132,82.57389047651,20.71878382224,13.643,II/389/ps1_dr2
132870825982377747,82.59826103061,20.7309503694,13.402,II/389/ps1_dr2
132860824831697582,82.48317106051,20.72250839265,14.6862,II/389/ps1_dr2
132890824960197629,82.49603493074,20.74752620677,14.7536,II/389/ps1_dr2
132900825028142490,82.50282320851,20.75158057728,14.8383,II/389/ps1_dr2
132900825038100397,82.50383143259,20.74982652547,14.3201,II/389/ps1_dr2
132900824678552502,82.46789679888,20.75155645762,13.031,II/389/ps1_dr2
132900824883508079,82.48836996926,20.75623877409,13.494,II/389/ps1_dr2
132930825296567103,82.52966153485,20.78045877866,14.4682,II/389/ps1_dr2
132810823628619785,82.36289045168,20.68266096571,14.2121,II/389/ps1_dr2
132860823373446248,82.33736099493,20.72137875967,14.997,II/389/ps1_dr2
132870823486797848,82.34870192722,20.73103769509,13.7574,II/389/ps1_dr2
132910823776600294,82.37767406342,20.75815014472,13.463,II/389/ps1_dr2
132910823775480827,82.37755724,20.75854352,14.1788,II/389/ps1_dr2
132910823829437537,82.38296142784,20.76411297641,13.4666,II/389/ps1_dr2
132890823990937679,82.3991115027,20.74762315728,14.4205,II/389/ps1_dr2
132870823384499908,82.33845282267,20.73277993963,14.7735,II/389/ps1_dr2
132890823182327169,82.31825764117,20.74713205135,14.4377,II/389/ps1_dr2
132890822797836377,82.27980752044,20.74647664799,14.1528,II/389/ps1_dr2
132930823147602333,82.31478680434,20.77643684409,14.4252,II/389/ps1_dr2
132910824563996113,82.45640870281,20.76294725837,14.7776,II/389/ps1_dr2
132950824667572498,82.46676964083,20.79325091645,13.823,II/389/ps1_dr2
132930824480507057,82.4480548403,20.78039338284,14.5969,II/389/ps1_dr2
132920824076308927,82.40764478732,20.77360318264,14.8306,II/389/ps1_dr2
132940824151552576,82.41516729967,20.78497497674,14.5341,II/389/ps1_dr2
133020824837445675,82.48375381316,20.85424370704,14.4277,II/389/ps1_dr2
132950823859257389,82.38593935139,20.79732000065,14.3003,II/389/ps1_dr2
132960824055148613,82.40552867236,20.80667056378,14.3297,II/389/ps1_dr2
132950823884086194,82.3884277,20.79632945,13.3836,II/389/ps1_dr2
132950823885176698,82.38857077,20.79674032,12.331,II/389/ps1_dr2
132990823999093791,82.39992369713,20.82764732123,14.151,II/389/ps1_dr2
133040824551422540,82.45514434836,20.86828828407,13.6806,II/389/ps1_dr2
133040824228830225,82.42286943764,20.86635976196,13.8636,II/389/ps1_dr2
133050824146532163,82.41463425041,20.87633988113,14.1012,II/389/ps1_dr2
133000825480846831,82.54809919774,20.83855068401,13.8647,II/389/ps1_dr2
133010825767999760,82.5767767,20.84936153,14.3828,II/389/ps1_dr2
133010825762299593,82.57621455,20.84928807,13.2914,II/389/ps1_dr2
133010825763359908,82.57647669,20.84945574,11.852,II/389/ps1_dr2
133010826123324588,82.61236589218,20.84500053843,13.9389,II/389/ps1_dr2
133030826323345057,82.63238370958,20.86204481212,13.027,II/389/ps1_dr2
133040826126702155,82.61269877142,20.86797148069,13.746,II/389/ps1_dr2
133010827150699213,82.71510018654,20.84885146458,14.8817,II/389/ps1_dr2
133020827058130684,82.70586718583,20.85005697429,12.741,II/389/ps1_dr2
133020827343692094,82.73440651989,20.8512410552,14.99,II/389/ps1_dr2
133010826829825865,82.68301916409,20.84605827325,14.7099,II/389/ps1_dr2
133060826861911907,82.68623376358,20.88440917103,14.481,II/389/ps1_dr2
133090827834863213,82.78352737391,20.9104794712,14.3581,II/389/ps1_dr2
133080827735066445,82.7735361674,20.90484312308,14.8059,II/389/ps1_dr2
133070827235107689,82.72355360067,20.8975424825,14.167,II/389/ps1_dr2
133080827543839300,82.7544218269,20.9072262017,14.972,II/389/ps1_dr2
133050826547478220,82.65477494844,20.88136200427,14.6475,II/389/ps1_dr2
133070826728258660,82.67288416889,20.89835121544,13.4729,II/389/ps1_dr2
133080826431790827,82.64321384142,20.90018284025,13.427,II/389/ps1_dr2
133110826889367377,82.68897448007,20.93063899616,14.6947,II/389/ps1_dr2
133020825353640570,82.53540933715,20.84999348948,13.4872,II/389/ps1_dr2
133030825544814853,82.55450144388,20.86190094243,14.9838,II/389/ps1_dr2
133060825380418082,82.53807108384,20.88956911812,13.152,II/389/ps1_dr2
133060825384767943,82.5385876,20.88961429,14.4968,II/389/ps1_dr2
133060825194375077,82.51946659015,20.88707108065,14.9294,II/389/ps1_dr2
133060825413941465,82.54142986579,20.88406996478,14.2665,II/389/ps1_dr2
133070825367898735,82.53680928402,20.89844461717,14.8266,II/389/ps1_dr2
133100825480422548,82.54810547516,20.91830308885,13.303,II/389/ps1_dr2
133100825814614232,82.58162679,20.91966729,14.8791,II/389/ps1_dr2
133100825820134033,82.58203105032,20.91953078187,11.862,II/389/ps1_dr2
133080824872674417,82.48727700983,20.903185736,14.3617,II/389/ps1_dr2
133090825183346279,82.51850722,20.912978,12.1325,II/389/ps1_dr2
133090825186726671,82.51866602,20.91329047,11.321,II/389/ps1_dr2
133130825569628183,82.55690013,20.94810331,14.1974,II/389/ps1_dr2
133130825578047803,82.55780311,20.94771773,14.6465,II/389/ps1_dr2
133130825573738205,82.55734623,20.94798893,10.92,II/389/ps1_dr2
133120826497301732,82.64972948989,20.93426256274,13.9102,II/389/ps1_dr2
133140826129782220,82.61300504939,20.95135199854,14.7252,II/389/ps1_dr2
133170826913498775,82.69139486645,20.98179707473,13.4794,II/389/ps1_dr2
133190826773052788,82.67737942904,20.9934248583,14.3881,II/389/ps1_dr2
133180826654766725,82.66548473659,20.98846468912,14.6999,II/389/ps1_dr2
133200826753609674,82.67539908493,21.00756089184,14.2621,II/389/ps1_dr2
133150825898791658,82.58989116881,20.95923811774,14.0059,II/389/ps1_dr2
133170826046256305,82.60465375974,20.97974990148,13.4592,II/389/ps1_dr2
133180826099605248,82.60999239508,20.9871946176,13.9304,II/389/ps1_dr2
133180826142579736,82.61427977332,20.99093702777,13.9142,II/389/ps1_dr2
133190826186362345,82.61876720479,20.99315222593,13.4632,II/389/ps1_dr2
133190826120465641,82.61203196046,20.99584874091,13.3139,II/389/ps1_dr2
133190826120545646,82.61208944039,20.99586332216,13.4107,II/389/ps1_dr2
133220826331948208,82.63323080195,21.02298799839,14.3043,II/389/ps1_dr2
133210825943699613,82.59444015291,21.01584950818,14.0152,II/389/ps1_dr2
133260826224440404,82.62246405013,21.04985421417,14.0001,II/389/ps1_dr2
133250826235852778,82.6236207305,21.04346209319,14.6532,II/389/ps1_dr2
133270826171030510,82.61712146534,21.05823974406,13.454,II/389/ps1_dr2
132530819169985959,81.91698349728,20.44620058848,14.1,II/389/ps1_dr2
132550819354201908,81.93541158547,20.45949874242,14.5875,II/389/ps1_dr2
132550819514390712,81.9514284785,20.45849606846,13.9313,II/389/ps1_dr2
132550819041485909,81.90411711,20.46281135,11.92,II/389/ps1_dr2
132560819050700788,81.90500008,20.46682294,11.505,II/389/ps1_dr2
132560819088033836,81.90879447563,20.46944147923,13.02,II/389/ps1_dr2
132580819098297703,81.90980893291,20.4893286208,14.9522,II/389/ps1_dr2
132610818859003751,81.88588878312,20.51103877399,14.1673,II/389/ps1_dr2
132620819102183956,81.91019606071,20.51954498157,14.552,II/389/ps1_dr2
132650819318463868,81.93173312,20.5444008,11.3356,II/389/ps1_dr2
132660820281759419,82.02815909178,20.55742232616,14.2158,II/389/ps1_dr2
132660820209399179,82.02092794137,20.55721759075,13.84,II/389/ps1_dr2
132660820105276871,82.01050662233,20.55530077039,14.4219,II/389/ps1_dr2
132710820350317622,82.03501305087,20.59758626612,14.3535,II/389/ps1_dr2
132760820210136194,82.0209817161,20.63807001762,13.7817,II/389/ps1_dr2
132640818620529244,81.86203590493,20.54061355843,14.3563,II/389/ps1_dr2
132670818420768110,81.84205629148,20.56466231966,14.9107,II/389/ps1_dr2
132690818931785267,81.89311027,20.57893332,12.3259,II/389/ps1_dr2
132690818935846245,81.89364691,20.57981233,11.7709,II/389/ps1_dr2
132690818936805587,81.89341656,20.57916783,10.991,II/389/ps1_dr2
132680817773623754,81.77735078494,20.56934194868,14.9235,II/389/ps1_dr2
132690817782753798,81.77824313046,20.57769226456,14.2723,II/389/ps1_dr2
132730819393093863,81.93928441098,20.61113034598,14.79,II/389/ps1_dr2
132780819056596206,81.90562004754,20.65473997654,14.9465,II/389/ps1_dr2
132780819164055606,81.91638070799,20.6542507596,14.7955,II/389/ps1_dr2
132810819532995643,81.95323820459,20.67928939243,14.5698,II/389/ps1_dr2
132820818767445692,81.8768362,20.68781017,11.2534,II/389/ps1_dr2
132820818772836350,81.87726414,20.68820536,10.4762,II/389/ps1_dr2
132810819031475126,81.90312417634,20.67884866046,14.7877,II/389/ps1_dr2
132750820630738855,82.06301752,20.63206972,13.0357,II/389/ps1_dr2
132750820633729585,82.06321758,20.63244861,10.413,II/389/ps1_dr2
132750820633858969,82.06336952,20.6320329,13.8008,II/389/ps1_dr2
132760820638050136,82.06361431,20.63296296,13.3172,II/389/ps1_dr2
132800820909750858,82.09099562507,20.66687929834,12.06,II/389/ps1_dr2
132840820647123953,82.06472345583,20.70280709047,14.068,II/389/ps1_dr2
132860821061138850,82.10611147276,20.72355859624,14.4495,II/389/ps1_dr2
132810821618185646,82.16183297496,20.67919662762,14.0094,II/389/ps1_dr2
132820821646405058,82.16465008757,20.68704126034,14.0776,II/389/ps1_dr2
132830821526652352,82.15268875187,20.69313263032,13.5769,II/389/ps1_dr2
132830821679195386,82.16794893565,20.69565378419,13.5831,II/389/ps1_dr2
132860821643024142,82.1643454707,20.71961371381,13.5322,II/389/ps1_dr2
132850821786931284,82.17872059411,20.70885214276,14.4775,II/389/ps1_dr2
132850822139548413,82.21398853773,20.71484409483,12.338,II/389/ps1_dr2
132870822349390238,82.23497352164,20.72470849733,13.373,II/389/ps1_dr2
132880821363008372,82.13630890109,20.73980742615,13.9801,II/389/ps1_dr2
132920821490181762,82.14903670814,20.76761149851,14.1753,II/389/ps1_dr2
132930821443204040,82.14433634357,20.77785850363,13.99,II/389/ps1_dr2
132930821479980058,82.14801155317,20.77453819157,14.1339,II/389/ps1_dr2
132840820085690868,82.00854657674,20.70030747461,14.0745,II/389/ps1_dr2
132880820435972034,82.04361064022,20.73454733899,13.4408,II/389/ps1_dr2
132880820421499309,82.04216750866,20.7406046643,13.6395,II/389/ps1_dr2
132890820232378631,82.02320439886,20.74843198131,14.712,II/389/ps1_dr2
132870819750181011,81.97498615471,20.72541731619,14.304,II/389/ps1_dr2
132910819600981898,81.96007655539,20.75950447105,14.4183,II/389/ps1_dr2
132930820049341358,82.00491001876,20.77569395499,14.9452,II/389/ps1_dr2
132940819769739493,81.97693420435,20.79080507648,14.243,II/389/ps1_dr2
132960819970530759,81.9970308051,20.8001818086,14.6845,II/389/ps1_dr2
132940821032622312,82.103273886,20.78474943966,14.3311,II/389/ps1_dr2
132940820822212975,82.08223909124,20.7853185888,13.439,II/389/ps1_dr2
132970820948781063,82.09489216245,20.80871160206,14.1514,II/389/ps1_dr2
132990821579188511,82.15794063652,20.83158571912,13.309,II/389/ps1_dr2
133010821217866911,82.12179846442,20.84691209499,14.1607,II/389/ps1_dr2
133010820515113387,82.05151819083,20.8439938587,12.543,II/389/ps1_dr2
133020821206629552,82.12066515427,20.85745804978,14.9196,II/389/ps1_dr2
133050821107720665,82.11078085347,20.87506354149,13.7003,II/389/ps1_dr2
132790817425140569,81.74248821171,20.65836189493,12.413,II/389/ps1_dr2
132760817768322959,81.77683789,20.63534397,12.954,II/389/ps1_dr2
132760817771733026,81.77747361,20.63541279,13.7319,II/389/ps1_dr2
132770817618159422,81.76179047324,20.64907668859,14.1088,II/389/ps1_dr2
132780817650432692,81.76502349914,20.65180833758,14.7662,II/389/ps1_dr2
132780817709517959,81.77092462781,20.65618377207,13.5929,II/389/ps1_dr2
132800817260569029,81.72602457949,20.67374800833,14.3968,II/389/ps1_dr2
132830817415716154,81.74156641196,20.69634810442,14.4524,II/389/ps1_dr2
132830817627717362,81.76271129,20.69730972,12.505,II/389/ps1_dr2
132840817592827198,81.75926274188,20.70556284888,14.8713,II/389/ps1_dr2
132850817476176226,81.74759901507,20.71307659786,13.9831,II/389/ps1_dr2
132810818154112577,81.81539176557,20.67671897159,14.4137,II/389/ps1_dr2
132830818408736338,81.84084261753,20.69655374993,13.854,II/389/ps1_dr2
132870818243168288,81.82430558408,20.73147555293,14.0874,II/389/ps1_dr2
132850818820938229,81.88207386224,20.71475280714,14.7146,II/389/ps1_dr2
132890818961211754,81.89609705368,20.74271098766,14.3485,II/389/ps1_dr2
132900818889640551,81.8889437432,20.75003510925,14.9694,II/389/ps1_dr2
132880817612495319,81.76123876442,20.73732355393,14.7556,II/389/ps1_dr2
132870816775742600,81.67756096919,20.72670889116,14.6998,II/389/ps1_dr2
132900817194750218,81.71942011455,20.74975474161,14.2869,II/389/ps1_dr2
132890816640053453,81.66403273062,20.74402903105,14.6235,II/389/ps1_dr2
132870816274968800,81.62744629,20.73143441,12.4632,II/389/ps1_dr2
132880815811150813,81.5811101354,20.73355602006,14.9638,II/389/ps1_dr2
132930816077415579,81.60776264679,20.779143538,14.5601,II/389/ps1_dr2
132930817716308594,81.77166849703,20.78168464473,12.831,II/389/ps1_dr2
132950817627255483,81.76266012,20.79587766,12.109,II/389/ps1_dr2
132940817113705499,81.7113918353,20.78741523277,14.3099,II/389/ps1_dr2
132990817907667979,81.7907920635,20.83114172108,14.6372,II/389/ps1_dr2
133000817530644053,81.75308948789,20.83619812598,14.8309,II/389/ps1_dr2
132990817387833175,81.73882805682,20.82713228691,13.6942,II/389/ps1_dr2
133030817313908628,81.73142638056,20.86499667604,13.5091,II/389/ps1_dr2
133030817339449252,81.73397986529,20.86551900392,14.2122,II/389/ps1_dr2
132910819115041308,81.91148554501,20.75900728006,12.232,II/389/ps1_dr2
132960819815648959,81.98129232,20.80698574,13.2806,II/389/ps1_dr2
132960819813508652,81.98148938,20.80675656,12.534,II/389/ps1_dr2
133020819565522667,81.95649201,20.85180432,9.784,II/389/ps1_dr2
133020819567853254,81.95675301,20.85202343,10.3132,II/389/ps1_dr2
132980818746948389,81.87475844093,20.82313950705,13.09,II/389/ps1_dr2
132980819047687926,81.90475958432,20.82283283918,14.796,II/389/ps1_dr2
132980818756657697,81.87565781175,20.82264045086,12.409,II/389/ps1_dr2
132980818379445304,81.83796772008,20.82059053928,13.3847,II/389/ps1_dr2
133010818571029519,81.85711917264,20.84910423867,14.3065,II/389/ps1_dr2
133020819457619318,81.94577762178,20.85729333322,13.8864,II/389/ps1_dr2
133030818809383999,81.88095934759,20.86117740491,14.9887,II/389/ps1_dr2
133010820121821398,82.01219161525,20.84232656943,14.7692,II/389/ps1_dr2
132990820057459682,82.00576758201,20.83252076135,14.6275,II/389/ps1_dr2
133050820308712710,82.03088793387,20.87676238119,13.9714,II/389/ps1_dr2
133080820616369577,82.0616374718,20.90747948365,14.8758,II/389/ps1_dr2
133070820760940199,82.07609866659,20.89132994344,14.654,II/389/ps1_dr2
133060819528630861,81.95285250021,20.88360043512,14.794,II/389/ps1_dr2
133070819854509657,81.98545732476,20.89921850687,14.4559,II/389/ps1_dr2
133120819733398667,81.97336012405,20.94005971385,14.6442,II/389/ps1_dr2
133130819815430743,81.98150192011,20.94182127477,14.3985,II/389/ps1_dr2
133030817983828413,81.79842671245,20.86482800895,13.9571,II/389/ps1_dr2
133060818931428263,81.89318520068,20.88971934855,13.9879,II/389/ps1_dr2
133100818621775004,81.8622055413,20.92032089878,14.5768,II/389/ps1_dr2
133130818320226548,81.83208375847,20.94659936336,14.3422,II/389/ps1_dr2
133130818001706837,81.80018013821,20.94685499293,13.2809,II/389/ps1_dr2
133160819116340637,81.91163648349,20.9667448376,14.7525,II/389/ps1_dr2
133150818986946437,81.89867986379,20.96324045153,11.994,II/389/ps1_dr2
133140819746239942,81.97461312192,20.95782498226,12.543,II/389/ps1_dr2
133150819575378386,81.95755889725,20.96482513872,13.404,II/389/ps1_dr2
133170819656882360,81.96568083909,20.97650690953,14.9772,II/389/ps1_dr2
133190819673182525,81.96733901332,20.99326888793,14.9403,II/389/ps1_dr2
133230819241252956,81.92415824962,21.02695586751,14.7716,II/389/ps1_dr2
133230818813213681,81.88132520293,21.02759426439,13.9376,II/389/ps1_dr2
132930822978672305,82.29789989971,20.77640478692,14.1277,II/389/ps1_dr2
132940822565147719,82.25653581119,20.78928049227,14.8106,II/389/ps1_dr2
133010823119326179,82.31195485917,20.84630162548,14.8779,II/389/ps1_dr2
132950822207636362,82.22077802435,20.79644468727,14.9039,II/389/ps1_dr2
133000822030815278,82.2031002957,20.83720142805,14.4654,II/389/ps1_dr2
132990822043362160,82.20436368208,20.82628761905,14.118,II/389/ps1_dr2
133020822532563794,82.2532932493,20.85267048143,13.329,II/389/ps1_dr2
133050822537782225,82.25377131143,20.8763970808,14.3834,II/389/ps1_dr2
133050822604936242,82.2605759,20.87960942,9.984,II/389/ps1_dr2
133050822608586844,82.26086831,20.88026113,11.7948,II/389/ps1_dr2
133050822608475689,82.26095635,20.87930531,12.9795,II/389/ps1_dr2
133050822604945870,82.26041618,20.87934261,10.3241,II/389/ps1_dr2
133050822607456458,82.26074048,20.87993997,12.006,II/389/ps1_dr2
133050823618886109,82.36191767277,20.87957034052,14.0019,II/389/ps1_dr2
133050823641222312,82.36415041924,20.8764051108,14.6479,II/389/ps1_dr2
133040823877426137,82.38778420225,20.87117923978,13.204,II/389/ps1_dr2
133080823567884884,82.35682335717,20.90354203283,14.8146,II/389/ps1_dr2
133110824032732579,82.4032868758,20.92663581056,14.9188,II/389/ps1_dr2
133070823355312617,82.3355624047,20.89330786653,13.7161,II/389/ps1_dr2
133080822765797301,82.27659934918,20.90560895063,13.144,II/389/ps1_dr2
133080823005551243,82.300560024,20.90054373223,14.5059,II/389/ps1_dr2
133110823027271327,82.30272834487,20.92565134564,14.2439,II/389/ps1_dr2
133090823610194499,82.36103554883,20.91157018153,13.35,II/389/ps1_dr2
133100823691763838,82.36937172,20.91947738,12.7599,II/389/ps1_dr2
133100823694374172,82.36943240403,20.91969677604,12.255,II/389/ps1_dr2
133100823680733947,82.36802936253,20.91948496705,13.527,II/389/ps1_dr2
133120823340444567,82.33406386515,20.9366349066,14.9705,II/389/ps1_dr2
133160823555726922,82.35560855555,20.97193696193,13.468,II/389/ps1_dr2
133000821733122692,82.17331865522,20.83505951254,14.8426,II/389/ps1_dr2
133010821583945785,82.15841186894,20.84597588088,13.9511,II/389/ps1_dr2
133060821759207708,82.17591071,20.88954451,12.3522,II/389/ps1_dr2
133060821761358421,82.17602062,20.88974654,11.701,II/389/ps1_dr2
133060821760058049,82.17599961,20.88968035,11.029,II/389/ps1_dr2
133050822234414195,82.2234668998,20.87799995311,14.9261,II/389/ps1_dr2
133110822299481542,82.22992709576,20.92582639573,14.2307,II/389/ps1_dr2
133120821774063778,82.17740405452,20.93598383176,14.4903,II/389/ps1_dr2
133110821576499195,82.15781598,20.93216254,12.9801,II/389/ps1_dr2
133110821583599297,82.15858605,20.93226518,12.0075,II/389/ps1_dr2
133120821468084958,82.14682285206,20.9369699212,14.4446,II/389/ps1_dr2
133120821585954405,82.15860056329,20.93650379891,14.4562,II/389/ps1_dr2
133110821581709692,82.15806905942,20.93241351786,12.234,II/389/ps1_dr2
133160821703235779,82.17032167811,20.97098535635,14.7713,II/389/ps1_dr2
133150821619110479,82.16191476859,20.95823378993,14.7626,II/389/ps1_dr2
133120822674837465,82.26749404819,20.93905107647,13.944,II/389/ps1_dr2
133100822705670626,82.27057927071,20.91668967277,14.1743,II/389/ps1_dr2
133100822521725100,82.25216140775,20.92044994027,14.2528,II/389/ps1_dr2
133080822668476570,82.26687041157,20.90497335579,13.486,II/389/ps1_dr2
133120822521123500,82.25211775631,20.93574350794,13.9188,II/389/ps1_dr2
133150823061410495,82.30627614574,20.95829228673,14.9311,II/389/ps1_dr2
133160822851712136,82.28516123329,20.96799343457,14.2271,II/389/ps1_dr2
133200823280113266,82.32799501843,21.00225280842,13.9645,II/389/ps1_dr2
133150822323836587,82.23237781166,20.96331483332,14.2003,II/389/ps1_dr2
133160822214086836,82.22141780487,20.97189500437,13.05,II/389/ps1_dr2
133200822045374642,82.2045343468,21.00337285343,13.012,II/389/ps1_dr2
133200822552091390,82.25521077564,21.00065680382,14.32,II/389/ps1_dr2
133200822891837608,82.28914237241,21.00589859765,14.5491,II/389/ps1_dr2
133240822412147341,82.24119368175,21.03899781513,14.1569,II/389/ps1_dr2
133240822472023906,82.2471783242,21.03613715661,14.9062,II/389/ps1_dr2
133230822724607862,82.27240214416,21.03112394073,13.5975,II/389/ps1_dr2
133090824341129376,82.43411963794,20.91563118728,14.5363,II/389/ps1_dr2
133120824437417502,82.44383706942,20.93909618053,13.229,II/389/ps1_dr2
133130824571304130,82.45714684802,20.94460609881,14.8563,II/389/ps1_dr2
133180824942149936,82.49425209022,20.99112018303,13.151,II/389/ps1_dr2
133190824156240383,82.41567306656,20.99147190018,13.8098,II/389/ps1_dr2
133190823872884628,82.38729352613,20.99501456192,14.6769,II/389/ps1_dr2
133200824075963377,82.40764232261,21.00232393546,13.034,II/389/ps1_dr2
133190824375005537,82.43752123668,20.99575143183,14.1019,II/389/ps1_dr2
133230824359155739,82.43594221448,21.02926687656,14.7441,II/389/ps1_dr2
133260824471056628,82.44711946214,21.05499828095,14.6544,II/389/ps1_dr2
133230825653292171,82.56542429551,21.02632531017,12.984,II/389/ps1_dr2
133240825156359560,82.51566476311,21.04078109896,14.3278,II/389/ps1_dr2
133240824801671567,82.48019879226,21.03412427053,14.3163,II/389/ps1_dr2
133300825008213284,82.50087390246,21.08555445684,14.9598,II/389/ps1_dr2
133280825394038240,82.53946487255,21.07301937771,13.048,II/389/ps1_dr2
133200823656857809,82.36559117,21.00621591,12.9247,II/389/ps1_dr2
133200823654067563,82.36547833,21.00581154,11.222,II/389/ps1_dr2
133230823570749462,82.35707750228,21.03236881944,14.9315,II/389/ps1_dr2
133230823521983511,82.35220399906,21.02741166858,14.7776,II/389/ps1_dr2
133250824160071133,82.41601319851,21.04208911217,12.814,II/389/ps1_dr2
133240823796099961,82.37972194,21.0412361,10.8844,II/389/ps1_dr2
133250823979552231,82.39799624714,21.04300937863,13.7286,II/389/ps1_dr2
133250823799650374,82.37974973,21.0412502,10.954,II/389/ps1_dr2
133270824130613072,82.41307323309,21.06038012725,14.303,II/389/ps1_dr2
133270823754323679,82.37553859996,21.06090242137,12.772,II/389/ps1_dr2
133250823236877114,82.32370035707,21.04707431175,14.873,II/389/ps1_dr2
133230823121862202,82.31217362189,21.02635770907,13.5893,II/389/ps1_dr2
133250822898052722,82.28980566959,21.04339593636,13.7785,II/389/ps1_dr2
133250823366298954,82.33664538253,21.04860541789,14.9901,II/389/ps1_dr2
133330824698038693,82.46981690298,21.11506439087,14.8443,II/389/ps1_dr2
133300824583867020,82.45839502152,21.08867312635,14.6012,II/389/ps1_dr2
133310824189544214,82.41901704406,21.09466496719,13.038,II/389/ps1_dr2
133340824449043641,82.44492393153,21.11919123752,14.2344,II/389/ps1_dr2
133360824426392758,82.44244039,21.13511768,14.0987,II/389/ps1_dr2
133360824429192637,82.44286297,21.13505997,13.7982,II/389/ps1_dr2
133360824424913513,82.44245112,21.13566628,13.9871,II/389/ps1_dr2
133360824421393023,82.4422277,21.13548971,12.4023,II/389/ps1_dr2
133360824426783129,82.4427042,21.13543323,11.656,II/389/ps1_dr2
133330824416665927,82.44170395537,21.11276994804,14.0435,II/389/ps1_dr2
133380824661589481,82.46616898,21.15757343,11.288,II/389/ps1_dr2
133390824663510025,82.46628275,21.15774522,11.7706,II/389/ps1_dr2
133360824810438775,82.4810904208,21.14014290017,13.8058,II/389/ps1_dr2
133390824792696378,82.47930752585,21.1631352993,13.9393,II/389/ps1_dr2
133400824710090261,82.47085376,21.16643837,13.6653,II/389/ps1_dr2
133400824705720020,82.4706920357,21.16621154683,12.246,II/389/ps1_dr2
133390824341048556,82.43417203235,21.16494933794,13.3398,II/389/ps1_dr2
133400824348702325,82.4348994002,21.16808825659,12.34,II/389/ps1_dr2
133410824225598105,82.42258776018,21.18123958769,14.2019,II/389/ps1_dr2
133110820876869722,82.08765151819,20.93271980167,13.2309,II/389/ps1_dr2
133130820915991644,82.09161138769,20.94253272721,14.3284,II/389/ps1_dr2
133120820596396711,82.05964499372,20.93841756319,13.5399,II/389/ps1_dr2
133150820727902088,82.07260193,20.95964849,10.4471,II/389/ps1_dr2
133150820727551585,82.07280229,20.95936216,9.633,II/389/ps1_dr2
133190821161411898,82.11614678993,20.99274324692,14.7727,II/389/ps1_dr2
133160820381196990,82.03813291301,20.97198876041,13.3243,II/389/ps1_dr2
133170820397325619,82.03973834763,20.97918058515,14.9842,II/389/ps1_dr2
133260820897679944,82.08982408673,21.05779156545,12.487,II/389/ps1_dr2
133270820899300232,82.08979818,21.05797604,13.7219,II/389/ps1_dr2
133210821848647554,82.18486560832,21.01411914917,13.9251,II/389/ps1_dr2
133240821904976082,82.19047033746,21.03794764081,14.2263,II/389/ps1_dr2
133270822097499433,82.2097541699,21.06568947042,12.956,II/389/ps1_dr2
133260821588536814,82.15882366756,21.0552102228,13.938,II/389/ps1_dr2
133280821651352362,82.16510509285,21.06817725643,14.6138,II/389/ps1_dr2
133280821137967712,82.11379914922,21.07258475968,13.7284,II/389/ps1_dr2
133280821745409613,82.17453496836,21.07417662169,14.4792,II/389/ps1_dr2
133300821670771443,82.1670733257,21.08403045816,13.184,II/389/ps1_dr2
133330821998772190,82.19987703138,21.10965719696,13.5806,II/389/ps1_dr2
133190819978035412,81.99779929369,20.9957136376,14.5416,II/389/ps1_dr2
133190819986677887,81.99865801098,20.99777711728,14.3426,II/389/ps1_dr2
133180819938939361,81.99388380824,20.99067033694,14.962,II/389/ps1_dr2
133220819627643363,81.96279080939,21.01896219376,13.7798,II/389/ps1_dr2
133250819961815486,81.99620712905,21.0457121094,13.9658,II/389/ps1_dr2
133260820456142146,82.04563948527,21.0512619248,14.418,II/389/ps1_dr2
133270820857181957,82.08574431946,21.05945528006,13.5639,II/389/ps1_dr2
133280819643452514,81.96436846077,21.06823835044,14.3197,II/389/ps1_dr2
133310820060774103,82.00614059344,21.09456784623,13.7875,II/389/ps1_dr2
133320820209998587,82.02103305817,21.10663940584,14.9014,II/389/ps1_dr2
133320821143330598,82.11433896327,21.0999914337,14.5911,II/389/ps1_dr2
133350820901006979,82.09021426309,21.13028344336,13.911,II/389/ps1_dr2
133340820896357853,82.08959621477,21.12273724502,12.472,II/389/ps1_dr2
133360821600650050,82.16006931952,21.13288200544,13.8867,II/389/ps1_dr2
133380821049612120,82.10507417992,21.15124999311,13.038,II/389/ps1_dr2
133380821208515199,82.12086362856,21.15381679234,14.393,II/389/ps1_dr2
133360820747239210,82.07475387004,21.14048969971,14.5879,II/389/ps1_dr2
133360820263058951,82.02634214516,21.14028563788,14.2993,II/389/ps1_dr2
133400820904221343,82.09047346505,21.16726452238,13.944,II/389/ps1_dr2
133420820995315239,82.09955722171,21.18718829855,14.4851,II/389/ps1_dr2
133310822815312731,82.28151153499,21.09348827812,14.6769,II/389/ps1_dr2
133330822541732004,82.25420013984,21.10947936723,13.6704,II/389/ps1_dr2
133380823073656201,82.30740566955,21.15464893316,13.7106,II/389/ps1_dr2
133360822018759941,82.20187028243,21.1410947182,14.2549,II/389/ps1_dr2
133360822091683940,82.20919139979,21.13609833988,13.7215,II/389/ps1_dr2
133370821790330875,82.17903543968,21.14189387562,14.6343,II/389/ps1_dr2
133450822662086393,82.26625507517,21.2131438625,13.17,II/389/ps1_dr2
133390823400971299,82.34011582675,21.15889934688,13.244,II/389/ps1_dr2
133400823686923960,82.36881522217,21.16948494561,13.5864,II/389/ps1_dr2
133400823288063268,82.32885582528,21.16887893219,14.4602,II/389/ps1_dr2
133440823860140401,82.38599817882,21.19985287303,14.7424,II/389/ps1_dr2
133470824171947225,82.4172161552,21.230495228,12.984,II/389/ps1_dr2
133470824165375950,82.41655904083,21.22948600542,13.241,II/389/ps1_dr2
133480824072827215,82.40731210388,21.2388167886,14.1562,II/389/ps1_dr2
133490822959092152,82.29593570642,21.24293469294,14.053,II/389/ps1_dr2
133500823811025354,82.38108987603,21.25398243966,14.891,II/389/ps1_dr2
133520823383035384,82.33830739151,21.27063135303,14.853,II/389/ps1_dr2
133390821910292255,82.19104693526,21.15970499296,12.878,II/389/ps1_dr2
133400821802454497,82.18025158938,21.16989961488,14.7015,II/389/ps1_dr2
133420821996405254,82.19965105017,21.18719532243,14.767,II/389/ps1_dr2
133430822342306168,82.23429213932,21.19632297454,13.017,II/389/ps1_dr2
133460822402029019,82.2402251256,21.2236947016,14.0763,II/389/ps1_dr2
133470822034615242,82.20344216924,21.22889178413,14.7355,II/389/ps1_dr2
133490822251843634,82.22520089145,21.24420947101,13.666,II/389/ps1_dr2
133470822245523684,82.22456509682,21.22757627284,14.0959,II/389/ps1_dr2
133440821427339388,82.14274338298,21.20731208411,14.8837,II/389/ps1_dr2
133460821363624957,82.13637554183,21.22028033984,14.0271,II/389/ps1_dr2
133460821349687005,82.13500164766,21.22197330335,13.312,II/389/ps1_dr2
133480821524340878,82.15244525849,21.23355900582,14.7387,II/389/ps1_dr2
133470821620361217,82.16202174,21.22556118,13.2139,II/389/ps1_dr2
133470821622882404,82.16226719,21.22654225,13.9204,II/389/ps1_dr2
133470821621611766,82.16210082,21.22580285,12.208,II/389/ps1_dr2
133480821083605074,82.10841715187,21.23704607974,14.0867,II/389/ps1_dr2
133490821842596800,82.18425440127,21.24685866879,13.8738,II/389/ps1_dr2
133480822813595894,82.28135815279,21.2377019357,13.211,II/389/ps1_dr2
133520822931161944,82.29315205689,21.26774622422,13.404,II/389/ps1_dr2
133570823412115783,82.34122413599,21.31262877737,13.7023,II/389/ps1_dr2
133540822950277713,82.29501361807,21.28924838235,12.788,II/389/ps1_dr2
133570822907307282,82.29071046894,21.31390503981,13.048,II/389/ps1_dr2
133570823154129910,82.31541656,21.31613167,8.6609,II/389/ps1_dr2
133570823147109093,82.31479624,21.31525342,7.6522,II/389/ps1_dr2
133580822772247560,82.27724132333,21.32245677389,14.0401,II/389/ps1_dr2
133620822930303367,82.29303547405,21.35229360151,14.9593,II/389/ps1_dr2
133620822804609362,82.28045985837,21.35729880823,14.3718,II/389/ps1_dr2
132180808910336025,80.8910381401,20.15456095713,14.683,II/389/ps1_dr2
132200808444285820,80.84446833236,20.17099797174,14.8302,II/389/ps1_dr2
132200809021811726,80.90223263811,20.1677034003,14.4051,II/389/ps1_dr2
132260808669520686,80.86700915684,20.21682903445,13.4374,II/389/ps1_dr2
132270808671428889,80.8671764286,20.23195420335,14.1006,II/389/ps1_dr2
132230809412581074,80.9413184697,20.1921251489,14.998,II/389/ps1_dr2
132270809119985432,80.9120524305,20.22915872194,13.5702,II/389/ps1_dr2
132290809294151985,80.92947366347,20.24292458972,13.818,II/389/ps1_dr2
132290809421007219,80.942279,20.24740035,13.766,II/389/ps1_dr2
132290809419226946,80.94197900588,20.24704182319,13.5354,II/389/ps1_dr2
132290809606967337,80.96072505663,20.24741942146,13.732,II/389/ps1_dr2
132320810287222524,81.02872842816,20.26833299436,14.0181,II/389/ps1_dr2
132340809876020164,80.98761434357,20.28302812202,14.7183,II/389/ps1_dr2
132310808973510116,80.89742868524,20.25800620205,14.6366,II/389/ps1_dr2
132340809292011595,80.92921610098,20.28421179005,14.6593,II/389/ps1_dr2
132300807959878378,80.79600896511,20.25651317301,13.9767,II/389/ps1_dr2
132320808112851588,80.81134711643,20.26757130058,11.083,II/389/ps1_dr2
132330808330149846,80.83303607494,20.28275270887,14.7452,II/389/ps1_dr2
132330807433649806,80.74343202893,20.2827454262,14.9612,II/389/ps1_dr2
132380807700000542,80.77005048205,20.31667292727,13.7475,II/389/ps1_dr2
132340808486056125,80.84865324894,20.28805789624,14.279,II/389/ps1_dr2
132350808361147027,80.83617376471,20.29708839492,14.774,II/389/ps1_dr2
132390809195630760,80.91957359746,20.32518201676,14.3613,II/389/ps1_dr2
132370808212296555,80.82122199,20.31331976,12.298,II/389/ps1_dr2
132410808403550787,80.84038529648,20.3418731946,14.1495,II/389/ps1_dr2
132420808098583750,80.80988451686,20.35268350678,14.3313,II/389/ps1_dr2
132420808542917831,80.85435998817,20.35612704018,14.0384,II/389/ps1_dr2
132470808723078409,80.87232400649,20.39822584343,14.9104,II/389/ps1_dr2
132370810171774781,81.01719695973,20.31185262321,13.8449,II/389/ps1_dr2
132390809834452152,80.98345761173,20.32635184231,14.6095,II/389/ps1_dr2
132410809848839691,80.98487143405,20.34931013074,14.3333,II/389/ps1_dr2
132420809742075946,80.97422279275,20.35451169563,14.6848,II/389/ps1_dr2
132440810406708622,81.04068218111,20.37341504917,14.9964,II/389/ps1_dr2
132470810550208276,81.055030587,20.39812211109,14.1709,II/389/ps1_dr2
132450810169985570,81.01701075711,20.37920325254,14.2619,II/389/ps1_dr2
132500811912318360,81.19115346,20.42310033,14.2889,II/389/ps1_dr2
132500811902357852,81.19025416,20.42282793,9.6921,II/389/ps1_dr2
132500811900296863,81.18997934,20.42194635,12.4594,II/389/ps1_dr2
132500811905807818,81.19047456,20.42266981,11.187,II/389/ps1_dr2
132500811911048787,81.19117491,20.42359042,13.0094,II/389/ps1_dr2
132470810772958907,81.07729959946,20.3986638761,14.4543,II/389/ps1_dr2
132560810891301132,81.08914194752,20.46716367381,14.6466,II/389/ps1_dr2
132570811335680437,81.13357285844,20.47491780024,14.3275,II/389/ps1_dr2
132580811264268555,81.1264348533,20.49001702735,14.9076,II/389/ps1_dr2
132440809732715546,80.97328987288,20.3708460642,14.4747,II/389/ps1_dr2
132470809787451011,80.97876266536,20.39206498959,14.1196,II/389/ps1_dr2
132480809278402957,80.92786584055,20.40201115101,14.8131,II/389/ps1_dr2
132470809541133824,80.95423111,20.39428406,13.331,II/389/ps1_dr2
132470809539413484,80.9539645094,20.39409516773,12.854,II/389/ps1_dr2
132470809942041891,80.99421889293,20.39280169701,14.612,II/389/ps1_dr2
132470809786008439,80.97858049,20.39819617,9.5736,II/389/ps1_dr2
132510809513002945,80.95132357884,20.4270014752,14.1428,II/389/ps1_dr2
132540810008055259,81.00082805641,20.45393325566,13.9575,II/389/ps1_dr2
132490809123064106,80.91232927581,20.41129910579,14.6359,II/389/ps1_dr2
132490809111743661,80.91120211199,20.41093219558,13.112,II/389/ps1_dr2
132460809045145283,80.90455741,20.3871328,13.0712,II/389/ps1_dr2
132460809043584957,80.90443331,20.38704581,12.852,II/389/ps1_dr2
132470809190599796,80.91909207724,20.39937744981,14.2009,II/389/ps1_dr2
132490809178086873,80.91783638934,20.41361002431,14.5968,II/389/ps1_dr2
132510808812350787,80.88129551608,20.42523295847,13.053,II/389/ps1_dr2
132570810804759496,81.08048698246,20.48246197761,13.947,II/389/ps1_dr2
132610811088364977,81.10884137716,20.51202630703,13.799,II/389/ps1_dr2
132610810688082138,81.06882578491,20.50966838449,14.0907,II/389/ps1_dr2
132570810023780116,81.00239525,20.47456794,11.675,II/389/ps1_dr2
132570810027090539,81.00270121,20.47479555,13.0489,II/389/ps1_dr2
132560810026559900,81.00269557,20.47452287,12.1357,II/389/ps1_dr2
132600810076413527,81.00768186649,20.50248113344,13.482,II/389/ps1_dr2
132640809903540360,80.99038597666,20.53318057945,14.6967,II/389/ps1_dr2
132640810217376045,81.02176426425,20.53792187044,14.2101,II/389/ps1_dr2
132640810255763641,81.02559916198,20.53591440158,14.6511,II/389/ps1_dr2
132680810378784834,81.03790761356,20.57023760102,14.6862,II/389/ps1_dr2
132390807377055598,80.73769640996,20.32921618249,14.542,II/389/ps1_dr2
132390807388225539,80.7388555673,20.32915568106,14.029,II/389/ps1_dr2
132420807510517891,80.7511065421,20.35614676838,14.7503,II/389/ps1_dr2
132390807450757983,80.74516136137,20.33110447498,13.9761,II/389/ps1_dr2
132440807310785789,80.73108957747,20.37103810772,14.3815,II/389/ps1_dr2
132440806915729485,80.69163735414,20.37413227768,14.6106,II/389/ps1_dr2
132450806551628664,80.65510051065,20.38182815766,13.496,II/389/ps1_dr2
132510808105238641,80.81053002633,20.43174418018,14.1852,II/389/ps1_dr2
132500807244683682,80.72448499679,20.41927550513,14.9453,II/389/ps1_dr2
132520807538077428,80.75382498826,20.43906581886,14.7492,II/389/ps1_dr2
132500807392858575,80.73932032072,20.42336919135,13.911,II/389/ps1_dr2
132540807366535009,80.73667742775,20.45372543609,14.2475,II/389/ps1_dr2
132520807254694579,80.72555090458,20.43671915947,13.8362,II/389/ps1_dr2
132550807434910280,80.74349828826,20.45810227975,13.4006,II/389/ps1_dr2
132580807694700006,80.76948268971,20.48288584836,14.7881,II/389/ps1_dr2
132580807714061638,80.77142105893,20.48424176045,14.653,II/389/ps1_dr2
132580807841767079,80.78409507,20.48869305,11.5166,II/389/ps1_dr2
132580807838426970,80.78398485,20.48856473,11.625,II/389/ps1_dr2
132530807005960162,80.70061330104,20.44134633838,14.3635,II/389/ps1_dr2
132520806712489591,80.67148548,20.44094514,11.7805,II/389/ps1_dr2
132520806709478766,80.67091854,20.4404841,11.8011,II/389/ps1_dr2
132580806828831395,80.68291051495,20.48403777465,14.4587,II/389/ps1_dr2
132580806933345533,80.69334138879,20.48748536627,14.694,II/389/ps1_dr2
132610807448308719,80.74487012238,20.51513334109,14.7286,II/389/ps1_dr2
132590807110696638,80.7110850923,20.49673684122,14.7443,II/389/ps1_dr2
132560806382626371,80.6382669846,20.4715202753,14.9776,II/389/ps1_dr2
132610806698435067,80.66992928629,20.5120770993,13.336,II/389/ps1_dr2
132600806089997461,80.60901237739,20.50576267187,13.8859,II/389/ps1_dr2
132680806772120361,80.67717035161,20.56648265556,13.5216,II/389/ps1_dr2
132520808612066165,80.86121521,20.43807569,12.383,II/389/ps1_dr2
132590808984497275,80.89847711314,20.49726369562,13.4706,II/389/ps1_dr2
132630808938037438,80.89383131301,20.53073776643,14.7283,II/389/ps1_dr2
132600808091954116,80.80924595439,20.50297522814,13.921,II/389/ps1_dr2
132610808702047071,80.8702698609,20.51362710071,11.071,II/389/ps1_dr2
132620808556514618,80.85567460561,20.52003335488,13.22,II/389/ps1_dr2
132650808959191327,80.89594749023,20.54230970153,13.472,II/389/ps1_dr2
132660808902894496,80.89037760187,20.55331678326,13.295,II/389/ps1_dr2
132680808562488183,80.85638456,20.57296848,10.428,II/389/ps1_dr2
132680808565278539,80.85655198,20.57342318,11.6939,II/389/ps1_dr2
132680808566518180,80.85669995,20.57263142,10.2288,II/389/ps1_dr2
132630809599434843,80.96000793693,20.52854074391,11.925,II/389/ps1_dr2
132630809601005148,80.96027532,20.52869254,12.7539,II/389/ps1_dr2
132640809772035380,80.97723849993,20.53735845704,14.9921,II/389/ps1_dr2
132640809831569313,80.98322953315,20.54066602383,12.18,II/389/ps1_dr2
132680809635450423,80.96357344043,20.5665673653,14.4211,II/389/ps1_dr2
132680809873271198,80.98736280427,20.56720395265,14.7744,II/389/ps1_dr2
132690809409865175,80.9409422,20.57878099,12.6731,II/389/ps1_dr2
132690809403565358,80.94049885,20.57923435,7.5783,II/389/ps1_dr2
132690809408205616,80.94084306,20.57929218,8.968,II/389/ps1_dr2
132720809005317123,80.90065970819,20.60549672545,13.142,II/389/ps1_dr2
132710809140415904,80.91409026511,20.59612334818,14.472,II/389/ps1_dr2
132750809283294540,80.92837468033,20.62831629036,13.191,II/389/ps1_dr2
132630807512171142,80.7512413002,20.52549072061,14.6941,II/389/ps1_dr2
132680807703780231,80.77035379,20.566482,12.8189,II/389/ps1_dr2
132680807699900002,80.77002626,20.56629538,14.4074,II/389/ps1_dr2
132680807700680716,80.77032167558,20.56666110696,13.3874,II/389/ps1_dr2
132670808308722987,80.83091094488,20.5603623407,14.9735,II/389/ps1_dr2
132670808142490576,80.81428227248,20.55834875275,13.7562,II/389/ps1_dr2
132660808131078886,80.81314365948,20.55694516094,13.5236,II/389/ps1_dr2
132670808180036276,80.8180606,20.56311306693,13.542,II/389/ps1_dr2
132700808021424774,80.80219670085,20.58690954548,14.9303,II/389/ps1_dr2
132700808173765685,80.81749213752,20.58763652757,13.491,II/389/ps1_dr2
132720807135564926,80.71357014032,20.6036336522,13.725,II/389/ps1_dr2
132730807724188275,80.77237535924,20.61498295624,13.6246,II/389/ps1_dr2
132760807934518234,80.79355786329,20.63973633271,13.3603,II/389/ps1_dr2
132720808692804849,80.86932492384,20.60357264023,14.3465,II/389/ps1_dr2
132810808932398077,80.89320384,20.68147639,10.3123,II/389/ps1_dr2
132820808976332752,80.89767606393,20.68514954399,14.6342,II/389/ps1_dr2
132870808527910739,80.85283975224,20.72513269162,14.4704,II/389/ps1_dr2
132550811827000721,81.18271357053,20.45848046329,13.239,II/389/ps1_dr2
132590812493216131,81.24919928,20.49637029,12.0828,II/389/ps1_dr2
132590812488716488,81.24889019,20.49654774,11.104,II/389/ps1_dr2
132590812486275816,81.24865036,20.49607181,12.0254,II/389/ps1_dr2
132600812392372529,81.23926432256,20.50163844243,14.6002,II/389/ps1_dr2
132590812382348270,81.23826107984,20.49808906284,14.0749,II/389/ps1_dr2
132610811897322911,81.18974910581,20.51030505608,13.814,II/389/ps1_dr2
132620812249272718,81.22494686905,20.51846011203,13.8443,II/389/ps1_dr2
132660812497819404,81.24985241152,20.55736730089,13.8933,II/389/ps1_dr2
132700812933750790,81.29323099,20.58370643,6.453,II/389/ps1_dr2
132700812942690107,81.29417628,20.58289277,13.1611,II/389/ps1_dr2
132700812897144946,81.28994724,20.5869675,12.3114,II/389/ps1_dr2
132700812943410578,81.29434599,20.58341985,12.8486,II/389/ps1_dr2
132700812920931426,81.29195597,20.58408639,13.3859,II/389/ps1_dr2
132700812922541827,81.29235221,20.58447437,12.8086,II/389/ps1_dr2
132750812930951651,81.29311489175,20.62588102074,13.4428,II/389/ps1_dr2
132700811374260022,81.13744079681,20.58289930864,14.8698,II/389/ps1_dr2
132730811675673574,81.16758245226,20.61084373015,13.2974,II/389/ps1_dr2
132700810512319352,81.05125059024,20.59064872292,12.501,II/389/ps1_dr2
132710810751534211,81.07516427445,20.59471121151,13.8277,II/389/ps1_dr2
132740810792445349,81.07926990247,20.62066751549,14.5175,II/389/ps1_dr2
132730811071025171,81.10712204935,20.61219069749,14.8695,II/389/ps1_dr2
132780811269966865,81.12701536379,20.65526026631,14.9493,II/389/ps1_dr2
132730812347510491,81.2347744495,20.60827161357,13.279,II/389/ps1_dr2
132800812583047336,81.25832236475,20.67230614439,14.0401,II/389/ps1_dr2
132810812567599650,81.2567403734,20.68262356998,13.6383,II/389/ps1_dr2
132760813997661620,81.3997668629,20.6342303142,11.833,II/389/ps1_dr2
132760814295930442,81.42973730235,20.63339439759,13.5315,II/389/ps1_dr2
132790813254771441,81.3254505999,20.65910936192,13.446,II/389/ps1_dr2
132810813832268654,81.38321795832,20.68176275214,10.784,II/389/ps1_dr2
132810814940249691,81.49403172196,20.6826080782,13.248,II/389/ps1_dr2
132930815145391778,81.51453583673,20.77602304679,14.6315,II/389/ps1_dr2
132870812891215044,81.28913228027,20.72873983346,14.3905,II/389/ps1_dr2
132860813048279023,81.30482967069,20.72372664852,14.3813,II/389/ps1_dr2
132910812962726347,81.29627606868,20.76316482495,14.8229,II/389/ps1_dr2
132940812688609897,81.26889077,20.7911764222,13.649,II/389/ps1_dr2
132950812691531581,81.26921678331,20.79253370397,13.7555,II/389/ps1_dr2
132950814127810813,81.41277740836,20.79189086742,14.3058,II/389/ps1_dr2
132970814312786787,81.43127658609,20.81354162102,14.6762,II/389/ps1_dr2
133010813382797787,81.33829492842,20.84771336192,14.3101,II/389/ps1_dr2
133040814102384842,81.41024780503,20.87026406807,14.3399,II/389/ps1_dr2
132770810885560394,81.08861182736,20.64156135626,14.9476,II/389/ps1_dr2
132820809876356549,80.98768214,20.68843127,11.1043,II/389/ps1_dr2
132820809879206907,80.98790883,20.68857672,11.286,II/389/ps1_dr2
132830809955904274,80.99562170232,20.6947619121,12.666,II/389/ps1_dr2
132840810517894472,81.05187358,20.7032469,11.468,II/389/ps1_dr2
132850810654761300,81.06558680699,20.70898887259,13.1918,II/389/ps1_dr2
132840811074543730,81.10753352044,20.70267024015,13.4811,II/389/ps1_dr2
132920810740907174,81.0741086074,20.77218679632,14.8606,II/389/ps1_dr2
132910811114087106,81.11144835132,20.76379603477,13.3002,II/389/ps1_dr2
132930811458849720,81.1459334578,20.78266125105,14.409,II/389/ps1_dr2
132920811473868054,81.14744430004,20.7729109978,14.1882,II/389/ps1_dr2
132860809940333673,80.99409188503,20.71928334496,14.0586,II/389/ps1_dr2
132870810056045597,81.00563176828,20.72919797292,14.9827,II/389/ps1_dr2
132860809037655356,80.90380659096,20.72065510288,14.5236,II/389/ps1_dr2
132890809169649712,80.91700976792,20.74926017265,12.645,II/389/ps1_dr2
132900809354872223,80.93552235483,20.7513869152,14.8431,II/389/ps1_dr2
132880808831669526,80.88324456964,20.74080056194,13.6246,II/389/ps1_dr2
132880808831679527,80.88325149304,20.74080160538,13.6097,II/389/ps1_dr2
132910809050695901,80.9051225761,20.76277537304,14.1346,II/389/ps1_dr2
132920809603230818,80.96034949,20.76683637,11.859,II/389/ps1_dr2
132910810392024239,81.03926811517,20.7614230355,13.6068,II/389/ps1_dr2
132980810850933736,81.08513488195,20.81930945865,13.7717,II/389/ps1_dr2
132980810210268425,81.02105247959,20.8232314556,14.6728,II/389/ps1_dr2
132980809685769015,80.96861043959,20.82371579785,14.7279,II/389/ps1_dr2
132990809925041483,80.99262070013,20.82580703933,13.6159,II/389/ps1_dr2
133000809799857783,80.98007235093,20.83939881182,14.6905,II/389/ps1_dr2
132960812014052810,81.2014072771,20.80186730545,11.831,II/389/ps1_dr2
132960812312908020,81.23148499735,20.80628759452,13.2898,II/389/ps1_dr2
132960812316628306,81.23148301,20.80628949,13.2751,II/389/ps1_dr2
133000812579048857,81.25792703775,20.84023984058,13.4318,II/389/ps1_dr2
133010812026391525,81.20266757889,20.8424718775,14.3503,II/389/ps1_dr2
133030812401717600,81.24020394863,20.8641926806,14.1043,II/389/ps1_dr2
133090813440937651,81.34410066229,20.91426443226,14.8875,II/389/ps1_dr2
133130812698706005,81.26997500616,20.94622841169,14.0809,II/389/ps1_dr2
133030811074041703,81.10744264898,20.85930930801,14.0783,II/389/ps1_dr2
133060811109075948,81.11092299185,20.88783620486,14.998,II/389/ps1_dr2
133040811223654921,81.12237963626,20.87031114361,14.962,II/389/ps1_dr2
133050811801087112,81.17980065,20.88039458,9.0389,II/389/ps1_dr2
133040811601349433,81.16025049741,20.87410592399,12.76,II/389/ps1_dr2
133100811737152069,81.17376441688,20.9179540513,13.8839,II/389/ps1_dr2
133090810645561243,81.0645385973,20.90885838788,14.0053,II/389/ps1_dr2
133070810510103958,81.05103413851,20.89450862409,14.9163,II/389/ps1_dr2
133100811314541076,81.13148031388,20.91708673353,14.9718,II/389/ps1_dr2
133110811562229549,81.15623732309,20.93248673071,14.6359,II/389/ps1_dr2
133140812011135900,81.2012717552,20.95451890786,11.991,II/389/ps1_dr2
133200812715376890,81.27155341923,21.00521964105,12.826,II/389/ps1_dr2
133190812140385036,81.21413137,20.99540946,11.829,II/389/ps1_dr2
133240812118103486,81.21193196,21.03582929,12.309,II/389/ps1_dr2
132600805655043279,80.56549818636,20.50227035084,13.9888,II/389/ps1_dr2
132670805127412885,80.51272985788,20.56026268597,13.487,II/389/ps1_dr2
132670805123193028,80.51262166,20.5602347,13.3131,II/389/ps1_dr2
132660805679471516,80.56796384404,20.5507982136,14.2833,II/389/ps1_dr2
132690806442004511,80.64421414,20.57835897,11.8148,II/389/ps1_dr2
132700806692623484,80.66926861237,20.58577278364,14.9637,II/389/ps1_dr2
132680806569184759,80.65692804194,20.5701680438,14.8635,II/389/ps1_dr2
132690806372108030,80.63727875696,20.58118513203,13.8201,II/389/ps1_dr2
132690806373537681,80.63730428431,20.58111645614,13.8271,II/389/ps1_dr2
132740806221219908,80.62213115376,20.62446845612,14.338,II/389/ps1_dr2
132770806077975767,80.60780301577,20.64600946031,14.7833,II/389/ps1_dr2
132700804754545468,80.47544968883,20.5874249524,14.8319,II/389/ps1_dr2
132730804530766126,80.45305918134,20.61297172175,14.691,II/389/ps1_dr2
132770805350983439,80.53490911,20.64400301,11.324,II/389/ps1_dr2
132770805348962902,80.53507888,20.64400675,11.584,II/389/ps1_dr2
132790804818037206,80.48179421419,20.66387158531,14.0721,II/389/ps1_dr2
132850805336228846,80.53360562,20.71522861,12.166,II/389/ps1_dr2
132850804871275662,80.48712715165,20.71259513113,14.3014,II/389/ps1_dr2
132800807653061843,80.76534518944,20.66771208031,13.8949,II/389/ps1_dr2
132810806153980888,80.61539869175,20.67527658515,14.9554,II/389/ps1_dr2
132830806755967676,80.67564056527,20.69760647278,14.3044,II/389/ps1_dr2
132860806580111306,80.65806332062,20.71737605995,13.361,II/389/ps1_dr2
132870806986124194,80.69863715702,20.72802026724,14.9639,II/389/ps1_dr2
132850807614992822,80.76152442869,20.71020878655,14.2515,II/389/ps1_dr2
132860807790403421,80.77898255,20.71898909,12.4898,II/389/ps1_dr2
132860807792843753,80.77930737,20.71926716,13.217,II/389/ps1_dr2
132890808423680443,80.8424229461,20.74155905188,14.2242,II/389/ps1_dr2
132920808040281343,80.80407050809,20.76730883738,14.9119,II/389/ps1_dr2
132860807245540129,80.72457869029,20.71630755935,14.6124,II/389/ps1_dr2
132860807370150801,80.73704292995,20.71687305503,14.4202,II/389/ps1_dr2
132870807336263215,80.73369872,20.72700949,12.9773,II/389/ps1_dr2
132900807475945273,80.7475935151,20.75396742006,13.8652,II/389/ps1_dr2
132920807861887197,80.78622677152,20.77220254324,13.241,II/389/ps1_dr2
132820806121043217,80.61210995734,20.6855445364,14.0986,II/389/ps1_dr2
132840806076652539,80.60773451,20.70168762,11.397,II/389/ps1_dr2
132840806075822148,80.6076824,20.70149737,11.5845,II/389/ps1_dr2
132860806382489728,80.63819704254,20.72426823436,13.307,II/389/ps1_dr2
132940805647874827,80.5647758923,20.78689154665,14.7471,II/389/ps1_dr2
132950805774247933,80.57734832476,20.79792305123,12.397,II/389/ps1_dr2
132980807373443652,80.73739350623,20.81925098514,14.0095,II/389/ps1_dr2
133020807293420808,80.72934853,20.85013365,10.7497,II/389/ps1_dr2
132980806656799640,80.66569266757,20.82424292853,14.4361,II/389/ps1_dr2
132980806580860984,80.65810380728,20.81702477065,14.4913,II/389/ps1_dr2
132820804332032498,80.43318433788,20.68494804083,14.7958,II/389/ps1_dr2
132840803787188156,80.37871088956,20.70633232047,14.5674,II/389/ps1_dr2
132870803953471683,80.39533628,20.72587767,12.472,II/389/ps1_dr2
132880803507659990,80.3506508025,20.74099858882,13.279,II/389/ps1_dr2
132890803767459966,80.37672887393,20.74950150638,14.7137,II/389/ps1_dr2
132910804187467175,80.41872827722,20.76384367426,12.302,II/389/ps1_dr2
132920804069503949,80.40693765369,20.76950049397,14.2858,II/389/ps1_dr2
132940804580684179,80.45805351723,20.78636149879,14.0677,II/389/ps1_dr2
132930803330129737,80.33313011,20.7828523,11.9449,II/389/ps1_dr2
132940803332450190,80.33318487,20.78294593,11.814,II/389/ps1_dr2
132920803138814295,80.31391295,20.76963907,11.548,II/389/ps1_dr2
132940803027782600,80.3027641251,20.78503420462,14.4175,II/389/ps1_dr2
132920803138583879,80.31391477,20.76948466,11.8414,II/389/ps1_dr2
132950803778333744,80.37780951288,20.79432429262,13.4206,II/389/ps1_dr2
133000803675921230,80.36758471039,20.83389243418,14.7735,II/389/ps1_dr2
132940805341351357,80.53412544516,20.78399520252,13.291,II/389/ps1_dr2
132940804717043455,80.47174681,20.78585801,12.743,II/389/ps1_dr2
132980804740984584,80.47401244,20.81989878,12.899,II/389/ps1_dr2
133010804936616622,80.49364681,20.84672238,11.656,II/389/ps1_dr2
133010804938156985,80.49388292,20.84691532,12.9855,II/389/ps1_dr2
133010805067094126,80.50669833764,20.84464344993,14.9763,II/389/ps1_dr2
133010804932406586,80.49324331,20.84673239,14.8442,II/389/ps1_dr2
133030804674212332,80.4674117787,20.85981110228,13.8916,II/389/ps1_dr2
133070805108321595,80.51082099591,20.89253794388,12.772,II/389/ps1_dr2
133030805927361756,80.5927307587,20.85933423361,14.6645,II/389/ps1_dr2
133030805623981136,80.56239515504,20.85882203789,14.2392,II/389/ps1_dr2
133100806656670429,80.66564701,20.9165224,9.659,II/389/ps1_dr2
133090805265230643,80.5265040934,20.90838375606,13.3328,II/389/ps1_dr2
133120805442682212,80.54427752,20.93477877,9.862,II/389/ps1_dr2
133120805437602062,80.54391048,20.93457176,10.9438,II/389/ps1_dr2
133140805996416161,80.59963699771,20.95468264734,14.3935,II/389/ps1_dr2
133000804177699672,80.41775756753,20.84092928711,14.2014,II/389/ps1_dr2
133030804582065809,80.45822266781,20.86270550902,14.8822,II/389/ps1_dr2
133050804292019080,80.4291344724,20.88202703946,13.3356,II/389/ps1_dr2
133070804591394645,80.45913154044,20.89508058201,13.21,II/389/ps1_dr2
133120804625641305,80.46241238,20.9338135,8.9963,II/389/ps1_dr2
133120804620930830,80.46213532,20.9336141,11.3206,II/389/ps1_dr2
133080803684744999,80.36845196969,20.90370492046,14.0307,II/389/ps1_dr2
133120804533278950,80.45333587447,20.94033238424,14.5353,II/389/ps1_dr2
133130804049209049,80.40490650511,20.948748994,14.215,II/389/ps1_dr2
133110804814888544,80.48145506,20.93171293,12.399,II/389/ps1_dr2
133150804996621180,80.49959858974,20.95889744068,14.9957,II/389/ps1_dr2
133190805365565238,80.53651756439,20.9956299115,14.5109,II/389/ps1_dr2
133160804572956195,80.45720284,20.97144395,11.543,II/389/ps1_dr2
133200804629218654,80.46289106823,21.00680194801,14.3002,II/389/ps1_dr2
133210804713037902,80.47126728079,21.01451314452,14.9799,II/389/ps1_dr2
133180805057556584,80.50572353154,20.98842238511,14.933,II/389/ps1_dr2
133190805120025012,80.51193250206,20.99543177747,13.8688,II/389/ps1_dr2
133210805106991509,80.51066699441,21.00918197237,14.9375,II/389/ps1_dr2
133210804917380634,80.4916942494,21.00845716965,13.487,II/389/ps1_dr2
132980808602691995,80.86038104073,20.81787287977,13.201,II/389/ps1_dr2
132970808987758513,80.89882133996,20.81494964503,14.6705,II/389/ps1_dr2
132970809207422687,80.92078977191,20.81010012702,14.6025,II/389/ps1_dr2
133000808802934520,80.88036767276,20.8366391696,13.47,II/389/ps1_dr2
132960808237325288,80.82379928659,20.8039313832,14.1636,II/389/ps1_dr2
132980807839425414,80.78407386,20.82085494,12.9514,II/389/ps1_dr2
132980807841955592,80.78411911116,20.82099551345,12.9844,II/389/ps1_dr2
133020809612980935,80.96135188605,20.85032112869,13.8833,II/389/ps1_dr2
133070809465625767,80.94658990991,20.89600975356,14.6635,II/389/ps1_dr2
133050809397937498,80.93982729038,20.88078435537,14.5491,II/389/ps1_dr2
133100809681703693,80.96820758109,20.91928060457,14.7519,II/389/ps1_dr2
133080809103517065,80.91038656895,20.9054259667,14.6643,II/389/ps1_dr2
133150809471752501,80.94714753841,20.96000837707,14.7527,II/389/ps1_dr2
133150809392052677,80.93929737,20.96012001,13.149,II/389/ps1_dr2
133150809432949430,80.94332252196,20.96573736487,14.7848,II/389/ps1_dr2
133020807916394382,80.79171636469,20.85323672194,14.7196,II/389/ps1_dr2
133050807887570061,80.78876731278,20.87460657461,14.9212,II/389/ps1_dr2
133060807816573323,80.78168454756,20.88563136324,14.4014,II/389/ps1_dr2
133040808108436707,80.81084995361,20.87183030681,13.8969,II/389/ps1_dr2
133090808108350725,80.81085771888,20.90848157909,13.924,II/389/ps1_dr2
133110807813937672,80.78141509706,20.93095595537,14.3695,II/389/ps1_dr2
133160807712770804,80.77129320473,20.96688118023,13.2094,II/389/ps1_dr2
133130808875295818,80.88754845154,20.94605714632,12.541,II/389/ps1_dr2
133190808914296371,80.89145416978,20.99650922004,14.9693,II/389/ps1_dr2
133130808162074071,80.81622418537,20.94461247888,14.2177,II/389/ps1_dr2
133130808159504295,80.81618776453,20.9446329607,14.1956,II/389/ps1_dr2
133160808246043895,80.82461854559,20.96944849111,13.2507,II/389/ps1_dr2
133180807981411893,80.7981494322,20.98445073965,13.1832,II/389/ps1_dr2
133210808142099680,80.81422765942,21.01594111065,13.8171,II/389/ps1_dr2
133190808272805736,80.82729551372,20.99598067306,14.6343,II/389/ps1_dr2
133110810377155769,81.03772996905,20.929350825,14.156,II/389/ps1_dr2
133110810383254500,81.03835279525,20.92830251034,14.9938,II/389/ps1_dr2
133140810578343174,81.05789249718,20.9522105156,14.0728,II/389/ps1_dr2
133120810423349731,81.04236559203,20.94100601925,14.2182,II/389/ps1_dr2
133140810718068913,81.07183770038,20.95698402887,14.5265,II/389/ps1_dr2
133160810638950565,81.06391289019,20.96669236677,14.6454,II/389/ps1_dr2
133140809846265132,80.98467435482,20.95383918432,13.8801,II/389/ps1_dr2
133140809813194352,80.98147447039,20.9532239316,13.368,II/389/ps1_dr2
133150809946658925,80.99469918801,20.96531841622,12.588,II/389/ps1_dr2
133180810302702275,81.03031614795,20.98482540012,14.0961,II/389/ps1_dr2
133220810594130043,81.05941185411,21.01625985974,14.561,II/389/ps1_dr2
133210810505461835,81.05054455226,21.00942761469,12.336,II/389/ps1_dr2
133210810493243412,81.04963491,21.01079476,9.0894,II/389/ps1_dr2
133210810500353589,81.0497512,21.01097634,12.7704,II/389/ps1_dr2
133210810490332237,81.04912442,21.01005789,12.6722,II/389/ps1_dr2
133210810272898985,81.02733575493,21.01543492108,14.5296,II/389/ps1_dr2
133190811388079453,81.13884460128,20.99909653736,14.0226,II/389/ps1_dr2
133260811557936238,81.1558088817,21.05473285274,14.9964,II/389/ps1_dr2
133230810756895714,81.07570061061,21.02933064059,14.6122,II/389/ps1_dr2
133310810931784866,81.09320281259,21.09530209862,14.2652,II/389/ps1_dr2
133220809568773270,80.95690494,21.0189418,13.8294,II/389/ps1_dr2
133290809722317194,80.97225550972,21.08053901132,14.0511,II/389/ps1_dr2
133340809573270302,80.95735153109,21.11646221335,14.8338,II/389/ps1_dr2
133290810422128716,81.04221998943,21.0818190496,14.7218,II/389/ps1_dr2
133350810801063991,81.08011102162,21.12788192151,14.4385,II/389/ps1_dr2
133130806969471889,80.69695007164,20.94277987161,13.8553,II/389/ps1_dr2
133170806591138269,80.65911099556,20.98144234455,14.8893,II/389/ps1_dr2
133240806659840949,80.66597139449,21.03372543304,14.3636,II/389/ps1_dr2
133240807406394179,80.74059986013,21.03635344052,14.1559,II/389/ps1_dr2
133270807077154440,80.70771982,21.06155364,12.564,II/389/ps1_dr2
133300807162235086,80.71623059284,21.08713246522,14.4331,II/389/ps1_dr2
133300807888651516,80.78885244249,21.08419521251,14.262,II/389/ps1_dr2
133310807782138439,80.77817309268,21.09828099239,12.96,II/389/ps1_dr2
133300807878617724,80.78785416427,21.08936357207,14.6633,II/389/ps1_dr2
133220806392926892,80.63930583753,21.02196330911,14.4449,II/389/ps1_dr2
133260805969936648,80.59696092556,21.05513255027,14.7956,II/389/ps1_dr2
133250805982758958,80.59824959781,21.04872766692,14.4604,II/389/ps1_dr2
133270806591135139,80.65909133891,21.06223040805,14.4003,II/389/ps1_dr2
133270806809746880,80.68095268329,21.06367568231,14.1518,II/389/ps1_dr2
133300806378763529,80.63785105963,21.08589018284,14.8519,II/389/ps1_dr2
133250805713789773,80.57134740848,21.04941240773,14.5449,II/389/ps1_dr2
133340806127300239,80.61269118359,21.11645244016,11.487,II/389/ps1_dr2
133340806808000543,80.68078120723,21.11672896549,13.5272,II/389/ps1_dr2
133330807199733111,80.71995079191,21.11053024596,14.8779,II/389/ps1_dr2
133360807524141499,80.75245802,21.13416534,12.3812,II/389/ps1_dr2
133360807526292223,80.75271283,21.13470419,11.47,II/389/ps1_dr2
133360807252088712,80.72519217896,21.14018960358,14.5442,II/389/ps1_dr2
133360806358091968,80.63577686779,21.13458966179,14.4973,II/389/ps1_dr2
133390806722919374,80.67227226019,21.16574555264,14.9192,II/389/ps1_dr2
133300808301266818,80.83014506874,21.08855653795,14.238,II/389/ps1_dr2
133320808347132961,80.83471246614,21.10200395289,14.3877,II/389/ps1_dr2
133360808506020845,80.85060473032,21.13363013599,14.9879,II/389/ps1_dr2
133340808776696190,80.87768854414,21.12137583698,13.876,II/389/ps1_dr2
133330809020435892,80.90206898383,21.11279218934,14.6749,II/389/ps1_dr2
133350809054874080,80.905516274,21.1279483717,14.3711,II/389/ps1_dr2
133370809373062146,80.93734068613,21.14298474499,13.4268,II/389/ps1_dr2
133360808276173172,80.82760835895,21.13558704635,12.493,II/389/ps1_dr2
133370807833147810,80.78332518026,21.14773090184,13.069,II/389/ps1_dr2
133390808723069611,80.87227463,21.16597547,11.987,II/389/ps1_dr2
133420808697193410,80.86971456057,21.18577029869,12.442,II/389/ps1_dr2
133380809559310695,80.95595888147,21.15011506455,13.5916,II/389/ps1_dr2
133440809016751087,80.90171098664,21.20046626498,14.5067,II/389/ps1_dr2
133480809048601962,80.9049183424,21.23454835311,14.869,II/389/ps1_dr2
133510809615609315,80.96151476,21.26551059,12.17,II/389/ps1_dr2
133510809613368964,80.96131216,21.26538305,12.6774,II/389/ps1_dr2
133380807830977906,80.78311296917,21.15617951171,14.2326,II/389/ps1_dr2
133490807370873869,80.73706405648,21.24450429816,14.0593,II/389/ps1_dr2
133500807534715492,80.7534522819,21.25417429702,13.8348,II/389/ps1_dr2
133480808734685106,80.87349127062,21.23713948847,14.8441,II/389/ps1_dr2
133530808378116306,80.83780978704,21.27984573235,13.9571,II/389/ps1_dr2
133520808667019248,80.86670361895,21.27396706711,13.6949,II/389/ps1_dr2
133540809026900629,80.90269419683,21.28343307061,14.8871,II/389/ps1_dr2
133570809208337109,80.92084866035,21.3138042556,14.8568,II/389/ps1_dr2
133590808166481805,80.81663536776,21.3260938454,13.7149,II/389/ps1_dr2
133640808624497005,80.86245903506,21.37207167826,13.6416,II/389/ps1_dr2
133010815101842987,81.51018822564,20.84370659761,14.2303,II/389/ps1_dr2
133010815558074384,81.55585143787,20.84481385102,14.4724,II/389/ps1_dr2
133040815798143421,81.57983477703,20.86899936753,14.7507,II/389/ps1_dr2
133010816661394355,81.66617293898,20.84476000241,14.2072,II/389/ps1_dr2
133020816651389699,81.66517216983,20.85755602257,13.8257,II/389/ps1_dr2
133030816324235962,81.63244340773,20.8627732955,13.8845,II/389/ps1_dr2
133050816560877807,81.65611704787,20.88097087216,13.6843,II/389/ps1_dr2
133060816548092919,81.65484577158,20.88523794674,13.333,II/389/ps1_dr2
133090816936184665,81.69364623829,20.91169334558,14.8315,II/389/ps1_dr2
133090816979423547,81.69797487521,20.91075279056,14.4393,II/389/ps1_dr2
133050815998657497,81.59988816249,20.88073981392,14.7986,II/389/ps1_dr2
133040816037781229,81.60380120991,20.86717799815,14.7566,II/389/ps1_dr2
133130816542973966,81.65447171711,20.94448484517,12.979,II/389/ps1_dr2
133070815437970765,81.54389577231,20.89182036444,13.041,II/389/ps1_dr2
133080814585587575,81.45860283148,20.90587868521,14.3023,II/389/ps1_dr2
133130815355132433,81.53555715166,20.943181627,14.3064,II/389/ps1_dr2
133120815498605606,81.5498917002,20.93749343914,14.7821,II/389/ps1_dr2
133170815658643480,81.5658913389,20.97738083446,14.4732,II/389/ps1_dr2
133170816305274358,81.63058601821,20.97811312975,13.6298,II/389/ps1_dr2
133180816187815857,81.61882318826,20.98766603223,13.7963,II/389/ps1_dr2
133230815660337369,81.56606723791,21.03062743247,14.6923,II/389/ps1_dr2
133140817176167985,81.71765128038,20.95612174158,14.4019,II/389/ps1_dr2
133150817291638747,81.72920718507,20.96508124578,14.9117,II/389/ps1_dr2
133150817412031149,81.74120965371,20.9588105123,14.8418,II/389/ps1_dr2
133200817857827408,81.78584925695,21.00563911108,11.913,II/389/ps1_dr2
133220817322915992,81.73233296266,21.02112220588,14.8624,II/389/ps1_dr2
133210818067568188,81.80682018724,21.01462397853,14.6656,II/389/ps1_dr2
133230818647484320,81.86475375405,21.02813012051,13.6497,II/389/ps1_dr2
133290818942280127,81.89424800039,21.07458011875,14.8566,II/389/ps1_dr2
133280818980576754,81.89811834742,21.07178799337,13.9224,II/389/ps1_dr2
133290818501360650,81.8501352291,21.07507668639,14.9616,II/389/ps1_dr2
133290818653635283,81.8653871639,21.07889291212,14.9791,II/389/ps1_dr2
133320817988269904,81.79888336501,21.10770966115,14.5151,II/389/ps1_dr2
133330818042532358,81.80430421564,21.10976038365,14.366,II/389/ps1_dr2
133190816563911514,81.65645897019,20.9924072818,13.9831,II/389/ps1_dr2
133260816931462921,81.69318273933,21.05189764216,14.9042,II/389/ps1_dr2
133260816638650613,81.66389818577,21.0499754116,14.9315,II/389/ps1_dr2
133280815859076437,81.58602410474,21.07153261159,14.3186,II/389/ps1_dr2
133310816044494714,81.60448290808,21.09507092305,14.9822,II/389/ps1_dr2
133330817201809465,81.7202874473,21.11569823854,13.9641,II/389/ps1_dr2
133330817826112849,81.78272205186,21.11018984726,12.755,II/389/ps1_dr2
133360818084611066,81.80846511316,21.1337514558,13.9353,II/389/ps1_dr2
133360818132574338,81.81328071668,21.13650256694,14.6945,II/389/ps1_dr2
133350817682836023,81.76835008263,21.12945157115,14.5898,II/389/ps1_dr2
133400817792544761,81.77929764072,21.17010427301,13.335,II/389/ps1_dr2
133330816881184504,81.68819343819,21.11156005662,13.7545,II/389/ps1_dr2
133360816857258145,81.68574675228,21.13955777174,12.498,II/389/ps1_dr2
133420817558203194,81.75590633839,21.1855028381,13.185,II/389/ps1_dr2
133400817604812864,81.76057054539,21.16854709728,14.272,II/389/ps1_dr2
133400817209786459,81.72102215565,21.1715181728,14.8872,II/389/ps1_dr2
133130813781762168,81.37818345121,20.94302155481,14.8193,II/389/ps1_dr2
133140813627755510,81.36281210627,20.95415826715,14.3119,II/389/ps1_dr2
133140814339542657,81.43401249852,20.95177931276,14.0755,II/389/ps1_dr2
133170814366809474,81.43668079336,20.98244219403,14.64,II/389/ps1_dr2
133160813637201767,81.36378357406,20.96769146849,13.022,II/389/ps1_dr2
133190813393344212,81.33934051611,20.99473286588,14.3771,II/389/ps1_dr2
133190813393394215,81.33937043314,20.99474426012,14.3933,II/389/ps1_dr2
133200813783444685,81.3783449997,21.00345626683,14.9929,II/389/ps1_dr2
133200814729634152,81.47300206008,21.002968649,14.8219,II/389/ps1_dr2
133240814864199565,81.48645066896,21.0407953415,13.9026,II/389/ps1_dr2
133260815214922961,81.52151914725,21.05195537197,13.8907,II/389/ps1_dr2
133250814975684636,81.49760880732,21.04501918241,14.7339,II/389/ps1_dr2
133290815204718081,81.52053921999,21.08123057152,13.8804,II/389/ps1_dr2
133320815127841996,81.51295711075,21.1012178175,12.512,II/389/ps1_dr2
133320815147404623,81.51478414502,21.103347876,13.7624,II/389/ps1_dr2
133350814661349819,81.46601453,21.13263068,13.9154,II/389/ps1_dr2
133210812687885420,81.26879813183,21.01238578681,13.8056,II/389/ps1_dr2
133280813625832969,81.36269415537,21.06869581338,13.5049,II/389/ps1_dr2
133270812737297696,81.27376230384,21.06429522641,14.7323,II/389/ps1_dr2
133270812872718067,81.28728569514,21.06458775013,13.9537,II/389/ps1_dr2
133300813920777819,81.39207960708,21.08938335535,13.6073,II/389/ps1_dr2
133330814052146140,81.40521814743,21.11298900876,14.8456,II/389/ps1_dr2
133350814575152057,81.45750563502,21.1262615312,14.9213,II/389/ps1_dr2
133390813409941637,81.34097095445,21.1592477674,13.4328,II/389/ps1_dr2
133410814212932291,81.42132823997,21.17638966286,14.3821,II/389/ps1_dr2
133410813674936790,81.3676122,21.18008271,14.5228,II/389/ps1_dr2
133410813684696340,81.36844536,21.17982567,14.5037,II/389/ps1_dr2
133410813679346500,81.368081,21.180094,10.564,II/389/ps1_dr2
133410813681996913,81.36807938,21.18006173,10.7599,II/389/ps1_dr2
133300815605124618,81.56055322682,21.08665848396,13.8569,II/389/ps1_dr2
133300815826744440,81.5827191801,21.08651948731,14.271,II/389/ps1_dr2
133360816284832343,81.62855998002,21.13476715864,13.152,II/389/ps1_dr2
133410816056556407,81.6056863394,21.17983045888,14.932,II/389/ps1_dr2
133370815048642758,81.50493920419,21.14346749763,13.9583,II/389/ps1_dr2
133380815003909905,81.50045831064,21.15775327222,13.6623,II/389/ps1_dr2
133380815493538365,81.54946392344,21.15648550555,12.645,II/389/ps1_dr2
133420815442904698,81.54433020569,21.18673247957,14.8168,II/389/ps1_dr2
133410816822577881,81.68231125368,21.18105173516,13.9058,II/389/ps1_dr2
133420816201001512,81.620145045,21.18407929229,14.5681,II/389/ps1_dr2
133430816363586756,81.63640166415,21.19677844123,14.8409,II/389/ps1_dr2
133440816647739115,81.66486749924,21.20711956668,12.897,II/389/ps1_dr2
133430816929472704,81.69301666675,21.19337287008,13.9687,II/389/ps1_dr2
133430817021605314,81.70213257,21.19573998,14.6298,II/389/ps1_dr2
133430817037835423,81.70371126,21.19561726,14.5555,II/389/ps1_dr2
133430817029495141,81.703003,21.195618,10.154,II/389/ps1_dr2
133430817032345275,81.70307622,21.19571641,10.0469,II/389/ps1_dr2
133450816171978220,81.61724981474,21.2146680484,14.7787,II/389/ps1_dr2
133470815724071878,81.57243966409,21.22598774954,11.758,II/389/ps1_dr2
133460815986696054,81.59869921137,21.22116262574,13.392,II/389/ps1_dr2
133520816319784091,81.63199743814,21.26961318165,14.8178,II/389/ps1_dr2
133500816380716584,81.63812125071,21.25497939937,14.3156,II/389/ps1_dr2
133530816719568563,81.67197007231,21.2816636216,14.8219,II/389/ps1_dr2
133410814762144577,81.47624142,21.17828527,12.765,II/389/ps1_dr2
133460814832295545,81.48326151842,21.22078029734,14.5413,II/389/ps1_dr2
133470815106847005,81.51035548,21.2303462,10.6064,II/389/ps1_dr2
133470815105417436,81.51062799,21.23055468,10.581,II/389/ps1_dr2
133490815404360773,81.54048571487,21.24181459624,13.8999,II/389/ps1_dr2
133520814897256136,81.48973765772,21.27130894436,14.5403,II/389/ps1_dr2
133520814751937725,81.47518754123,21.27266499637,14.7607,II/389/ps1_dr2
133510815914222249,81.59144153033,21.25974914818,14.7862,II/389/ps1_dr2
133500815898874109,81.58992075644,21.25294172676,14.4661,II/389/ps1_dr2
133530815813137360,81.58133009623,21.28068264356,14.7754,II/389/ps1_dr2
133560816400500162,81.64007645,21.29964419,12.583,II/389/ps1_dr2
133560816444481600,81.64452288601,21.30086366345,14.0354,II/389/ps1_dr2
133560816026662918,81.60270141679,21.30192174314,13.451,II/389/ps1_dr2
133550815860243116,81.58606079748,21.29377251017,13.4959,II/389/ps1_dr2
133600815623110425,81.56232994677,21.33322696674,13.494,II/389/ps1_dr2
133630815526289700,81.55257670049,21.36587993891,13.005,II/389/ps1_dr2
133620815711545742,81.57117170802,21.3543233266,14.7176,II/389/ps1_dr2
133300819214007895,81.92153403,21.08930763,12.524,II/389/ps1_dr2
133310819122463286,81.91244219929,21.09386200846,13.3677,II/389/ps1_dr2
133300819138122281,81.91387545527,21.08470362474,14.4041,II/389/ps1_dr2
133330818854463233,81.88544514,21.1106381,13.158,II/389/ps1_dr2
133330818854933652,81.88554149,21.11085156,11.432,II/389/ps1_dr2
133320819555197451,81.95558810985,21.10569546668,13.798,II/389/ps1_dr2
133360819742464835,81.9743231418,21.13682597654,12.774,II/389/ps1_dr2
133370819522711710,81.95231312331,21.14257802247,14.1532,II/389/ps1_dr2
133410819563205486,81.95632856185,21.17906662829,14.5613,II/389/ps1_dr2
133380819161546575,81.91617232684,21.15496309881,14.8434,II/389/ps1_dr2
133420819248175505,81.92476045081,21.18728482326,12.767,II/389/ps1_dr2
133420819300019182,81.93002699949,21.19047767085,14.9249,II/389/ps1_dr2
133440819158174072,81.91584664711,21.20287954254,14.78,II/389/ps1_dr2
133390820112267378,82.01129875365,21.16395683445,13.8304,II/389/ps1_dr2
133410820185822827,82.01860570593,21.17684092345,14.7518,II/389/ps1_dr2
133390819789157581,81.97886092,21.16417627,13.01,II/389/ps1_dr2
133490820529464041,82.05300058441,21.2445269673,12.991,II/389/ps1_dr2
133480819393693151,81.9393803845,21.23543475496,14.4421,II/389/ps1_dr2
133490819711564342,81.97118391197,21.24476782106,14.4236,II/389/ps1_dr2
133480820055801424,82.00560501178,21.23400888717,14.7093,II/389/ps1_dr2
133500820362436361,82.03626539839,21.25478081653,14.8291,II/389/ps1_dr2
133510820075485135,82.0075709267,21.26209860052,14.4884,II/389/ps1_dr2
133540819922507430,81.99227444012,21.28900915164,14.6947,II/389/ps1_dr2
133550820027062905,82.00284734837,21.29355188094,12.706,II/389/ps1_dr2
133410818046648176,81.80470603505,21.18130610612,14.6629,II/389/ps1_dr2
133410818046658175,81.80470106557,21.18130785187,14.6613,II/389/ps1_dr2
133510818707300561,81.8707664588,21.25829092126,14.7831,II/389/ps1_dr2
133470817581916652,81.75819959176,21.23007598821,14.8213,II/389/ps1_dr2
133450817672830499,81.76711715,21.2082106,14.701,II/389/ps1_dr2
133440817668389923,81.76681333764,21.20791642743,11.678,II/389/ps1_dr2
133460817588280789,81.75883844007,21.21685411522,14.1907,II/389/ps1_dr2
133490818031597501,81.80319854315,21.24740862935,14.6979,II/389/ps1_dr2
133510818899840800,81.89001504348,21.25848221795,14.6966,II/389/ps1_dr2
133550819777132140,81.97776522496,21.29293240581,14.2581,II/389/ps1_dr2
133580819783773570,81.97834823,21.31903815,12.737,II/389/ps1_dr2
133570819719419621,81.97201116017,21.31583340809,13.6299,II/389/ps1_dr2
133520818812168372,81.88135796167,21.27310652265,13.029,II/389/ps1_dr2
133550818816082696,81.88182351,21.29336443,13.6171,II/389/ps1_dr2
133550818813462418,81.88134258,21.29320471,11.019,II/389/ps1_dr2
133550818591062789,81.85911114509,21.29352695703,12.7316,II/389/ps1_dr2
133600819488537398,81.9488788739,21.33898977473,14.3643,II/389/ps1_dr2
133490821097902950,82.10982153361,21.24362228085,14.522,II/389/ps1_dr2
133510821072741562,82.10730071269,21.25913473119,14.6958,II/389/ps1_dr2
133510821247598569,82.12500888368,21.26515341137,14.3669,II/389/ps1_dr2
133510821249898790,82.12501210874,21.26515609801,14.3609,II/389/ps1_dr2
133500821061816887,82.10625333885,21.25522359074,13.6834,II/389/ps1_dr2
133530820685825867,82.06869264908,21.27936644811,13.7267,II/389/ps1_dr2
133530821038488449,82.10386408423,21.28153387512,14.8974,II/389/ps1_dr2
133540820467111090,82.04676014939,21.28372289614,14.1933,II/389/ps1_dr2
133540820491879916,82.0492163443,21.29107453711,14.5194,II/389/ps1_dr2
133570820277112933,82.0279317,21.31050595,11.8642,II/389/ps1_dr2
133570820281803406,82.02796366,21.31061458,11.7778,II/389/ps1_dr2
133600821245365349,82.12452170492,21.33730463168,13.064,II/389/ps1_dr2
133620820611990841,82.06120497776,21.35015591324,12.6878,II/389/ps1_dr2
133610820719572465,82.07201832944,21.34321023941,13.361,II/389/ps1_dr2
133620820933426294,82.09333658316,21.35478477515,14.8948,II/389/ps1_dr2
133630821012257692,82.10110032,21.36439218,11.2567,II/389/ps1_dr2
133630821012728093,82.10128303,21.36459089,11.199,II/389/ps1_dr2
133620821989215569,82.19890570351,21.35414969673,14.5136,II/389/ps1_dr2
133620821498820423,82.14983806434,21.34981815238,14.3963,II/389/ps1_dr2
133600821536275191,82.15370325,21.33736055,13.2056,II/389/ps1_dr2
133600821539145092,82.15389435169,21.33706460313,13.121,II/389/ps1_dr2
133620822151465896,82.21517181134,21.35438464919,14.8515,II/389/ps1_dr2
133680822082430466,82.20828998365,21.39986340637,13.7709,II/389/ps1_dr2
133680822374782584,82.23753332602,21.40162403207,12.715,II/389/ps1_dr2
133650821357576310,82.1357812815,21.37974568672,14.3443,II/389/ps1_dr2
133620821227963493,82.12278591166,21.35241231875,13.352,II/389/ps1_dr2
133650821420515523,82.14206743239,21.37908758859,14.4692,II/389/ps1_dr2
133680821621212129,82.16213021227,21.40121866551,13.6874,II/389/ps1_dr2
133590819900100592,81.99009682197,21.32497086703,13.7961,II/389/ps1_dr2
133600819854450770,81.98549738634,21.33345875109,14.0597,II/389/ps1_dr2
133640820566299357,82.05662338797,21.37397925566,14.9591,II/389/ps1_dr2
133620819424659254,81.94249625,21.35720543,12.229,II/389/ps1_dr2
133700820008906638,82.00079691,21.42166138,9.753,II/389/ps1_dr2
133700820012036862,82.00099961,21.42186402,11.4595,II/389/ps1_dr2
133690819830205929,81.98303332623,21.41276101229,14.9579,II/389/ps1_dr2
133730819956691120,81.99565245454,21.44213690574,14.4588,II/389/ps1_dr2
133700821218194682,82.12150615,21.4200273,12.4097,II/389/ps1_dr2
133700820882997851,82.08829252599,21.42272497669,14.6076,II/389/ps1_dr2
133710820664644793,82.06651302901,21.42853560662,13.963,II/389/ps1_dr2
133730820801543483,82.08011659,21.4440905,13.722,II/389/ps1_dr2
133730820807233126,82.08073389,21.44380191,9.1098,II/389/ps1_dr2
133730820813772524,82.08134714,21.44321572,13.4113,II/389/ps1_dr2
133720820961581188,82.09615032807,21.43385239847,14.8972,II/389/ps1_dr2
133730820815153074,82.08157142,21.44379533,13.7645,II/389/ps1_dr2
133730820817622446,82.08174407,21.44318456,13.9194,II/389/ps1_dr2
133720820755745169,82.07559580997,21.43709401218,12.744,II/389/ps1_dr2
133730820811092705,82.08128258,21.44345415,11.8061,II/389/ps1_dr2
133730820798702146,82.07986102,21.44298488,14.5443,II/389/ps1_dr2
133720821035169978,82.10352281753,21.4411540812,14.6552,II/389/ps1_dr2
133720821390829396,82.13908376523,21.44066332208,14.9264,II/389/ps1_dr2
133730821582609229,82.15829471929,21.44886431292,12.967,II/389/ps1_dr2
133730821542549259,82.15425761139,21.44888620205,14.9308,II/389/ps1_dr2
133740820158041623,82.01578013157,21.45081446344,14.1762,II/389/ps1_dr2
133760820125424944,82.01256139422,21.47027002673,14.5501,II/389/ps1_dr2
133790821293728468,82.12938315768,21.49821866196,13.7953,II/389/ps1_dr2
133800821137618575,82.11376291357,21.50669177919,14.852,II/389/ps1_dr2
133790821262308064,82.12625220482,21.49786562813,12.852,II/389/ps1_dr2
133810820951247369,82.09512312715,21.51401848869,13.079,II/389/ps1_dr2
133500817502058959,81.75021948754,21.25699771897,14.4499,II/389/ps1_dr2
133510817487877688,81.74880109592,21.26425494995,13.008,II/389/ps1_dr2
133530817367765360,81.73682146194,21.27897621558,14.387,II/389/ps1_dr2
133520817803574650,81.78041571811,21.26998948268,14.648,II/389/ps1_dr2
133560818080889419,81.80814593346,21.30732742755,14.6896,II/389/ps1_dr2
133580817869928635,81.78703657522,21.32332796446,14.3537,II/389/ps1_dr2
133560816528390345,81.65286871626,21.29980062794,14.9121,II/389/ps1_dr2
133540816774529510,81.67751555802,21.29072515446,12.711,II/389/ps1_dr2
133650817425882080,81.74262326313,21.37628019569,14.2176,II/389/ps1_dr2
133610818671450445,81.86718486185,21.34152238045,14.1598,II/389/ps1_dr2
133630818114337494,81.81145955575,21.36411236534,13.5938,II/389/ps1_dr2
133640818787918063,81.87878951658,21.37292436937,13.8852,II/389/ps1_dr2
133650818882920398,81.88830133922,21.37486527018,14.2493,II/389/ps1_dr2
133660818930200488,81.89301284221,21.38326657502,14.1969,II/389/ps1_dr2
133650818600687994,81.86007448691,21.38119675668,14.8764,II/389/ps1_dr2
133690818674702990,81.8674233,21.41026807,12.6095,II/389/ps1_dr2
133690818676503390,81.86750124,21.41068627,11.644,II/389/ps1_dr2
133660818026955351,81.80270792188,21.38732633787,13.6222,II/389/ps1_dr2
133640818119946168,81.81200671932,21.37133314175,14.2758,II/389/ps1_dr2
133650817595956892,81.75962038016,21.38028026799,14.8249,II/389/ps1_dr2
133660817848919334,81.78490425222,21.39065409516,14.9125,II/389/ps1_dr2
133670817884642818,81.78847400887,21.39355547721,14.9036,II/389/ps1_dr2
133680817820320943,81.78203373,21.40032877,12.3301,II/389/ps1_dr2
133710818367977166,81.83678852807,21.4305175477,14.6873,II/389/ps1_dr2
133710818365875948,81.83658160728,21.42947918976,14.7005,II/389/ps1_dr2
133600816515729322,81.65158742287,21.34061530874,12.034,II/389/ps1_dr2
133590816635721127,81.66359175052,21.32545743176,12.991,II/389/ps1_dr2
133610816684063908,81.66843756101,21.34444450085,13.9212,II/389/ps1_dr2
133680817030416130,81.70307789319,21.40464919548,13.6177,II/389/ps1_dr2
133640816222674213,81.62229169705,21.36972802817,14.7124,II/389/ps1_dr2
133730817487703963,81.74879170858,21.44451873924,14.7823,II/389/ps1_dr2
133740818098203236,81.80984813257,21.45223313141,13.7878,II/389/ps1_dr2
133770817498563729,81.749888673,21.47765770432,14.3713,II/389/ps1_dr2
133690819360515563,81.93604486607,21.41249373726,14.1308,II/389/ps1_dr2
133710819098121517,81.90980444547,21.42578432704,14.7202,II/389/ps1_dr2
133720818996586443,81.89965468472,21.43820597699,14.563,II/389/ps1_dr2
133730819453515201,81.94533679974,21.44551757131,14.7129,II/389/ps1_dr2
133730819540063344,81.95403736468,21.44392145172,14.101,II/389/ps1_dr2
133730819534192090,81.9534221882,21.44297121719,14.359,II/389/ps1_dr2
133730819746483512,81.97468819,21.44431142,13.7457,II/389/ps1_dr2
133730819760085830,81.97575053,21.44618064,14.7067,II/389/ps1_dr2
133730819775046025,81.97735122,21.44625317,13.0882,II/389/ps1_dr2
133730819766365841,81.97680619,21.44617438,9.178,II/389/ps1_dr2
133730819769755699,81.97706413,21.44584219,9.5014,II/389/ps1_dr2
133730819764776502,81.97638203,21.4466151,12.8714,II/389/ps1_dr2
133730819764226129,81.97617818,21.44631567,14.2006,II/389/ps1_dr2
133760819508213599,81.95125049776,21.46914344048,13.6838,II/389/ps1_dr2
133760819512793497,81.95126987786,21.46908888155,13.6691,II/389/ps1_dr2
133770819408698570,81.94085590282,21.48165313051,14.9081,II/389/ps1_dr2
133750819107704343,81.9107622001,21.46149989038,13.493,II/389/ps1_dr2
133770818560348660,81.85601972,21.48175569,9.545,II/389/ps1_dr2
133770818553416271,81.85532742191,21.47977450708,13.7047,II/389/ps1_dr2
133770818561519028,81.8561302,21.48189626,10.4305,II/389/ps1_dr2
133810818876036576,81.88764186991,21.51335130299,11.901,II/389/ps1_dr2
133830819090636637,81.90910505442,21.53006214667,14.6298,II/389/ps1_dr2
133780819893135746,81.98917408,21.48763925,13.2249,II/389/ps1_dr2
133770820073377281,82.00732217101,21.48058693287,14.5041,II/389/ps1_dr2
133780819895635980,81.98954912626,21.48779182707,11.468,II/389/ps1_dr2
133800820053064093,82.005335175,21.50293981939,14.9832,II/389/ps1_dr2
133800820406632731,82.04068496125,21.50180910958,13.9392,II/389/ps1_dr2
133820820248746144,82.02495624075,21.52130178582,11.666,II/389/ps1_dr2
133820820365039215,82.03655823354,21.52387216874,14.6027,II/389/ps1_dr2
133820820605467501,82.06055213657,21.52247740697,14.6963,II/389/ps1_dr2
133830820432560140,82.04330743226,21.52464604812,13.7935,II/389/ps1_dr2
133850820522126091,82.05227516729,21.5462523267,13.551,II/389/ps1_dr2
133870820422967326,82.04231128125,21.5639846959,14.7378,II/389/ps1_dr2
133860819862281761,81.98622960705,21.5510181143,14.3243,II/389/ps1_dr2
133870820080605369,82.00822983019,21.5623970972,13.5113,II/389/ps1_dr2
133890820137792594,82.01371024,21.57673422,14.099,II/389/ps1_dr2
133890820323861557,82.03240880581,21.5758417015,14.1142,II/389/ps1_dr2
133890820136072885,82.01367997663,21.57692356995,14.0773,II/389/ps1_dr2
133910820343951153,82.03435260787,21.59212457395,12.979,II/389/ps1_dr2
133900819783683048,81.97837664,21.5854513,14.1701,II/389/ps1_dr2
133900819784413379,81.97850938298,21.58566181581,12.329,II/389/ps1_dr2
133810817954043650,81.79542835087,21.51092348623,14.6551,II/389/ps1_dr2
133840818541511376,81.85417315348,21.53401969389,14.3995,II/389/ps1_dr2
133870818107545832,81.81081781268,21.56272295918,13.9407,II/389/ps1_dr2
133900818424568298,81.84247691248,21.58979781186,12.515,II/389/ps1_dr2
133890818105306035,81.81055740849,21.57957525175,14.1549,II/389/ps1_dr2
133860819228661118,81.92286978287,21.55047563142,14.9784,II/389/ps1_dr2
133900819151932656,81.91519476413,21.58509415419,13.9791,II/389/ps1_dr2
133930819538951826,81.95393016738,21.60937654121,14.0551,II/389/ps1_dr2
133920819727072113,81.97275327381,21.60129089012,14.3492,II/389/ps1_dr2
133960819302921661,81.93029421091,21.63425842887,14.4072,II/389/ps1_dr2
133970819401304029,81.94012566364,21.6445676128,14.7913,II/389/ps1_dr2
133940818324723148,81.83248735119,21.61884282854,14.4912,II/389/ps1_dr2
133960818431683624,81.84318107196,21.63590820946,14.6435,II/389/ps1_dr2
134000819189302285,81.91897040441,21.66812071773,14.5634,II/389/ps1_dr2
134020819158653955,81.91587700493,21.68620381328,12.041,II/389/ps1_dr2
134020819148144630,81.91482835659,21.68675631197,11.359,II/389/ps1_dr2
133300812338428606,81.23385471327,21.09004931935,14.7213,II/389/ps1_dr2
133320811850751747,81.18507972611,21.100999048,14.7555,II/389/ps1_dr2
133360812182849324,81.21830314,21.14063607,12.336,II/389/ps1_dr2
133430813269235606,81.3269895,21.19575729,11.904,II/389/ps1_dr2
133470813594056380,81.35946875272,21.22977400212,12.869,II/389/ps1_dr2
133480813384620062,81.33845212575,21.23292225239,14.7982,II/389/ps1_dr2
133500813484191533,81.34841547479,21.25080655631,12.661,II/389/ps1_dr2
133430812568524232,81.25687584,21.19480963,11.1249,II/389/ps1_dr2
133430812569824578,81.25692808,21.19492799,11.038,II/389/ps1_dr2
133520812929230094,81.29288547,21.26617857,11.17,II/389/ps1_dr2
133460811942682562,81.19447940047,21.21833364465,14.3355,II/389/ps1_dr2
133470811162704247,81.11640280922,21.22793063402,12.776,II/389/ps1_dr2
133520812520464775,81.2520886,21.27024588,12.399,II/389/ps1_dr2
133540812539520613,81.25395135716,21.28338116869,14.2994,II/389/ps1_dr2
133560812758335262,81.27581754036,21.30390275641,14.3689,II/389/ps1_dr2
133570811956789237,81.19559032058,21.31551352897,13.4894,II/389/ps1_dr2
133570811513000050,81.15126204611,21.30786200127,12.897,II/389/ps1_dr2
133600811995162378,81.1995042137,21.33484889358,13.5527,II/389/ps1_dr2
133510814138196218,81.41381779188,21.26305864321,14.2793,II/389/ps1_dr2
133520813517467687,81.35174194532,21.27260560622,14.1407,II/389/ps1_dr2
133550813502820101,81.35027909434,21.29129889323,14.0421,II/389/ps1_dr2
133550813637260109,81.36371642223,21.29131456895,12.843,II/389/ps1_dr2
133620813557461849,81.35570416188,21.35104471368,13.201,II/389/ps1_dr2
133620814023608294,81.40235447212,21.35648671917,13.7088,II/389/ps1_dr2
133620813878291563,81.38782617275,21.35084375484,14.9407,II/389/ps1_dr2
133590814964494613,81.49645210482,21.32840187881,14.5561,II/389/ps1_dr2
133600814353337067,81.43533883896,21.33880765906,13.468,II/389/ps1_dr2
133640814901236390,81.49012863436,21.37154324085,14.824,II/389/ps1_dr2
133630814256137651,81.4255918698,21.36423885237,14.5462,II/389/ps1_dr2
133630814547659824,81.45478876,21.36608291,11.359,II/389/ps1_dr2
133650814009824926,81.40093789,21.37858904,11.3946,II/389/ps1_dr2
133710814625835136,81.46253946335,21.42881331519,13.8415,II/389/ps1_dr2
133610812734119588,81.27331573569,21.34915147791,12.579,II/389/ps1_dr2
133640813090303056,81.30903658298,21.36874205826,14.9082,II/389/ps1_dr2
133630813369607710,81.33695406342,21.36430261016,14.4179,II/389/ps1_dr2
133630813496375004,81.34962302065,21.3620555124,14.6779,II/389/ps1_dr2
133670812759038109,81.27589249701,21.39796523908,13.432,II/389/ps1_dr2
133710813777917914,81.37779387156,21.4311581483,14.3799,II/389/ps1_dr2
133780814422849373,81.44255963,21.49089675,12.9545,II/389/ps1_dr2
133780814425729577,81.44255625606,21.49089933726,11.569,II/389/ps1_dr2
133720813295137027,81.329362,21.43880019,11.769,II/389/ps1_dr2
133810813977050580,81.39766638835,21.5083609794,12.564,II/389/ps1_dr2
133560811042703720,81.10429020865,21.30264313645,14.5227,II/389/ps1_dr2
133550809693037922,80.96933697,21.29746367,14.3335,II/389/ps1_dr2
133570809688859702,80.96887241428,21.31595229926,13.241,II/389/ps1_dr2
133540809703924483,80.97041415093,21.286607792,14.0392,II/389/ps1_dr2
133550809693957253,80.9693815,21.29744361,12.2956,II/389/ps1_dr2
133550809695997500,80.96963709,21.29747004,11.38,II/389/ps1_dr2
133700811169294813,81.11688939083,21.42019354614,14.1717,II/389/ps1_dr2
133700811165904603,81.11689239655,21.420193679,14.0982,II/389/ps1_dr2
133630809697602895,80.969800309,21.36027646865,14.8897,II/389/ps1_dr2
133640809589587985,80.95899056785,21.37286895337,13.102,II/389/ps1_dr2
133640809596009686,80.95960585717,21.3742760907,14.123,II/389/ps1_dr2
133680809723324227,80.97234645838,21.40305491704,14.3252,II/389/ps1_dr2
133620808966178600,80.89663878127,21.35670646168,13.6326,II/389/ps1_dr2
133690810313018432,81.03122249563,21.41484904607,13.255,II/389/ps1_dr2
133690810251702338,81.0253934883,21.40964278008,13.8686,II/389/ps1_dr2
133680810542412600,81.05423907916,21.40171180683,14.0238,II/389/ps1_dr2
133760810691050337,81.06914960312,21.46649608404,14.1378,II/389/ps1_dr2
133740810453105612,81.04529118312,21.45421092225,13.9345,II/389/ps1_dr2
133800810102602766,81.01028290104,21.50184263591,14.7021,II/389/ps1_dr2
133700812233612556,81.22336753801,21.41834697431,14.8395,II/389/ps1_dr2
133730812001874098,81.20017691654,21.44462057004,13.27,II/389/ps1_dr2
133750811522667740,81.1522632991,21.46433104241,14.1225,II/389/ps1_dr2
133770812169950812,81.21700498638,21.47522752658,13.387,II/389/ps1_dr2
133820812208548738,81.22085753553,21.5235010403,14.1943,II/389/ps1_dr2
133790812978397233,81.2978374589,21.49724374455,14.078,II/389/ps1_dr2
133800813034285110,81.30342249094,21.50384844537,14.9818,II/389/ps1_dr2
133800813034354279,81.30343989875,21.5031021435,14.4513,II/389/ps1_dr2
133850812583336753,81.25832156929,21.54683117825,13.8802,II/389/ps1_dr2
133880812786290402,81.27860846238,21.5665398495,13.493,II/389/ps1_dr2
133810811701403075,81.1704384,21.51020936,9.538,II/389/ps1_dr2
133860811986960151,81.19865025,21.54966114,12.694,II/389/ps1_dr2
133900812565491683,81.25646226212,21.5842467198,13.6927,II/389/ps1_dr2
133920812706580425,81.27063577123,21.59989186453,13.237,II/389/ps1_dr2
133940811821631958,81.18225916152,21.61784463381,14.82,II/389/ps1_dr2
133970812246252131,81.22459353381,21.64302609912,13.8639,II/389/ps1_dr2
133970812019410506,81.20195676167,21.64160801738,14.9736,II/389/ps1_dr2
133990812323513202,81.2323557248,21.66055220486,14.91,II/389/ps1_dr2
133690815653152248,81.56531507954,21.40975803417,14.2464,II/389/ps1_dr2
133680815562535253,81.55626849506,21.40392139866,13.305,II/389/ps1_dr2
133690815731806091,81.5732339094,21.41308997424,13.8867,II/389/ps1_dr2
133700815860167300,81.58610180316,21.4223668169,13.173,II/389/ps1_dr2
133700815515369808,81.55153916732,21.42439750049,14.675,II/389/ps1_dr2
133710815648623933,81.564812,21.4277,12.468,II/389/ps1_dr2
133710815647913550,81.56485313,21.42759055,12.5148,II/389/ps1_dr2
133740815638237714,81.5638262739,21.45598724366,14.0593,II/389/ps1_dr2
133730816057230512,81.60575192137,21.44160375748,13.9364,II/389/ps1_dr2
133780816054324852,81.60543419793,21.48693321042,14.654,II/389/ps1_dr2
133720815134576176,81.51349472,21.43822536,12.4513,II/389/ps1_dr2
133750814817625178,81.48176467903,21.4622127997,14.5557,II/389/ps1_dr2
133750815121061204,81.51210883421,21.45889611929,13.7064,II/389/ps1_dr2
133740815028880893,81.50288742907,21.45030691523,14.2338,II/389/ps1_dr2
133790815816686254,81.58167914868,21.49642495326,14.9999,II/389/ps1_dr2
133790815256067820,81.52557716616,21.49773749592,14.1924,II/389/ps1_dr2
133800816843518981,81.68442191766,21.50700858623,12.083,II/389/ps1_dr2
133810816615206257,81.66154207998,21.51308026276,13.392,II/389/ps1_dr2
133820817008517137,81.70088857246,21.52215600029,14.3528,II/389/ps1_dr2
133810816920896596,81.6921668236,21.51334261175,12.543,II/389/ps1_dr2
133870817074566940,81.70748964519,21.56366630282,14.588,II/389/ps1_dr2
133850816188349026,81.61885573,21.54882126,13.5307,II/389/ps1_dr2
133850816191709058,81.61915493922,21.54878006042,11.449,II/389/ps1_dr2
133850816193519327,81.61943002,21.54902553,12.3077,II/389/ps1_dr2
133850816239214246,81.62393413539,21.54474331142,14.1986,II/389/ps1_dr2
133830815782856664,81.57829537304,21.53009295152,14.9829,II/389/ps1_dr2
133860816044464439,81.6044573266,21.55324646601,14.8003,II/389/ps1_dr2
133900816139351328,81.61391045495,21.58398169403,12.713,II/389/ps1_dr2
133890816162086770,81.61621642214,21.58019129002,14.8946,II/389/ps1_dr2
133910816422919532,81.64229847823,21.59915180026,14.607,II/389/ps1_dr2
133930816599592937,81.65996767985,21.61032857872,14.6072,II/389/ps1_dr2
133810814918650194,81.49186621909,21.5080607275,14.7002,II/389/ps1_dr2
133830814709477618,81.47095173372,21.53090504561,14.4921,II/389/ps1_dr2
133860814881660657,81.48816899621,21.55010751443,14.6792,II/389/ps1_dr2
133850814600920145,81.46004933834,21.54133006927,13.399,II/389/ps1_dr2
133890814806236529,81.48059456747,21.57998318243,13.291,II/389/ps1_dr2
133880814582743521,81.45825389931,21.56913751868,13.343,II/389/ps1_dr2
133890814486653965,81.44866489198,21.5778675148,14.7912,II/389/ps1_dr2
133900814505374176,81.45054188433,21.58637760628,14.4932,II/389/ps1_dr2
133930814832486906,81.48325226293,21.61364671563,14.8233,II/389/ps1_dr2
133910815888658063,81.58886583137,21.59793374082,14.9025,II/389/ps1_dr2
133910815547382857,81.55475159632,21.59360011492,13.241,II/389/ps1_dr2
133910815539983430,81.55401928312,21.59406506451,12.958,II/389/ps1_dr2
133930816139613900,81.61396980141,21.61113261826,14.9603,II/389/ps1_dr2
133930815821382862,81.58213375075,21.61026203554,14.6868,II/389/ps1_dr2
133920815408424488,81.54083253381,21.60327923803,13.6818,II/389/ps1_dr2
133950815441126986,81.54418778016,21.63034653335,14.3207,II/389/ps1_dr2
133930814964423060,81.49643262271,21.6104286645,13.8922,II/389/ps1_dr2
134020815575535932,81.55751826355,21.68780970246,13.8937,II/389/ps1_dr2
133880817365829537,81.73661999165,21.57414793008,14.2639,II/389/ps1_dr2
133860817254785946,81.72553361388,21.55448231439,13.7679,II/389/ps1_dr2
133900817085357077,81.70840074972,21.58871469012,13.02,II/389/ps1_dr2
133900817298892187,81.72991456308,21.58469844303,14.7351,II/389/ps1_dr2
133940817325300701,81.73254745903,21.61679576138,14.9806,II/389/ps1_dr2
133920817250749895,81.7250834614,21.60780586008,14.8565,II/389/ps1_dr2
133900817744238878,81.77440116,21.5902956,11.3729,II/389/ps1_dr2
133900817743038503,81.77435284,21.59001854,11.9315,II/389/ps1_dr2
133920817800939783,81.78013498901,21.60769332529,14.594,II/389/ps1_dr2
133940817754920760,81.77558135858,21.6168406549,13.295,II/389/ps1_dr2
133940816821536098,81.68215985795,21.62129929841,14.9678,II/389/ps1_dr2
133970816823162399,81.68232441877,21.64321914767,14.6384,II/389/ps1_dr2
134000817477579084,81.74778766777,21.67376868985,13.9271,II/389/ps1_dr2
133970818141459515,81.81424778,21.64919458,11.897,II/389/ps1_dr2
134010818440696073,81.84407143257,21.67962876369,13.8107,II/389/ps1_dr2
134020818164259857,81.81643202327,21.69110486934,14.3052,II/389/ps1_dr2
134000818159497030,81.81601686279,21.6720754793,13.5313,II/389/ps1_dr2
134020818148728356,81.814871788,21.68985498876,14.235,II/389/ps1_dr2
134020817940661089,81.79408862293,21.68381297188,14.5024,II/389/ps1_dr2
134040817763108381,81.7763264257,21.70654156849,14.7076,II/389/ps1_dr2
134050817896078181,81.78966432435,21.71469285942,14.8694,II/389/ps1_dr2
133980816593236594,81.65932003616,21.65504081146,14.1138,II/389/ps1_dr2
133980816816064157,81.68154659098,21.65299518857,13.8293,II/389/ps1_dr2
134000816836126767,81.68360733573,21.67184739954,13.5472,II/389/ps1_dr2
134050817077681459,81.70778828,21.70909465,13.1001,II/389/ps1_dr2
134050817074901090,81.70750886,21.70883947,10.758,II/389/ps1_dr2
134070817101282167,81.71013930782,21.72634368044,14.5858,II/389/ps1_dr2
134000816134908736,81.61349720096,21.6734959334,13.479,II/389/ps1_dr2
134000816138168733,81.61375701,21.67349682,14.6042,II/389/ps1_dr2
134090816768830853,81.67687915798,21.74192885763,14.9029,II/389/ps1_dr2
134120816581481234,81.65814681404,21.76724920226,14.3287,II/389/ps1_dr2
134080817424024706,81.74242495824,21.73680202062,14.7294,II/389/ps1_dr2
134060817350418101,81.73505124272,21.72296020938,14.8892,II/389/ps1_dr2
134140817752764700,81.7753044586,21.78681715305,14.9294,II/389/ps1_dr2
134120817055981989,81.70559778561,21.76788628502,14.9809,II/389/ps1_dr2
134180817171772239,81.71717998279,21.81809263911,14.6347,II/389/ps1_dr2
134190817309719128,81.73099248077,21.83218444592,12.246,II/389/ps1_dr2
134190817321209837,81.73201591834,21.83271932701,13.027,II/389/ps1_dr2
134210817521309335,81.75214860778,21.84901156489,14.6047,II/389/ps1_dr2
133900813494882744,81.34948763171,21.58517868182,14.6592,II/389/ps1_dr2
133990813422120725,81.34220427688,21.65849470072,14.4806,II/389/ps1_dr2
133970813415879787,81.34151527474,21.64934928668,13.9198,II/389/ps1_dr2
133960813753641126,81.37534807511,21.63382053707,14.0815,II/389/ps1_dr2
133950813872181808,81.38722682,21.62606496,12.378,II/389/ps1_dr2
133980813697690766,81.36975438498,21.65018702877,13.7978,II/389/ps1_dr2
134000813544007354,81.35440044222,21.67235256029,14.8842,II/389/ps1_dr2
134020815017442640,81.50174361355,21.6850899127,13.345,II/389/ps1_dr2
134020815050355847,81.50503199291,21.68775361766,14.533,II/389/ps1_dr2
134000815236217946,81.52361895858,21.67284265092,14.4043,II/389/ps1_dr2
134040815196972726,81.51965041985,21.70180288461,13.8612,II/389/ps1_dr2
134060815294414828,81.52943729768,21.7202425133,14.8609,II/389/ps1_dr2
134020814251836970,81.42518422697,21.68869711223,14.4444,II/389/ps1_dr2
134040813897513131,81.38975263279,21.70216502134,14.2005,II/389/ps1_dr2
134060814868088700,81.48681809592,21.72347517638,14.2819,II/389/ps1_dr2
134080814732053040,81.47320226018,21.73542418859,13.6224,II/389/ps1_dr2
134060814777021739,81.477698174,21.71766765493,14.4824,II/389/ps1_dr2
134070814946257041,81.49459641843,21.73040757939,13.6876,II/389/ps1_dr2
134090814458295828,81.44592788611,21.74613553976,13.3252,II/389/ps1_dr2
134080814524335616,81.45242537682,21.73756440296,14.7546,II/389/ps1_dr2
134000813260200572,81.3260223974,21.66670305906,14.2505,II/389/ps1_dr2
134010813029045192,81.302851243,21.67885706096,13.4211,II/389/ps1_dr2
134020812995622270,81.29949947572,21.68475229553,13.446,II/389/ps1_dr2
134020813568271644,81.35681333767,21.68426384024,13.435,II/389/ps1_dr2
134030813163060292,81.31626883133,21.69145364997,14.1536,II/389/ps1_dr2
134020812732038801,81.27325991508,21.69022294199,14.2493,II/389/ps1_dr2
134030812892687707,81.28924759168,21.69763752881,12.22,II/389/ps1_dr2
134060812733868064,81.27338623988,21.72293675718,14.4225,II/389/ps1_dr2
134060812710245524,81.27103609469,21.72082500221,14.8805,II/389/ps1_dr2
134090813328188195,81.33281770873,21.74805468335,14.5434,II/389/ps1_dr2
134100812816379743,81.28164877866,21.7576691897,14.5576,II/389/ps1_dr2
134120814065617694,81.40654943503,21.77262808723,14.3177,II/389/ps1_dr2
134110813393279513,81.33932177459,21.76583077169,14.4552,II/389/ps1_dr2
134130813426722950,81.34269843849,21.77700113343,13.496,II/389/ps1_dr2
134130813728524763,81.37263025,21.77846466,11.0135,II/389/ps1_dr2
134130813725136509,81.37252042,21.77998244,12.616,II/389/ps1_dr2
134190814006287651,81.40059756233,21.83091551196,13.255,II/389/ps1_dr2
134190813612356256,81.36123161212,21.82975436224,12.291,II/389/ps1_dr2
134190813590557495,81.35909202191,21.83078009287,14.847,II/389/ps1_dr2
134080815987137115,81.59870363674,21.73880574988,14.0693,II/389/ps1_dr2
134090815318072955,81.53176834096,21.74365869309,12.352,II/389/ps1_dr2
134120815587309962,81.55872896039,21.77451731782,14.6582,II/389/ps1_dr2
134140815720400515,81.57202482483,21.78331107745,14.457,II/389/ps1_dr2
134160815944215065,81.59438807143,21.80376408197,14.1216,II/389/ps1_dr2
134140815039111524,81.50390191735,21.78415162792,14.2074,II/389/ps1_dr2
134130814816943058,81.48170726887,21.77709847081,14.9744,II/389/ps1_dr2
134150815651617523,81.56514845655,21.79747282754,13.9928,II/389/ps1_dr2
134210815614401461,81.56138888371,21.84240620056,13.9645,II/389/ps1_dr2
134200816682280391,81.66822769381,21.83321311801,14.4162,II/389/ps1_dr2
134230817071662228,81.70716243322,21.8597583345,14.4664,II/389/ps1_dr2
134220817172238642,81.71714898858,21.85673058747,13.486,II/389/ps1_dr2
134240816676034809,81.66759865282,21.87023968675,14.7906,II/389/ps1_dr2
134270817024611284,81.70246079877,21.89230274769,14.9536,II/389/ps1_dr2
134290816467895160,81.64690011273,21.9121627266,12.0519,II/389/ps1_dr2
134290816471375125,81.64702059,21.91211912,13.1307,II/389/ps1_dr2
134300816366145241,81.63656782554,21.92058192302,13.6519,II/389/ps1_dr2
134200814685149803,81.46850816587,21.84104483028,13.6746,II/389/ps1_dr2
134240815358734106,81.53585590805,21.86964183665,12.319,II/389/ps1_dr2
134240815473986995,81.54739471866,21.87203101258,14.2091,II/389/ps1_dr2
134250814998858345,81.50007230942,21.88154334021,13.6275,II/389/ps1_dr2
134250815000598398,81.50009660718,21.88152637659,13.6438,II/389/ps1_dr2
134190814349093864,81.43481706067,21.82772084433,13.0,II/389/ps1_dr2
134240814461719925,81.44615486047,21.87446784541,14.4768,II/389/ps1_dr2
134210814511114891,81.45109446566,21.8452791007,14.2803,II/389/ps1_dr2
134250814390306044,81.43902047523,21.87957454954,14.9646,II/389/ps1_dr2
134290814899144586,81.48988775,21.91166006,12.114,II/389/ps1_dr2
134290814433824575,81.44337093,21.91162742,12.8384,II/389/ps1_dr2
134290814432194872,81.44335775,21.91173087,12.8792,II/389/ps1_dr2
134250815707491870,81.57074574465,21.87610567176,14.431,II/389/ps1_dr2
134280816028194446,81.60282235,21.90325543,12.571,II/389/ps1_dr2
134270815552679799,81.55526880332,21.89938080722,14.9063,II/389/ps1_dr2
134310816225075032,81.62251868052,21.92878142028,14.0765,II/389/ps1_dr2
134370815992650435,81.59935604488,21.97482688233,13.9259,II/389/ps1_dr2
134330816028689034,81.60288678347,21.94874668639,14.6552,II/389/ps1_dr2
134300815206973275,81.52069948461,21.91893224429,14.0417,II/389/ps1_dr2
134360815242291279,81.52423127899,21.96727570364,14.4773,II/389/ps1_dr2
134350815168081069,81.51680721283,21.95878025471,12.472,II/389/ps1_dr2
134350815779792181,81.57799393949,21.959708204,14.5605,II/389/ps1_dr2
132110837116183404,83.71164221437,20.09407017113,14.198,II/389/ps1_dr2
132160837205111247,83.72049781201,20.13391674933,13.4767,II/389/ps1_dr2
132150837543087599,83.75433829566,20.1308856676,14.1807,II/389/ps1_dr2
132150837517819750,83.75179254877,20.13268324093,14.8039,II/389/ps1_dr2
132190837478359177,83.74784556293,20.16553464124,14.232,II/389/ps1_dr2
132200837731511557,83.77318692,20.16740015,11.8564,II/389/ps1_dr2
132200837729741251,83.77303204729,20.16717690827,11.272,II/389/ps1_dr2
132200837735061080,83.77343615,20.1669863,13.3455,II/389/ps1_dr2
132230837783538990,83.77834094376,20.19869324276,14.4309,II/389/ps1_dr2
132230838131727762,83.81319823666,20.19767992092,14.0651,II/389/ps1_dr2
132280838313616305,83.83138120931,20.23814194492,14.5897,II/389/ps1_dr2
132280838428621808,83.84287911538,20.23438324939,14.5241,II/389/ps1_dr2
132290838586554578,83.85861686849,20.24499144723,13.6591,II/389/ps1_dr2
132310838477736502,83.84778319852,20.26328958846,13.5766,II/389/ps1_dr2
132290838589754738,83.8587012888,20.24503924727,13.6508,II/389/ps1_dr2
132330839137943512,83.91381694922,20.27746846184,14.9983,II/389/ps1_dr2
132330839231865513,83.92320573681,20.27914267872,13.9091,II/389/ps1_dr2
132350839469144001,83.94693821696,20.29453751006,14.5592,II/389/ps1_dr2
132380839432243437,83.94325690837,20.31908462165,14.1555,II/389/ps1_dr2
132410839922159898,83.99224945463,20.34943849765,14.7406,II/389/ps1_dr2
132410839416978129,83.94172421679,20.34798443906,14.5948,II/389/ps1_dr2
132420839587199485,83.95870692,20.35750054,11.7543,II/389/ps1_dr2
132420839587679118,83.9586036961,20.35710036374,11.293,II/389/ps1_dr2
132430840248921470,84.02496300243,20.35912643142,13.9991,II/389/ps1_dr2
132450840367154278,84.03672354571,20.37808897011,13.6793,II/389/ps1_dr2
132450840003308701,84.00041818254,20.38182433044,13.6436,II/389/ps1_dr2
132470839965440458,83.99659518029,20.39160255419,14.1498,II/389/ps1_dr2
132480840046816378,84.00470474859,20.40485460761,14.5875,II/389/ps1_dr2
132470840171416848,84.01716345501,20.39690922051,14.6911,II/389/ps1_dr2
132490840236175518,84.02362673138,20.41246289617,14.818,II/389/ps1_dr2
132460840793377599,84.07935401954,20.3891945219,13.9868,II/389/ps1_dr2
132520841399114828,84.13992316509,20.43688120063,14.8493,II/389/ps1_dr2
132530840645782776,84.06460055966,20.44350464091,14.9819,II/389/ps1_dr2
132530841140880696,84.11378412,20.44149273,12.0535,II/389/ps1_dr2
132540841036746744,84.10368740725,20.45513436588,14.8954,II/389/ps1_dr2
132530841135680517,84.11387999,20.44155088,11.635,II/389/ps1_dr2
132580840967483064,84.09677159072,20.48540982214,14.5569,II/389/ps1_dr2
132580841202612499,84.12030301864,20.48504719771,14.3415,II/389/ps1_dr2
132540841678758429,84.16788433575,20.45655164449,14.8217,II/389/ps1_dr2
132600842054004615,84.20542539278,20.50337428981,12.045,II/389/ps1_dr2
132610842532158541,84.25322560891,20.51500138933,14.172,II/389/ps1_dr2
132590841621655240,84.16217884928,20.49555885981,14.9268,II/389/ps1_dr2
132590841523746684,84.15239168382,20.49676670912,14.6195,II/389/ps1_dr2
132600841250200726,84.12504381292,20.5001266138,13.8246,II/389/ps1_dr2
132610841929767554,84.19298614185,20.51416085217,14.0874,II/389/ps1_dr2
132620841892204052,84.18926887826,20.51959741227,14.6281,II/389/ps1_dr2
132640841966632665,84.19667502675,20.53508756862,14.0711,II/389/ps1_dr2
132640842195492208,84.21956014986,20.53471425882,14.6838,II/389/ps1_dr2
132640841684207576,84.16844714843,20.53918356323,13.638,II/389/ps1_dr2
132630841784700069,84.17848421739,20.52458733781,13.8023,II/389/ps1_dr2
132640842867973504,84.28681126446,20.53573666803,11.239,II/389/ps1_dr2
132670842762651185,84.27627804366,20.55887267791,13.6624,II/389/ps1_dr2
132670842704569972,84.27046043085,20.56620001736,14.9773,II/389/ps1_dr2
132710843055357205,84.3055465873,20.59722809475,13.133,II/389/ps1_dr2
132700843355329330,84.33553433871,20.59067007697,14.6745,II/389/ps1_dr2
132720843181730844,84.31817727742,20.60026591369,14.8143,II/389/ps1_dr2
132700843322652337,84.33229656763,20.58484960697,11.954,II/389/ps1_dr2
132670842363994240,84.23640842381,20.56141221318,14.5943,II/389/ps1_dr2
132700842351241688,84.23513252942,20.58429004914,14.4627,II/389/ps1_dr2
132730843183689617,84.3183697221,20.61590059232,14.8484,II/389/ps1_dr2
132720843780167948,84.37800847365,20.60617216093,14.6866,II/389/ps1_dr2
132780844368293620,84.4368611,20.65253134,12.385,II/389/ps1_dr2
132790844265882822,84.42660629,20.66020753,11.612,II/389/ps1_dr2
132760843435336889,84.34352372188,20.63861963409,13.9227,II/389/ps1_dr2
132830843842507854,84.38426160441,20.69776348643,13.053,II/389/ps1_dr2
132810844829361786,84.48296181178,20.67603425987,13.9979,II/389/ps1_dr2
132900845839227685,84.58394920881,20.75593855124,14.9348,II/389/ps1_dr2
132940846088194026,84.60884107533,20.78622231288,14.9064,II/389/ps1_dr2
132820844923967928,84.49240946823,20.68948066316,14.3287,II/389/ps1_dr2
132840844679888922,84.46799036803,20.70696658553,14.3799,II/389/ps1_dr2
132840844869665508,84.48697864526,20.7041285096,14.4612,II/389/ps1_dr2
132860844790809599,84.47909089882,20.72420541537,14.9573,II/389/ps1_dr2
132870845247196259,84.5247378,20.73002481,12.1846,II/389/ps1_dr2
132890845143896839,84.51440252965,20.74690559897,14.7364,II/389/ps1_dr2
132890845139323351,84.51395847512,20.74400107388,12.496,II/389/ps1_dr2
132870845249706455,84.52503111,20.72990082,11.286,II/389/ps1_dr2
132900844778464584,84.47786062739,20.75337104595,13.8671,II/389/ps1_dr2
132860844167341121,84.41673674483,20.71714713758,14.8148,II/389/ps1_dr2
132840844156938359,84.41570289777,20.70651195338,13.092,II/389/ps1_dr2
132880843965548283,84.39654906382,20.7397729185,14.3696,II/389/ps1_dr2
132890843985646277,84.39856787308,20.74643714576,14.7269,II/389/ps1_dr2
132890844646909106,84.46470267089,20.74880023894,14.3138,II/389/ps1_dr2
132940844700327551,84.4700685746,20.78916047371,12.692,II/389/ps1_dr2
132910845665360290,84.56655488116,20.75810914902,14.8515,II/389/ps1_dr2
132920845822515999,84.58227666436,20.77120384372,14.9044,II/389/ps1_dr2
132940845483480873,84.54838494767,20.78359477746,12.795,II/389/ps1_dr2
133000846164222523,84.61646359708,20.83496038187,13.244,II/389/ps1_dr2
133000846061021039,84.60605992534,20.83369102123,14.8875,II/389/ps1_dr2
132970845091315385,84.50914740785,20.81235871025,14.0893,II/389/ps1_dr2
133000845009716834,84.50101092507,20.8385663636,14.494,II/389/ps1_dr2
132990845610869705,84.56112210055,20.83262833469,13.387,II/389/ps1_dr2
132990846447812662,84.64480842357,20.82676079749,13.6016,II/389/ps1_dr2
133010846700198724,84.67002745577,20.84847534046,12.399,II/389/ps1_dr2
133050847335035481,84.73344399,20.87896215,11.342,II/389/ps1_dr2
133050847332285308,84.73330731,20.87895129,11.7217,II/389/ps1_dr2
133090847830786647,84.7831212563,20.91337252104,14.3504,II/389/ps1_dr2
133070847341209281,84.73415766055,20.89890971952,14.804,II/389/ps1_dr2
133110847731739309,84.77320464135,20.93226681546,14.9968,II/389/ps1_dr2
133130847952184649,84.79527002109,20.94504495233,13.463,II/389/ps1_dr2
133000846370260405,84.63704659761,20.83320322806,14.402,II/389/ps1_dr2
133050846611622445,84.66121515224,20.87652299329,14.0397,II/389/ps1_dr2
133040846663592176,84.66641865008,20.86797845821,12.149,II/389/ps1_dr2
133030846114127129,84.61143908494,20.86380600029,14.8547,II/389/ps1_dr2
133040846221675796,84.62218932139,20.87103016194,14.2472,II/389/ps1_dr2
133080846182598467,84.61826351243,20.90661492861,13.133,II/389/ps1_dr2
133080846185076913,84.61858258,20.90526586,11.67,II/389/ps1_dr2
133090846067840022,84.60681481228,20.9078907624,14.8896,II/389/ps1_dr2
133110845813546284,84.58137551089,20.92977535398,14.979,II/389/ps1_dr2
133090846441737278,84.64415702,20.91400077,12.7259,II/389/ps1_dr2
133120846426193238,84.64276602469,20.9355721125,12.718,II/389/ps1_dr2
133090846439686973,84.6440663571,20.91367644058,12.026,II/389/ps1_dr2
133110846386074729,84.63865952724,20.92844206744,14.5293,II/389/ps1_dr2
133130846456102387,84.64561099,20.9432001,13.0565,II/389/ps1_dr2
133130846453302155,84.64539826879,20.94298417046,12.012,II/389/ps1_dr2
133160846497875058,84.64986122,20.97036261,13.227,II/389/ps1_dr2
133110847219585744,84.72199309877,20.92927208015,14.609,II/389/ps1_dr2
133110847023557116,84.70240329682,20.93042219926,14.163,II/389/ps1_dr2
133150847290483175,84.72910899301,20.96048858845,13.6602,II/389/ps1_dr2
133160847306672014,84.73071625112,20.96785269503,13.9692,II/389/ps1_dr2
133150847842313479,84.78427605202,20.96073448424,14.2746,II/389/ps1_dr2
133160847398325297,84.73995209008,20.97059263321,13.5198,II/389/ps1_dr2
133180846931173213,84.69316545532,20.98551579959,14.464,II/389/ps1_dr2
133170846690527077,84.66918222902,20.98042279008,14.1983,II/389/ps1_dr2
133190847307032967,84.73079850682,20.9936619303,13.288,II/389/ps1_dr2
133200847097118142,84.70978715451,21.00629729829,14.4979,II/389/ps1_dr2
133250847077233963,84.70777214847,21.04447027639,14.9542,II/389/ps1_dr2
133160848630950696,84.8631305318,20.96675714036,14.8141,II/389/ps1_dr2
133190848805209534,84.88055673529,20.99911432857,14.4793,II/389/ps1_dr2
133170848519356075,84.85196719393,20.97953464126,14.1993,II/389/ps1_dr2
133200848564311481,84.85647118166,21.00072979431,14.5925,II/389/ps1_dr2
133200848672004332,84.86721483,21.00291509,14.0602,II/389/ps1_dr2
133200848666574854,84.86653961,21.00355309,13.291,II/389/ps1_dr2
133200848666904516,84.86680133,21.00341765,11.956,II/389/ps1_dr2
133210849145978778,84.91464736052,21.01515385316,13.9411,II/389/ps1_dr2
133220849047974197,84.90482583028,21.01965878634,14.7486,II/389/ps1_dr2
133210848889849092,84.88899907,21.01543784,10.7847,II/389/ps1_dr2
133210848885679192,84.88850378,21.0154877,9.828,II/389/ps1_dr2
133210848883098988,84.8885835,21.01535568,10.3622,II/389/ps1_dr2
133210848885359629,84.88853616,21.01588695,10.1367,II/389/ps1_dr2
133310850281250652,85.02814181018,21.09174412911,12.373,II/389/ps1_dr2
133230849451952075,84.94525684,21.02626671,13.26,II/389/ps1_dr2
133260849403437762,84.94035729058,21.05601362396,14.7674,II/389/ps1_dr2
133260849525809181,84.95270671542,21.05717541714,12.402,II/389/ps1_dr2
133270849814217593,84.98144218593,21.06421006021,14.5003,II/389/ps1_dr2
133270849133227642,84.91337552269,21.06419354647,14.3567,II/389/ps1_dr2
133310849543104206,84.95403097,21.09466649,11.8955,II/389/ps1_dr2
133310849543173858,84.95422189,21.09427491,12.4651,II/389/ps1_dr2
133300850008795015,85.0009092992,21.08706580133,14.7844,II/389/ps1_dr2
133310849545734524,84.95457275,21.09499142,10.31,II/389/ps1_dr2
133310849548484714,84.95472743,21.09521979,10.8057,II/389/ps1_dr2
133310849551034371,84.95519134,21.094867,13.7636,II/389/ps1_dr2
133200848050125807,84.80506689438,21.00435357088,14.5113,II/389/ps1_dr2
133230848403055594,84.84037303925,21.02917438158,13.9211,II/389/ps1_dr2
133230847814155045,84.78146444212,21.02870370803,14.643,II/389/ps1_dr2
133260848567411130,84.85682356293,21.05045252937,13.731,II/389/ps1_dr2
133260848526431498,84.85268623537,21.05075812791,14.5001,II/389/ps1_dr2
133260848674558332,84.86750543411,21.05644089306,14.0544,II/389/ps1_dr2
133270848288440240,84.82895280242,21.05805692961,12.215,II/389/ps1_dr2
133270847962310131,84.79625327,21.05800111,12.3516,II/389/ps1_dr2
133270847964910336,84.79654585,21.05810482,11.668,II/389/ps1_dr2
133260847817418089,84.78181573,21.05626064,12.762,II/389/ps1_dr2
133270847967522168,84.796783179,21.05973649987,13.852,II/389/ps1_dr2
133280847596295823,84.7596924892,21.07102751418,14.5396,II/389/ps1_dr2
133320848253475007,84.82529053,21.10399763,11.9349,II/389/ps1_dr2
133320848254005421,84.82543014,21.10399422,11.833,II/389/ps1_dr2
133300847960529443,84.79610755377,21.0907008004,14.1339,II/389/ps1_dr2
133320849040940494,84.90412595921,21.09991210111,14.9128,II/389/ps1_dr2
133330849142783134,84.91432734792,21.11033312078,13.8291,II/389/ps1_dr2
133310848677782559,84.86783503733,21.09330855645,14.6469,II/389/ps1_dr2
133310848770970349,84.87720957085,21.09148622265,13.227,II/389/ps1_dr2
133350848998205072,84.89988864499,21.1287250016,13.463,II/389/ps1_dr2
133380849341201349,84.93413552035,21.15066730693,14.1818,II/389/ps1_dr2
133360849407978909,84.94082687231,21.14030354777,13.359,II/389/ps1_dr2
133370848997905064,84.89988340203,21.14540623097,13.406,II/389/ps1_dr2
133390848854062971,84.88544736816,21.16031853206,14.1535,II/389/ps1_dr2
133390849179905798,84.91805336,21.16273967,12.812,II/389/ps1_dr2
133410848889776495,84.88903073869,21.17991138323,14.1021,II/389/ps1_dr2
133430849107271420,84.9107382,21.19237597,13.4672,II/389/ps1_dr2
133440849157400081,84.9157182,21.19952715,12.345,II/389/ps1_dr2
133430849109431050,84.91060582,21.19212901,13.447,II/389/ps1_dr2
133430849154739927,84.91564452095,21.19950637977,12.4226,II/389/ps1_dr2
133360850890282870,85.08915752837,21.13520762289,13.43,II/389/ps1_dr2
133360850893852567,85.08918214983,21.13518717273,13.5884,II/389/ps1_dr2
133400851260621256,85.12609221347,21.16721300563,14.6967,II/389/ps1_dr2
133330850232457454,85.02328179795,21.11405574349,14.4633,II/389/ps1_dr2
133360850020241118,85.00200437309,21.13377036329,12.77,II/389/ps1_dr2
133360850189706296,85.01899622032,21.13808448127,14.9926,II/389/ps1_dr2
133400850864834836,85.08652845252,21.17018759499,14.9746,II/389/ps1_dr2
133420850477889548,85.04784007,21.19076254,12.074,II/389/ps1_dr2
133420850479939919,85.04812243,21.19083855,13.4364,II/389/ps1_dr2
133440851351466973,85.13521673245,21.20528103608,13.8091,II/389/ps1_dr2
133470851382683239,85.13836058666,21.22719324782,14.3823,II/389/ps1_dr2
133470851517565728,85.15174413579,21.22926499736,12.553,II/389/ps1_dr2
133470851222434563,85.12228112612,21.228304561,14.5529,II/389/ps1_dr2
133490851076176785,85.10767403236,21.24682557697,14.1235,II/389/ps1_dr2
133480851119801155,85.11208192981,21.23378836102,13.753,II/389/ps1_dr2
133390849813404930,84.98139311797,21.16193410123,14.6659,II/389/ps1_dr2
133390850095277771,85.00957425533,21.16431197072,14.927,II/389/ps1_dr2
133420849757696570,84.97580001993,21.18829311569,14.2238,II/389/ps1_dr2
133430850340450387,85.03410424896,21.19148449491,14.2503,II/389/ps1_dr2
133440850404679646,85.0405585,21.20764349,13.2448,II/389/ps1_dr2
133440850407289980,85.04060341346,21.20787342396,11.847,II/389/ps1_dr2
133450850404270103,85.04060566964,21.20787608921,12.4531,II/389/ps1_dr2
133440850317175274,85.03173206032,21.20390413783,14.8628,II/389/ps1_dr2
133460850367498940,85.03677686152,21.22362619637,14.9274,II/389/ps1_dr2
133460850674832425,85.0675182179,21.21817836171,14.7185,II/389/ps1_dr2
133460849209762738,84.92104382744,21.21845081132,13.418,II/389/ps1_dr2
133490849919464075,84.99191111,21.24470173,13.3455,II/389/ps1_dr2
133490849921724466,84.99203609,21.24482339,11.934,II/389/ps1_dr2
133500849890906667,84.98913204282,21.25506129182,12.819,II/389/ps1_dr2
133530849915679186,84.99155271894,21.28228263138,13.8741,II/389/ps1_dr2
133470850794839198,85.0795410129,21.23216323778,14.0114,II/389/ps1_dr2
133530850540365581,85.05399449,21.2794097,14.9358,II/389/ps1_dr2
133530850541706233,85.05417213,21.27974596,12.6305,II/389/ps1_dr2
133530850720973329,85.07212672689,21.2772746671,14.8219,II/389/ps1_dr2
133540850741739344,85.07419711246,21.29062085396,14.9808,II/389/ps1_dr2
133540850824953166,85.08254715026,21.28547066592,14.2848,II/389/ps1_dr2
133580851011565236,85.10109877106,21.32045550741,12.201,II/389/ps1_dr2
133570850959134532,85.09595054103,21.31160893214,14.3549,II/389/ps1_dr2
133550851035904719,85.10365985,21.29499155,11.154,II/389/ps1_dr2
133550851035764150,85.10356508,21.29456032,11.9034,II/389/ps1_dr2
133530850538816509,85.05388536,21.2799639,12.7658,II/389/ps1_dr2
133540850168340311,85.01688471538,21.28308415833,14.6541,II/389/ps1_dr2
133530850157998502,85.015940347,21.28153137065,13.206,II/389/ps1_dr2
133530850536936146,85.0537693733,21.27966989848,11.347,II/389/ps1_dr2
133550850427832593,85.04281114984,21.29332704225,14.8635,II/389/ps1_dr2
133540850576193900,85.05761082,21.28604979,13.411,II/389/ps1_dr2
133540850580624434,85.05816676,21.28658647,13.2376,II/389/ps1_dr2
133560850667584770,85.06679678414,21.30346410406,13.449,II/389/ps1_dr2
133540850587084030,85.05890073,21.28589681,9.2339,II/389/ps1_dr2
133540850587333072,85.05888255,21.28536983,13.4487,II/389/ps1_dr2
133540850596183895,85.05954513,21.28597809,13.5855,II/389/ps1_dr2
133570850215473117,85.02165168356,21.31041589731,13.229,II/389/ps1_dr2
133600850356758440,85.03552887,21.34000054,13.0123,II/389/ps1_dr2
133600850358328767,85.03567398,21.34038568,13.4773,II/389/ps1_dr2
133600851033662168,85.10340588926,21.3346200158,13.9972,II/389/ps1_dr2
133600850371738233,85.03693112,21.33977167,13.4225,II/389/ps1_dr2
133600850398497322,85.0399150557,21.33892188555,13.9473,II/389/ps1_dr2
133590850496559209,85.04969410244,21.33216395642,14.6093,II/389/ps1_dr2
132150836577677995,83.65776038865,20.13120335221,13.6889,II/389/ps1_dr2
132170837021447995,83.70216759,20.14788839648,14.5927,II/389/ps1_dr2
132160836500948235,83.65009969747,20.13974463932,14.9379,II/389/ps1_dr2
132180836341670514,83.63419424185,20.14998602756,14.3037,II/389/ps1_dr2
132190836637349223,83.66374152954,20.16557235365,14.977,II/389/ps1_dr2
132190837086847770,83.70869771763,20.16436329071,14.4355,II/389/ps1_dr2
132220837278499541,83.72784685072,20.19080502086,11.52,II/389/ps1_dr2
132200836378103245,83.63776404,20.16891516,14.9716,II/389/ps1_dr2
132200836364843807,83.63659922,20.16950632,14.4028,II/389/ps1_dr2
132200836370713440,83.63696489,20.16900237,10.694,II/389/ps1_dr2
132200836367552911,83.63674738,20.16865883,12.8649,II/389/ps1_dr2
132200836362663480,83.6363321,20.16914237,14.2644,II/389/ps1_dr2
132270836741832493,83.67419100629,20.22663412857,14.9959,II/389/ps1_dr2
132250836885055504,83.68854100601,20.21243522341,13.8777,II/389/ps1_dr2
132270836347870012,83.63480305155,20.22457082065,13.368,II/389/ps1_dr2
132270836480398140,83.64806383579,20.23134828625,14.7935,II/389/ps1_dr2
132290836838532396,83.68385620795,20.24321785425,13.6287,II/389/ps1_dr2
132290837833971164,83.78340517697,20.24219360895,11.954,II/389/ps1_dr2
132280837373190109,83.73742784,20.23313947,11.9325,II/389/ps1_dr2
132270837405788933,83.7403228,20.23192434,12.732,II/389/ps1_dr2
132270837377577924,83.73774572446,20.23115166636,14.225,II/389/ps1_dr2
132290837345370265,83.73453355516,20.24143912268,14.0902,II/389/ps1_dr2
132280837579599225,83.75786,20.240347,9.3395,II/389/ps1_dr2
132290837557161286,83.75572365923,20.24229595529,14.618,II/389/ps1_dr2
132280837586458943,83.75864728,20.24035266,13.7021,II/389/ps1_dr2
132280837575479088,83.75737259,20.24052914,9.586,II/389/ps1_dr2
132280837943563235,83.79418986,20.23555046,12.7498,II/389/ps1_dr2
132290837874821368,83.78748206563,20.2423652685,14.9981,II/389/ps1_dr2
132280837946953351,83.79470942,20.23565213,11.656,II/389/ps1_dr2
132300837039101795,83.70395120198,20.251033792,14.7703,II/389/ps1_dr2
132340837156090261,83.71562689282,20.28310386076,14.9989,II/389/ps1_dr2
132340837487142501,83.7487429385,20.28496874133,14.3143,II/389/ps1_dr2
132360837944497761,83.79430224,20.30598835,12.6395,II/389/ps1_dr2
132360837946995902,83.79475284,20.30438903,14.0234,II/389/ps1_dr2
132370837856287763,83.78570011751,20.3143786107,13.8994,II/389/ps1_dr2
132360837942227355,83.79431309,20.30566595,10.939,II/389/ps1_dr2
132370837904677285,83.79050029099,20.31393607863,13.402,II/389/ps1_dr2
132360837908012215,83.79080388124,20.30139604023,12.5,II/389/ps1_dr2
132360837950745817,83.79513326,20.3043579,11.829,II/389/ps1_dr2
132250835717843002,83.57178372288,20.21038080848,14.4007,II/389/ps1_dr2
132290836348450671,83.63486722422,20.24178790723,13.848,II/389/ps1_dr2
132310836602022142,83.66020317722,20.2596742729,14.9902,II/389/ps1_dr2
132290835558728867,83.55588079758,20.24860684541,14.3589,II/389/ps1_dr2
132320835548256416,83.55482729311,20.27155895752,14.7135,II/389/ps1_dr2
132320835742964341,83.57424734,20.26978692,11.232,II/389/ps1_dr2
132330835433625755,83.54338125057,20.27934288457,14.6602,II/389/ps1_dr2
132370836015738903,83.60158483717,20.31515390519,14.9719,II/389/ps1_dr2
132360835587689722,83.55880135667,20.30765997881,13.4702,II/389/ps1_dr2
132350837037732627,83.70379350728,20.29341795684,14.5851,II/389/ps1_dr2
132360836796598574,83.67940359,20.30676355,12.483,II/389/ps1_dr2
132400837241744341,83.72413619426,20.33647285755,13.3922,II/389/ps1_dr2
132420837168381827,83.71688225732,20.35108534685,13.6524,II/389/ps1_dr2
132370836326049268,83.63261069598,20.31561016144,13.6633,II/389/ps1_dr2
132450836194470329,83.61946187636,20.37482271966,14.93,II/389/ps1_dr2
132450836798909879,83.67997150016,20.3828165741,14.5195,II/389/ps1_dr2
132500836681473012,83.66818413743,20.41872762196,13.399,II/389/ps1_dr2
132350838588683992,83.85888326662,20.29454217617,14.6132,II/389/ps1_dr2
132350838179711880,83.81798655324,20.29278605708,13.9345,II/389/ps1_dr2
132360838099777629,83.80998795888,20.30591104243,14.487,II/389/ps1_dr2
132370838227562163,83.82275864636,20.3096746587,13.326,II/389/ps1_dr2
132400838593480547,83.85937159597,20.3333269732,14.8576,II/389/ps1_dr2
132370838935576802,83.8935078,20.31351686,11.244,II/389/ps1_dr2
132400838930982070,83.89312360072,20.33460910519,14.6227,II/389/ps1_dr2
132400839228197764,83.92285634924,20.3393435209,13.118,II/389/ps1_dr2
132430838700824040,83.87010430329,20.36124675793,14.6227,II/389/ps1_dr2
132370837989708554,83.79898903361,20.31500856626,14.7625,II/389/ps1_dr2
132430838213764158,83.82138120829,20.36132056257,13.295,II/389/ps1_dr2
132420838439346093,83.84390688703,20.35458557589,12.409,II/389/ps1_dr2
132420838442376270,83.8441957,20.35478506,13.2806,II/389/ps1_dr2
132450838797405262,83.87969585219,20.37888031592,12.267,II/389/ps1_dr2
132460838269827623,83.82701335074,20.38922414666,14.0639,II/389/ps1_dr2
132430839436633803,83.94361129793,20.36111176481,13.4379,II/389/ps1_dr2
132430839375040384,83.93753143236,20.35819810211,13.137,II/389/ps1_dr2
132430839537693559,83.95389586926,20.36088961805,13.8526,II/389/ps1_dr2
132430839225529091,83.92259376976,20.36546381024,13.9642,II/389/ps1_dr2
132480840014089940,84.00142906041,20.40782456218,14.3409,II/389/ps1_dr2
132520839696787543,83.96971970847,20.43916825794,14.276,II/389/ps1_dr2
132520839709428674,83.97097674211,20.4401062625,14.6879,II/389/ps1_dr2
132490838790776675,83.8790377,20.41358773,13.2525,II/389/ps1_dr2
132490838794537174,83.87927724,20.41377894,10.961,II/389/ps1_dr2
132520838906782019,83.89070301875,20.43456076491,13.7159,II/389/ps1_dr2
132530838968323165,83.89688457203,20.44380634792,14.1138,II/389/ps1_dr2
132540838797811948,83.8797546,20.45112997,11.871,II/389/ps1_dr2
132520839391307799,83.93917184157,20.43936414302,14.1837,II/389/ps1_dr2
132530839411322567,83.94116376287,20.44335385491,13.377,II/389/ps1_dr2
132520839404226274,83.94031552,20.4382195,11.3124,II/389/ps1_dr2
132560839206800690,83.92071545316,20.46678809078,13.498,II/389/ps1_dr2
132580839388623882,83.93898242407,20.48616239698,12.045,II/389/ps1_dr2
132580839391254061,83.93926614,20.48613498,13.6058,II/389/ps1_dr2
132460837730061401,83.77294189914,20.38398516587,13.067,II/389/ps1_dr2
132500838263835776,83.82636573,20.42100011,11.734,II/389/ps1_dr2
132520837925991454,83.79274710969,20.43413943215,13.4804,II/389/ps1_dr2
132490837258848015,83.72595120284,20.41458275598,13.6418,II/389/ps1_dr2
132510837397089167,83.7396738554,20.43215888043,13.074,II/389/ps1_dr2
132530837800816822,83.78010555258,20.44688331824,14.5649,II/389/ps1_dr2
132560838719399852,83.871933,20.47430633,14.1914,II/389/ps1_dr2
132550838262257019,83.82628267795,20.46371825429,12.677,II/389/ps1_dr2
132590838748410576,83.87490940701,20.49172150912,14.8494,II/389/ps1_dr2
132610838725557461,83.87258944722,20.5141015845,14.7539,II/389/ps1_dr2
132590838568046719,83.8568323933,20.49680731798,14.9269,II/389/ps1_dr2
132590838834847170,83.88352225632,20.4971907746,14.711,II/389/ps1_dr2
132600838920329622,83.89204038094,20.50755283952,13.6127,II/389/ps1_dr2
132580838085010395,83.80852547198,20.48319334754,14.6504,II/389/ps1_dr2
132630838494323791,83.84952981587,20.52774648362,13.0496,II/389/ps1_dr2
132630838497153944,83.84978464,20.52794065,12.538,II/389/ps1_dr2
132660838361368307,83.83621335491,20.55649319852,13.6542,II/389/ps1_dr2
132350834790770723,83.47904516797,20.29180664977,14.1647,II/389/ps1_dr2
132400834938867926,83.49387952582,20.33948577453,13.5931,II/389/ps1_dr2
132390835687219818,83.56876711073,20.33275877696,13.5613,II/389/ps1_dr2
132390835174064841,83.51740394203,20.3285851264,14.4062,II/389/ps1_dr2
132410835128349452,83.51282897193,20.34909815602,14.1558,II/389/ps1_dr2
132420835394735870,83.53948135729,20.35445232913,13.5348,II/389/ps1_dr2
132440835323642768,83.53237436101,20.36852574281,14.4694,II/389/ps1_dr2
132380834319238678,83.43192272617,20.32343766988,14.2807,II/389/ps1_dr2
132390834247456608,83.424730083,20.33004923299,14.5378,II/389/ps1_dr2
132390834247446607,83.42474065192,20.33004568996,14.5282,II/389/ps1_dr2
132420834919055853,83.49187694342,20.35442240677,13.3407,II/389/ps1_dr2
132450834650492333,83.46507388865,20.37650401267,13.5059,II/389/ps1_dr2
132430835936126088,83.59361916799,20.3629523561,14.5134,II/389/ps1_dr2
132450836103118288,83.61015912362,20.381454941,12.993,II/389/ps1_dr2
132450836099728156,83.61015235,20.38146032,14.2371,II/389/ps1_dr2
132450835667866661,83.56679990625,20.38010674152,14.9248,II/389/ps1_dr2
132500836413327325,83.64138893446,20.42232699737,14.0374,II/389/ps1_dr2
132500836518152709,83.65188889727,20.41852217236,13.444,II/389/ps1_dr2
132510836095452884,83.60962483042,20.42690931112,13.6086,II/389/ps1_dr2
132480835201354705,83.5201487094,20.40346219787,14.6555,II/389/ps1_dr2
132510835061293797,83.50614988622,20.4277088298,14.2066,II/389/ps1_dr2
132530835510375925,83.55105128285,20.44614810072,14.3961,II/389/ps1_dr2
132520835541505304,83.55416635348,20.43729914078,14.1339,II/389/ps1_dr2
132570835756009640,83.57562062,20.48256224,12.793,II/389/ps1_dr2
132450834430587635,83.44299911214,20.38089126447,13.378,II/389/ps1_dr2
132480834204947332,83.42050758167,20.4056489256,14.9852,II/389/ps1_dr2
132500834718998967,83.47187146216,20.42366320271,13.6794,II/389/ps1_dr2
132510834671686763,83.46714301912,20.43016044629,13.359,II/389/ps1_dr2
132490833849585703,83.38490215347,20.41260061581,13.9965,II/389/ps1_dr2
132560834161975110,83.41618671,20.47057861,10.5691,II/389/ps1_dr2
132550834474882029,83.44750033564,20.45958064183,14.5623,II/389/ps1_dr2
132560834178233981,83.41782467,20.4695403,13.4219,II/389/ps1_dr2
132550834030747413,83.40302481337,20.46403150818,13.5658,II/389/ps1_dr2
132570834108050036,83.41083601,20.47465403,13.1762,II/389/ps1_dr2
132570834136051009,83.41373746,20.47533928,14.1213,II/389/ps1_dr2
132570834107140647,83.41077437,20.47512283,12.6798,II/389/ps1_dr2
132560834653012881,83.46523199253,20.46858047827,13.362,II/389/ps1_dr2
132600835306759960,83.53066515,20.50787752,9.3897,II/389/ps1_dr2
132600835312139934,83.53115149,20.50772755,13.3994,II/389/ps1_dr2
132590835153195164,83.51525210334,20.49559611024,13.175,II/389/ps1_dr2
132610835308100372,83.53076364,20.50807054,9.211,II/389/ps1_dr2
132610835449944027,83.54499402,20.51123743,12.444,II/389/ps1_dr2
132630835492715441,83.54928584857,20.52907957507,14.088,II/389/ps1_dr2
132570834553071181,83.45533948,20.47557015,13.2869,II/389/ps1_dr2
132560834494025193,83.44937305966,20.47051492776,13.189,II/389/ps1_dr2
132590834482294760,83.44821260198,20.4951713799,14.0753,II/389/ps1_dr2
132560834511356261,83.45111953283,20.47142290786,14.2577,II/389/ps1_dr2
132570834555031488,83.45538590424,20.47572480707,13.3108,II/389/ps1_dr2
132600834578291050,83.45787985862,20.50039610212,14.1559,II/389/ps1_dr2
132630834808295702,83.48090813363,20.52925901688,13.425,II/389/ps1_dr2
132670835171463729,83.51709345,20.56089244,13.13,II/389/ps1_dr2
132640834686799563,83.46873900476,20.54082351523,13.561,II/389/ps1_dr2
132550837079676956,83.70795220695,20.46365516836,11.52,II/389/ps1_dr2
132560836847146346,83.68475010626,20.47152781731,13.404,II/389/ps1_dr2
132540836357439489,83.63577833388,20.45746682251,13.574,II/389/ps1_dr2
132570836683614869,83.66837616708,20.4785951583,14.2908,II/389/ps1_dr2
132570837337406550,83.73377373462,20.4800117472,13.7095,II/389/ps1_dr2
132590836853752341,83.68538946214,20.49315720817,14.7228,II/389/ps1_dr2
132630836228855256,83.62290042689,20.52892532715,14.7177,II/389/ps1_dr2
132650837024116620,83.70242617517,20.54671876557,13.773,II/389/ps1_dr2
132630836982044783,83.69823391846,20.52853069036,14.5292,II/389/ps1_dr2
132660836859300024,83.68595920484,20.54956663359,14.8161,II/389/ps1_dr2
132620837546359668,83.75466163574,20.52426480723,14.0342,II/389/ps1_dr2
132650837967638265,83.79674315657,20.54806474816,13.5432,II/389/ps1_dr2
132670837772991626,83.77735342748,20.55924502807,13.7607,II/389/ps1_dr2
132660837699298531,83.76994675304,20.55663324547,14.4424,II/389/ps1_dr2
132650838065525861,83.80658369078,20.5460900028,13.8207,II/389/ps1_dr2
132710837962316220,83.79625685679,20.59638873465,14.4005,II/389/ps1_dr2
132670837094586617,83.70947749707,20.5633830622,14.7132,II/389/ps1_dr2
132700836744972064,83.67452249733,20.58459318052,14.9947,II/389/ps1_dr2
132700837007639234,83.70078881213,20.59056519659,14.6664,II/389/ps1_dr2
132720837629350630,83.76297389711,20.60007285347,13.364,II/389/ps1_dr2
132740837332557513,83.73324697038,20.62244430954,14.8831,II/389/ps1_dr2
132770837420183587,83.74206124092,20.64418937353,14.0169,II/389/ps1_dr2
132640835604127202,83.56043059788,20.53888419663,13.7533,II/389/ps1_dr2
132690836223844942,83.62246608343,20.57866859781,13.734,II/389/ps1_dr2
132690836226924770,83.62269017,20.57877177,14.5645,II/389/ps1_dr2
132700835945396610,83.59455776476,20.58838639166,14.8762,II/389/ps1_dr2
132710835327427902,83.53280503817,20.59779579111,13.062,II/389/ps1_dr2
132720835814375475,83.58145985213,20.60410807559,11.965,II/389/ps1_dr2
132750835753283098,83.57539243082,20.62709197169,13.8288,II/389/ps1_dr2
132760835773264543,83.57734819217,20.63666745511,13.5663,II/389/ps1_dr2
132760836848674015,83.68487533,20.63629214,12.7675,II/389/ps1_dr2
132760836849974320,83.6849708,20.63646059,10.602,II/389/ps1_dr2
132760837123698254,83.71240916441,20.63974625216,13.9679,II/389/ps1_dr2
132760837193455769,83.71936746136,20.63767751839,14.9829,II/389/ps1_dr2
132790837275700344,83.7276091418,20.6581557881,14.5022,II/389/ps1_dr2
132790837364585652,83.7364974974,20.66258092695,13.877,II/389/ps1_dr2
132810836947091982,83.69474996662,20.67619422157,13.8322,II/389/ps1_dr2
132780836834739418,83.68350000179,20.65738557986,14.7814,II/389/ps1_dr2
132810837035963225,83.70363872363,20.67722666583,14.23,II/389/ps1_dr2
132800836575578967,83.65759393887,20.67366676283,14.7785,II/389/ps1_dr2
132790836630726071,83.66311642379,20.66293165906,14.1548,II/389/ps1_dr2
132800836033626357,83.60339324702,20.67153738818,14.948,II/389/ps1_dr2
132810836143662090,83.61439075,20.67628097,12.1,II/389/ps1_dr2
132840836674283997,83.66749423063,20.70280864441,14.5786,II/389/ps1_dr2
132510840213926892,84.02140260141,20.43027225332,14.248,II/389/ps1_dr2
132540840057725874,84.00566868,20.45467808,10.5487,II/389/ps1_dr2
132540840061286146,84.006065,20.45482259,12.735,II/389/ps1_dr2
132540840056815452,84.00548121,20.45438053,10.31,II/389/ps1_dr2
132580840317897581,84.03181032464,20.4891821411,14.873,II/389/ps1_dr2
132570840593751323,84.0593973423,20.47562659745,14.5474,II/389/ps1_dr2
132570840813838511,84.08141583052,20.48161692644,13.7113,II/389/ps1_dr2
132610840773361208,84.07735657611,20.50886869132,14.7019,II/389/ps1_dr2
132600840615172271,84.06154439373,20.50141884582,14.8688,II/389/ps1_dr2
132630840613321131,84.06135788663,20.52547531962,14.1959,II/389/ps1_dr2
132610840114501980,84.01148064828,20.50951583142,13.9829,II/389/ps1_dr2
132590839976756650,83.99769430758,20.49675033349,13.265,II/389/ps1_dr2
132650840283337157,84.02835290011,20.54717399415,14.7063,II/389/ps1_dr2
132670840082425671,84.00827794628,20.56263707545,13.4523,II/389/ps1_dr2
132620841268162701,84.12684406344,20.51844024222,14.3414,II/389/ps1_dr2
132610841066250365,84.10665281068,20.50815955329,14.747,II/389/ps1_dr2
132660840951537214,84.09523083,20.55541929,10.1007,II/389/ps1_dr2
132660840956968036,84.09570693,20.55625578,13.3917,II/389/ps1_dr2
132660840955167412,84.09535371,20.55558328,9.512,II/389/ps1_dr2
132690841810815255,84.18111096184,20.5789119149,13.281,II/389/ps1_dr2
132690841804480178,84.18046437386,20.57468509168,14.9423,II/389/ps1_dr2
132660840688455385,84.06887566061,20.55402299774,14.0847,II/389/ps1_dr2
132730840599672125,84.05996258818,20.60963936771,14.5418,II/389/ps1_dr2
132730840753780007,84.07541527037,20.60787953211,14.5818,II/389/ps1_dr2
132740841021245533,84.10215127,20.62080898,12.741,II/389/ps1_dr2
132770841271605081,84.12717864196,20.64544020401,14.9374,II/389/ps1_dr2
132690840149505785,84.01496680419,20.57937803107,14.9848,II/389/ps1_dr2
132700840020056046,84.00203769893,20.58792407455,13.9835,II/389/ps1_dr2
132710839497872346,83.94982137663,20.59317049538,14.5997,II/389/ps1_dr2
132680838684126377,83.86845560782,20.5715250026,14.4876,II/389/ps1_dr2
132720838985660406,83.8986037326,20.59988951164,14.2673,II/389/ps1_dr2
132730839291381399,83.92930445038,20.60910621131,12.96,II/389/ps1_dr2
132730839294991636,83.92936689925,20.60915141038,12.955,II/389/ps1_dr2
132740838995732303,83.89959683748,20.61812119329,14.1409,II/389/ps1_dr2
132770839547852623,83.95482172756,20.64340385585,14.6285,II/389/ps1_dr2
132810840882784318,84.08830614596,20.67813477537,14.6723,II/389/ps1_dr2
132820840663572083,84.06638407576,20.68460718472,14.6584,II/389/ps1_dr2
132800840551259431,84.05514795628,20.67406227821,14.7831,II/389/ps1_dr2
132760839851970808,83.98522669134,20.6335501477,14.8823,II/389/ps1_dr2
132800839686353351,83.96869206658,20.66900763319,14.344,II/389/ps1_dr2
132830840314093759,84.03140666165,20.69431327065,14.801,II/389/ps1_dr2
132720841935546804,84.19357421957,20.60520983415,14.5502,II/389/ps1_dr2
132720842103870842,84.21029552,20.60015266,12.985,II/389/ps1_dr2
132720842096880599,84.20983348,20.59996719,11.5007,II/389/ps1_dr2
132730842321299853,84.23214594652,20.61610369048,13.295,II/389/ps1_dr2
132800842710064444,84.27103790381,20.66990652005,13.194,II/389/ps1_dr2
132820842047290963,84.20473526253,20.68365344759,12.585,II/389/ps1_dr2
132860842176393341,84.21765744836,20.71899548825,13.128,II/389/ps1_dr2
132840841815435901,84.18155316136,20.70446265862,14.8638,II/389/ps1_dr2
132830843161499577,84.31613810326,20.69918972738,14.3889,II/389/ps1_dr2
132840843100630634,84.31005320382,20.70005168968,13.6662,II/389/ps1_dr2
132830842551805106,84.25519447859,20.6954248216,12.567,II/389/ps1_dr2
132860842639063588,84.26389632815,20.71918805619,14.724,II/389/ps1_dr2
132870843448772698,84.34487211482,20.72679132091,14.6912,II/389/ps1_dr2
132860843223925245,84.32255122,20.72073585,12.9055,II/389/ps1_dr2
132860843228075719,84.32261728,20.72089124,12.5698,II/389/ps1_dr2
132860843203208913,84.32032476642,20.72364445906,13.3463,II/389/ps1_dr2
132860843226244868,84.3227818,20.72041426,13.7048,II/389/ps1_dr2
132880843622046494,84.36241708,20.73847955,10.5604,II/389/ps1_dr2
132890843548443166,84.35484677515,20.74384929319,14.6974,II/389/ps1_dr2
132900843608050982,84.36087725,20.75035416,11.708,II/389/ps1_dr2
132880843623686830,84.36227766,20.73840947,10.902,II/389/ps1_dr2
132910843133050714,84.31334507104,20.75850456279,14.1887,II/389/ps1_dr2
132920843176694443,84.31766829953,20.76992722542,14.5836,II/389/ps1_dr2
132870842591666474,84.25921951,20.72957943,14.2441,II/389/ps1_dr2
132870842607755459,84.26079576,20.72900705,11.6071,II/389/ps1_dr2
132890842659113890,84.26595628,20.74448576,13.4474,II/389/ps1_dr2
132870842621718979,84.26219144,20.73205588,14.2238,II/389/ps1_dr2
132870842601075861,84.26012316,20.72943992,8.4132,II/389/ps1_dr2
132870842604474858,84.26023377,20.72854222,7.8635,II/389/ps1_dr2
132870842596486553,84.25913252,20.72991879,12.7234,II/389/ps1_dr2
132870842596056150,84.25963838,20.72969465,12.8553,II/389/ps1_dr2
132910842545567287,84.25452146,20.76398412,10.649,II/389/ps1_dr2
132910842542487051,84.25429876,20.76379763,12.7643,II/389/ps1_dr2
132910842548877596,84.25491424,20.7640583,13.5767,II/389/ps1_dr2
132910842546707902,84.25469038,20.76443483,11.0197,II/389/ps1_dr2
132900842773665756,84.2774314056,20.75435351418,12.253,II/389/ps1_dr2
132900842772275443,84.27721514,20.7540808,13.6456,II/389/ps1_dr2
132930842527266121,84.25259982251,20.77964732939,13.8204,II/389/ps1_dr2
132920842582139362,84.25821008224,20.77401591552,13.843,II/389/ps1_dr2
132840840784647612,84.0784938868,20.70587843778,14.7437,II/389/ps1_dr2
132850841139770771,84.11396856,20.70846633,10.961,II/389/ps1_dr2
132880841818851688,84.18190716825,20.73428279647,14.2336,II/389/ps1_dr2
132870841790039704,84.17911860517,20.73265985716,13.333,II/389/ps1_dr2
132890841457047065,84.14574330395,20.74709729268,14.0218,II/389/ps1_dr2
132890841042342740,84.10426057793,20.74348225761,14.2896,II/389/ps1_dr2
132870840905871435,84.09064548531,20.72574936521,14.5898,II/389/ps1_dr2
132910840802394720,84.08026261813,20.76180275474,13.859,II/389/ps1_dr2
132930840949921398,84.09497296262,20.7756877234,14.4313,II/389/ps1_dr2
132930840754709687,84.07550013704,20.78260606651,14.0975,II/389/ps1_dr2
132920840823139402,84.08235179713,20.77403895953,14.2585,II/389/ps1_dr2
132950842188113240,84.21882568838,20.79392966705,14.8987,II/389/ps1_dr2
132970842644097973,84.26443860596,20.814546266,14.236,II/389/ps1_dr2
132990842257837774,84.22578315202,20.83103217272,14.7235,II/389/ps1_dr2
132990842484793871,84.24856984,20.82783594,11.968,II/389/ps1_dr2
133010842292106278,84.22909334008,20.84637587984,12.9138,II/389/ps1_dr2
133010842289556103,84.2290721979,20.84634278844,12.543,II/389/ps1_dr2
132950841462948106,84.14632133601,20.79796998478,14.0884,II/389/ps1_dr2
132990841725694506,84.17258516732,20.82830789474,14.4129,II/389/ps1_dr2
133010841957501494,84.1957976,20.84270042,13.8149,II/389/ps1_dr2
133020842270563283,84.227079,20.85231712,12.112,II/389/ps1_dr2
133040841779677840,84.17798176819,20.87275392825,14.6125,II/389/ps1_dr2
132790838984501463,83.89849195334,20.65910015136,14.2719,II/389/ps1_dr2
132790839179434109,83.91798826301,20.66128997344,14.8773,II/389/ps1_dr2
132790839193226193,83.91943036294,20.66307095304,13.395,II/389/ps1_dr2
132810838931779353,83.89319996174,20.68233329068,14.8169,II/389/ps1_dr2
132780838171999142,83.81722325286,20.65714564419,13.9109,II/389/ps1_dr2
132810838266987346,83.82682983042,20.68070706535,12.755,II/389/ps1_dr2
132790837903483856,83.79039025904,20.66108997734,14.0306,II/389/ps1_dr2
132830838720086379,83.87201799,20.69652774,13.724,II/389/ps1_dr2
132860838494941974,83.8495686479,20.71784601842,12.868,II/389/ps1_dr2
132820839378811945,83.93792086533,20.68449741926,14.6212,II/389/ps1_dr2
132890840020681124,84.00208516809,20.74213074281,13.5236,II/389/ps1_dr2
132910839899603079,83.98999342817,20.76042849518,13.8913,II/389/ps1_dr2
132920839862499933,83.98643959,20.7743947,13.6571,II/389/ps1_dr2
132920839859169737,83.98602826,20.77432677,11.56,II/389/ps1_dr2
132870839009252372,83.90097890036,20.72652378102,14.2688,II/389/ps1_dr2
132880839051408789,83.90518728463,20.74019441964,14.6042,II/389/ps1_dr2
132920838828323434,83.88286557763,20.76904827338,14.3419,II/389/ps1_dr2
132940839646842933,83.96472225261,20.78531347338,14.6771,II/389/ps1_dr2
132930839064095214,83.90644609918,20.77886958353,14.6544,II/389/ps1_dr2
132960839366338227,83.93667691406,20.80638741625,14.2801,II/389/ps1_dr2
132950839266677212,83.92677101167,20.79711273282,13.42,II/389/ps1_dr2
132840837267048224,83.72672823804,20.70638728253,14.3587,II/389/ps1_dr2
132840837462268780,83.74626148436,20.70685161737,14.267,II/389/ps1_dr2
132870837646032761,83.76463771955,20.72683041022,14.753,II/389/ps1_dr2
132870838018597828,83.80194147229,20.73108146087,14.334,II/389/ps1_dr2
132890838193716058,83.81940867747,20.74624814171,14.206,II/389/ps1_dr2
132890838189480173,83.81900183309,20.74135755905,13.038,II/389/ps1_dr2
132870838265753758,83.82662345112,20.72767904228,13.6313,II/389/ps1_dr2
132870837815291564,83.78167116144,20.72588084581,13.7127,II/389/ps1_dr2
132850837225844318,83.72260687282,20.71146724291,14.0199,II/389/ps1_dr2
132870836865126226,83.68653838518,20.72972076945,14.7982,II/389/ps1_dr2
132910837754920079,83.77555375184,20.75792934929,14.372,II/389/ps1_dr2
132920837693285076,83.76945469761,20.77046072134,13.305,II/389/ps1_dr2
132910837571848839,83.75735207439,20.7653000369,13.9384,II/389/ps1_dr2
132940837896097077,83.78965708247,20.78876150159,13.43,II/389/ps1_dr2
132930837304667058,83.73061621,20.78041623,14.0503,II/389/ps1_dr2
132940837258979099,83.72591971831,20.79046354226,12.977,II/389/ps1_dr2
132940837576760409,83.75772684023,20.78321761547,13.6987,II/389/ps1_dr2
132940837673529818,83.76739374937,20.79103716877,13.8881,II/389/ps1_dr2
132900838602448741,83.86031420825,20.75683329708,13.8648,II/389/ps1_dr2
132940838678705260,83.86791203681,20.78724081427,13.887,II/389/ps1_dr2
132930838516247922,83.85164156578,20.78113115919,14.9663,II/389/ps1_dr2
132960838417231409,83.84173501,20.80072042,12.963,II/389/ps1_dr2
133000839180032105,83.91802797,20.83461171,13.1117,II/389/ps1_dr2
132990839207384373,83.92077381549,20.82817038896,14.8053,II/389/ps1_dr2
133000839178341728,83.9179305,20.83432793,12.876,II/389/ps1_dr2
132980838744831473,83.8743518,20.81737839,11.7583,II/389/ps1_dr2
132980838746000366,83.87449009,20.81647791,10.345,II/389/ps1_dr2
133000838728593848,83.87288822,20.83607035,12.5404,II/389/ps1_dr2
132990838766860101,83.87671795123,20.82462197595,14.5434,II/389/ps1_dr2
133000838727203470,83.87283154,20.83584541,12.541,II/389/ps1_dr2
132970838741079938,83.87418067,20.81617326,10.2971,II/389/ps1_dr2
132980838743540172,83.87451046,20.81638617,10.5135,II/389/ps1_dr2
132980838783472934,83.87840391857,20.81861251633,14.8958,II/389/ps1_dr2
133050838596352870,83.85965545434,20.87692158323,13.5647,II/389/ps1_dr2
132950840026810607,84.0027786679,20.79172436744,13.425,II/389/ps1_dr2
132960840277528474,84.02782776,20.8066163,11.972,II/389/ps1_dr2
132950840307494905,84.03090165123,20.79533172879,13.5638,II/389/ps1_dr2
132970840742685555,84.07427466549,20.81248382778,14.9779,II/389/ps1_dr2
132970840620994745,84.06211916774,20.81180251646,14.2318,II/389/ps1_dr2
132980840710000621,84.07100493,20.81686474,11.847,II/389/ps1_dr2
132970840947719636,84.09485525972,20.81592561453,13.694,II/389/ps1_dr2
132970840397957674,84.03987047446,20.81427381871,13.9226,II/389/ps1_dr2
132980840485575397,84.04858455892,20.82069524607,14.5688,II/389/ps1_dr2
132950839737729126,83.97381340272,20.79879772876,14.9046,II/389/ps1_dr2
132940839737348740,83.97376683134,20.79012538769,13.459,II/389/ps1_dr2
132980839993362364,83.99937619728,20.81816007799,14.6092,II/389/ps1_dr2
133040839956683199,83.99579490849,20.8689010906,13.317,II/389/ps1_dr2
133050840107339851,84.01076190976,20.88274259125,14.736,II/389/ps1_dr2
133030841423153312,84.14234429177,20.86063134272,14.411,II/389/ps1_dr2
133010840886039010,84.08864059992,20.84871099056,13.057,II/389/ps1_dr2
133050841675905816,84.16763469572,20.8793683983,14.0962,II/389/ps1_dr2
133080841575764955,84.15763121357,20.90369201323,13.8308,II/389/ps1_dr2
133070841702124178,84.1702433172,20.8947053111,13.8142,II/389/ps1_dr2
133070840932048938,84.09332784057,20.89868166835,13.5387,II/389/ps1_dr2
133080840605848610,84.06061748225,20.90671835278,13.9343,II/389/ps1_dr2
133130840900660004,84.0901068212,20.94121378188,14.2932,II/389/ps1_dr2
133060839380583984,83.93818962362,20.88622575389,13.288,II/389/ps1_dr2
133060839927408301,83.99278669964,20.88979717469,14.8173,II/389/ps1_dr2
133080839408111854,83.94083930714,20.90105910203,12.043,II/389/ps1_dr2
133040838992123774,83.8992546903,20.86933816678,14.8687,II/389/ps1_dr2
133080839141955237,83.91434451,20.90392875,13.0459,II/389/ps1_dr2
133090839029190686,83.90296940518,20.908429109,14.6828,II/389/ps1_dr2
133080839136625511,83.91363569,20.9040898,8.932,II/389/ps1_dr2
133080839126705878,83.9127325,20.90433218,13.5568,II/389/ps1_dr2
133100838983167820,83.89834404728,20.92272423765,13.9569,II/389/ps1_dr2
133110838962081631,83.89623752975,20.92589951971,14.5344,II/389/ps1_dr2
133100839025287363,83.90257859668,20.92233700328,13.7469,II/389/ps1_dr2
133110839261137114,83.9261555535,20.93047547462,14.2993,II/389/ps1_dr2
133120839609143409,83.96092532743,20.93569143053,14.2695,II/389/ps1_dr2
133120839484104075,83.94845513061,20.93625151438,14.9111,II/389/ps1_dr2
133150839293595414,83.92940048919,20.96239947204,14.2397,II/389/ps1_dr2
133110840080362457,84.00806567595,20.92658081638,14.9763,II/389/ps1_dr2
133140840404020138,84.04019966,20.94981309,12.2974,II/389/ps1_dr2
133140840364162750,84.0364475313,20.95183297594,14.861,II/389/ps1_dr2
133130840402839774,84.04034608,20.94933105,11.84,II/389/ps1_dr2
133130840000769608,84.00010341127,20.94921392713,14.8275,II/389/ps1_dr2
133190840504160872,84.05048281339,20.99198129296,13.8376,II/389/ps1_dr2
133180839815575235,83.98159118977,20.98722885715,13.2884,II/389/ps1_dr2
133210839900173545,83.99004979424,21.01082863337,14.2284,II/389/ps1_dr2
133190840285160487,84.02854228557,20.99162436391,14.5672,II/389/ps1_dr2
132530833355489586,83.33556061275,20.44919996,14.5873,II/389/ps1_dr2
132550833426918055,83.34268215213,20.46458414616,14.8899,II/389/ps1_dr2
132550833031251801,83.30313607713,20.45935021166,14.1847,II/389/ps1_dr2
132610832974965730,83.29754568502,20.51264195992,14.1504,II/389/ps1_dr2
132600832380832300,83.23811424801,20.50144790339,14.5792,II/389/ps1_dr2
132600832631796665,83.26320650332,20.50507601461,14.5373,II/389/ps1_dr2
132620832590969443,83.25911240296,20.52402886159,13.9935,II/389/ps1_dr2
132630832669632388,83.26698509453,20.52650444833,13.6962,II/389/ps1_dr2
132630832802849622,83.2802965541,20.53254959474,13.5815,II/389/ps1_dr2
132630833455455011,83.34556947069,20.52871007382,14.6669,II/389/ps1_dr2
132620834181059226,83.41813922006,20.52396330142,13.3093,II/389/ps1_dr2
132620834182459548,83.41815767097,20.52404170552,13.055,II/389/ps1_dr2
132660834366454528,83.4366628399,20.55332581145,14.9005,II/389/ps1_dr2
132690833720107757,83.37202755201,20.58101758713,13.6453,II/389/ps1_dr2
132680833436765218,83.34367688035,20.5705098449,14.2216,II/389/ps1_dr2
132710834201885622,83.42020327597,20.59590885229,14.6967,II/389/ps1_dr2
132730834144817775,83.41449234772,20.61435987045,13.272,II/389/ps1_dr2
132740834264394611,83.42645106083,20.62005710251,13.6356,II/389/ps1_dr2
132740834317592509,83.43176554065,20.61830106576,13.5753,II/389/ps1_dr2
132610832332870774,83.23331197255,20.50851926559,14.9197,II/389/ps1_dr2
132670832674940950,83.2675079752,20.55868903857,14.7135,II/389/ps1_dr2
132670832620127490,83.26203536614,20.5640831905,13.0,II/389/ps1_dr2
132670832984499013,83.2984799156,20.56537340354,14.7609,II/389/ps1_dr2
132710832769603177,83.27699758428,20.59381857958,14.1864,II/389/ps1_dr2
132670831943667251,83.19440150285,20.5639082726,14.1526,II/389/ps1_dr2
132740832602025426,83.26008279966,20.62094738857,14.6885,II/389/ps1_dr2
132750832375942750,83.23758458,20.62674753,11.369,II/389/ps1_dr2
132740832600495720,83.26008109929,20.62095236366,14.6673,II/389/ps1_dr2
132730831992089871,83.19911691311,20.61605775207,13.9367,II/389/ps1_dr2
132740831996740119,83.19967745836,20.61625765108,13.8203,II/389/ps1_dr2
132780832274755054,83.22746518189,20.6536796924,13.14,II/389/ps1_dr2
132750832948470475,83.29487910433,20.62490620633,13.9367,II/389/ps1_dr2
132750832817612453,83.28183634356,20.62656379582,11.92,II/389/ps1_dr2
132790832832460310,83.28326163628,20.65812449985,14.4758,II/389/ps1_dr2
132790833020539014,83.3020694109,20.66538282094,14.7938,II/389/ps1_dr2
132810833130230985,83.31304230087,20.67537575932,14.0371,II/389/ps1_dr2
132820833429855019,83.34299502477,20.68707168508,14.2358,II/389/ps1_dr2
132700834916909185,83.49172809348,20.59052454483,14.9269,II/389/ps1_dr2
132750835094790541,83.50949245021,20.62499669959,13.4767,II/389/ps1_dr2
132750835094330465,83.50948501262,20.62498295068,13.482,II/389/ps1_dr2
132750834691081506,83.4691343493,20.62581353785,14.2641,II/389/ps1_dr2
132770834768374014,83.47686044465,20.64455655051,14.9764,II/389/ps1_dr2
132770835415779367,83.54160077944,20.64900395572,13.4407,II/389/ps1_dr2
132770835417809625,83.54171402848,20.64921883437,13.328,II/389/ps1_dr2
132810834262415003,83.42625429,20.67870046,13.1743,II/389/ps1_dr2
132810834264035340,83.42641613,20.67900322,10.972,II/389/ps1_dr2
132810834638081072,83.46383628095,20.67544839804,13.295,II/389/ps1_dr2
132820834627382019,83.46276779745,20.68456914706,13.5895,II/389/ps1_dr2
132840834753421777,83.4753698321,20.70103681415,14.851,II/389/ps1_dr2
132830835880722655,83.58811448279,20.69339197961,14.8028,II/389/ps1_dr2
132890836677003545,83.66771777064,20.7441583857,13.585,II/389/ps1_dr2
132890835965883888,83.59668501,20.7444242,13.0623,II/389/ps1_dr2
132890835968964003,83.59679862,20.74444817,12.862,II/389/ps1_dr2
132890835969944990,83.59700362,20.74536367,14.6965,II/389/ps1_dr2
132910836247809663,83.62479604234,20.76592594681,13.9801,II/389/ps1_dr2
132890835806640325,83.58072282249,20.74143950602,14.2866,II/389/ps1_dr2
132890835335035482,83.53352129094,20.74578326858,14.7144,II/389/ps1_dr2
132900835405112149,83.54047551,20.75126199,12.21,II/389/ps1_dr2
132900835407011893,83.54075749,20.75128575,13.6016,II/389/ps1_dr2
132920835333299660,83.53334368894,20.77426862642,14.8055,II/389/ps1_dr2
132900835904677545,83.59041904309,20.75584967752,13.385,II/389/ps1_dr2
132960835861536780,83.58600528289,20.80508836189,13.17,II/389/ps1_dr2
132810834265296521,83.42660556,20.67988372,12.9662,II/389/ps1_dr2
132850834167541754,83.41677191143,20.70935988844,14.9411,II/389/ps1_dr2
132850834023542191,83.4023752167,20.70972452982,14.5752,II/389/ps1_dr2
132850834408157295,83.44084524296,20.71397158935,13.7345,II/389/ps1_dr2
132850834482905692,83.44831331375,20.71263988233,14.9095,II/389/ps1_dr2
132870834538128214,83.45383668467,20.73140796595,13.8501,II/389/ps1_dr2
132880834606807567,83.46070160088,20.73920380639,14.84,II/389/ps1_dr2
132880834711024535,83.47112830173,20.73667548917,14.0073,II/389/ps1_dr2
132890834273315010,83.42736103971,20.74541405319,13.9191,II/389/ps1_dr2
132910834631248943,83.46316321221,20.76537687617,13.9797,II/389/ps1_dr2
132910834561956106,83.45621815336,20.76298076177,14.641,II/389/ps1_dr2
132870833731647419,83.37318175291,20.73074902023,13.4274,II/389/ps1_dr2
132900833751128299,83.37512821,20.75641955,12.508,II/389/ps1_dr2
132900833754578652,83.37544451,20.7566423,14.7096,II/389/ps1_dr2
132910834179055248,83.41792777525,20.7622710494,14.2878,II/389/ps1_dr2
132900834048640797,83.40489928588,20.75021963281,13.7241,II/389/ps1_dr2
132960834142135696,83.41423525328,20.80430230195,14.9403,II/389/ps1_dr2
132920835078526333,83.50787334216,20.77149641519,13.5726,II/389/ps1_dr2
132910835010394887,83.5010938711,20.76203777717,14.0284,II/389/ps1_dr2
132950834697045017,83.46972631739,20.79540805839,12.824,II/389/ps1_dr2
132960835233697324,83.52338163257,20.80564710222,12.52,II/389/ps1_dr2
132980835651668308,83.56521634176,20.82310994571,13.9621,II/389/ps1_dr2
132990835652079325,83.56528200429,20.83227061827,14.069,II/389/ps1_dr2
133020835381590243,83.5381707399,20.8497544661,13.6233,II/389/ps1_dr2
133000834329862372,83.43300365866,20.83486815625,14.9467,II/389/ps1_dr2
132740831373332787,83.13735473009,20.61851393976,14.7182,II/389/ps1_dr2
132750831110208044,83.11104878586,20.6312237316,14.6213,II/389/ps1_dr2
132780831879239821,83.18795385926,20.65771062695,14.3843,II/389/ps1_dr2
132780831845921841,83.18462055842,20.6510625721,14.9042,II/389/ps1_dr2
132780832146050370,83.21462990941,20.64981662421,13.72,II/389/ps1_dr2
132770832133559464,83.213401715,20.6490705808,14.1607,II/389/ps1_dr2
132770831081002101,83.10812288637,20.64292052526,13.7233,II/389/ps1_dr2
132790830805173276,83.08053745983,20.66058841355,14.7096,II/389/ps1_dr2
132780830799776385,83.08026116,20.65508197,13.5742,II/389/ps1_dr2
132810831534219708,83.15348946055,20.6825996384,13.345,II/389/ps1_dr2
132840831735499847,83.17357496656,20.70773181704,14.9669,II/389/ps1_dr2
132850831692513977,83.16928838157,20.71116136513,14.088,II/389/ps1_dr2
132850831200596025,83.12008423424,20.7128905726,14.8223,II/389/ps1_dr2
132860831570365660,83.15705844173,20.72091005004,14.9163,II/389/ps1_dr2
132830832309649646,83.23098903191,20.69923293525,14.484,II/389/ps1_dr2
132870832762816937,83.27631620336,20.73028277132,14.5426,II/389/ps1_dr2
132880832627951191,83.26280883,20.73379979,11.404,II/389/ps1_dr2
132900832057010662,83.20573239202,20.75006152457,13.9339,II/389/ps1_dr2
132890831530188122,83.15302555,20.74787863,11.873,II/389/ps1_dr2
132920832216672766,83.22168593947,20.76850047471,14.3767,II/389/ps1_dr2
132800830561438510,83.05616379215,20.67328083165,14.3486,II/389/ps1_dr2
132810830636119783,83.06364876418,20.6826732901,14.4096,II/389/ps1_dr2
132820830541405998,83.0541621921,20.68784581011,14.9129,II/389/ps1_dr2
132870830543280226,83.05434241774,20.72473586096,14.2771,II/389/ps1_dr2
132880830631199095,83.06315466027,20.74041484631,14.4829,II/389/ps1_dr2
132880830205367403,83.02057351861,20.73903082419,14.0391,II/389/ps1_dr2
132890829997272010,82.99975226426,20.74286663462,14.6866,II/389/ps1_dr2
132900830050044992,83.00500571338,20.75370759758,14.5015,II/389/ps1_dr2
132900830622185818,83.06220824663,20.75433600763,13.4666,II/389/ps1_dr2
132930831762934921,83.17630137623,20.77858251939,13.38,II/389/ps1_dr2
132930831406357153,83.14067066634,20.78046973494,14.3406,II/389/ps1_dr2
132920831174875570,83.11752331341,20.77077947833,12.977,II/389/ps1_dr2
132960832005962877,83.20067619427,20.80193330915,13.373,II/389/ps1_dr2
133000831821155300,83.18213199297,20.83729735054,14.5987,II/389/ps1_dr2
132960830939860462,83.09399494075,20.79994621022,14.5296,II/389/ps1_dr2
133010831094867645,83.10949570221,20.84758675073,14.7534,II/389/ps1_dr2
133000831336453491,83.13366471071,20.83578986758,14.1003,II/389/ps1_dr2
133040831568713155,83.15688712818,20.86882413925,14.8142,II/389/ps1_dr2
133040831641017978,83.16411224974,20.87286666692,14.915,II/389/ps1_dr2
133040831290786006,83.12909327952,20.87122172049,14.9298,II/389/ps1_dr2
132940832840037605,83.28403801218,20.78917663007,13.3534,II/389/ps1_dr2
133000833815581253,83.38157733177,20.8339272157,13.5663,II/389/ps1_dr2
132950832884114670,83.28845631744,20.79506155567,14.7341,II/389/ps1_dr2
133000832908960638,83.29090422864,20.83341151907,14.1437,II/389/ps1_dr2
132990833125395581,83.31254269404,20.82919312395,14.7255,II/389/ps1_dr2
132980832600989956,83.26013412079,20.82446484834,13.6031,II/389/ps1_dr2
133010833461838756,83.34618737428,20.8484995265,14.1416,II/389/ps1_dr2
133020833522714189,83.35227922759,20.85302670911,14.0548,II/389/ps1_dr2
133020833545167823,83.35452218878,20.85605960027,14.9663,II/389/ps1_dr2
133020833539905992,83.35399123084,20.8547400824,13.1976,II/389/ps1_dr2
133010834195343752,83.41955467988,20.84434693902,14.2543,II/389/ps1_dr2
133030833991137689,83.39913449754,20.86428888541,13.4636,II/389/ps1_dr2
133050834067011716,83.40675129202,20.87597005635,14.9405,II/389/ps1_dr2
133080834473131516,83.44733031982,20.90080619759,14.0949,II/389/ps1_dr2
133090834221191698,83.42213894099,20.90929857981,14.8304,II/389/ps1_dr2
133110834087663755,83.40879526558,20.92764747325,14.1904,II/389/ps1_dr2
133100834101358993,83.41012671128,20.92363488875,12.5278,II/389/ps1_dr2
133120834471117370,83.44708978958,20.93908073701,14.357,II/389/ps1_dr2
133000832348738142,83.23491172495,20.83962949481,14.4022,II/389/ps1_dr2
133030832386943825,83.2387149925,20.86106909166,14.6049,II/389/ps1_dr2
133030832650212734,83.2650297902,20.86014741278,14.565,II/389/ps1_dr2
133070832325294533,83.23253476951,20.89498445948,14.6152,II/389/ps1_dr2
133080833016098062,83.30161400878,20.90625568532,14.9757,II/389/ps1_dr2
133040831980029405,83.19801126987,20.87404510982,14.7085,II/389/ps1_dr2
133050832021346543,83.20215735404,20.87999785279,14.2347,II/389/ps1_dr2
133110831888316165,83.18880403,20.92959769,11.5971,II/389/ps1_dr2
133110831881635046,83.18819321,20.92881337,11.6043,II/389/ps1_dr2
133110831885395620,83.18855538,20.92927532,9.838,II/389/ps1_dr2
133110831888496793,83.18878904,20.93021413,13.7262,II/389/ps1_dr2
133100832104527402,83.21046697474,20.92237118236,13.8433,II/389/ps1_dr2
133100833224091068,83.32242924873,20.91709235396,14.1891,II/389/ps1_dr2
133140832978076913,83.2977745887,20.95533824165,13.7753,II/389/ps1_dr2
133130832963455227,83.29632989692,20.94560010926,14.9522,II/389/ps1_dr2
133140833062786953,83.30622770042,20.95538600214,13.446,II/389/ps1_dr2
133160833250061384,83.32497339851,20.96739467572,13.9214,II/389/ps1_dr2
133130833619817770,83.36196635388,20.94772091338,14.8997,II/389/ps1_dr2
133150833556253210,83.35560200582,20.9606006917,14.8028,II/389/ps1_dr2
133150833660884799,83.36607404335,20.96191154933,14.5185,II/389/ps1_dr2
133160833926239390,83.39259892335,20.97407429871,13.8591,II/389/ps1_dr2
133180833513392294,83.3513246507,20.98480985538,14.5898,II/389/ps1_dr2
133170832940703843,83.29401091114,20.9777672441,13.4708,II/389/ps1_dr2
133180832665219538,83.26642014109,20.99084321804,14.0108,II/389/ps1_dr2
133160832519220077,83.25186252615,20.96630269185,14.5013,II/389/ps1_dr2
133170832544840618,83.25437491988,20.97507001677,14.2704,II/389/ps1_dr2
133210833255496597,83.32553085942,21.01340884695,14.822,II/389/ps1_dr2
133210833386352137,83.33859471354,21.00967427949,14.4223,II/389/ps1_dr2
133210833477360232,83.34772349996,21.00809384321,14.5406,II/389/ps1_dr2
133210833009952360,83.30088398,21.00988243,12.314,II/389/ps1_dr2
133210833010522738,83.30097473,21.01010695,13.7108,II/389/ps1_dr2
133210833007392016,83.30086931,21.00962532,13.5795,II/389/ps1_dr2
133250833146753431,83.31460940803,21.0440879121,13.6085,II/389/ps1_dr2
132960836616038609,83.6616284037,20.80672282004,12.859,II/389/ps1_dr2
132960836669861064,83.66700374388,20.80042309165,14.7421,II/389/ps1_dr2
132960837096281361,83.70964842045,20.80066323766,14.4,II/389/ps1_dr2
132980837512682182,83.75128132332,20.81803667038,12.359,II/389/ps1_dr2
132980836871567186,83.68718990012,20.82219949008,12.123,II/389/ps1_dr2
132950836124436102,83.61259183703,20.79629161516,14.1955,II/389/ps1_dr2
132970836523778407,83.65238884168,20.81487498227,14.7213,II/389/ps1_dr2
132990836439646417,83.64397264868,20.82986531235,13.196,II/389/ps1_dr2
133020836610061458,83.66100374,20.85070786,13.8347,II/389/ps1_dr2
133020836612771360,83.66120555911,20.85065154294,13.4637,II/389/ps1_dr2
133020836847898423,83.68480310023,20.85656528904,13.6155,II/389/ps1_dr2
133040836954643773,83.6954807862,20.8693603547,12.906,II/389/ps1_dr2
133030837039866510,83.70399907226,20.86329421478,13.9584,II/389/ps1_dr2
133040836422845009,83.64228976306,20.87037971532,14.9247,II/389/ps1_dr2
133010837677246473,83.76786009973,20.84648671052,14.039,II/389/ps1_dr2
133030837673637714,83.76738645288,20.8643068062,14.2328,II/389/ps1_dr2
133060837441835802,83.7441978779,20.88770618812,14.9647,II/389/ps1_dr2
133090838384241082,83.83840099,20.90873866,10.1325,II/389/ps1_dr2
133080838377729529,83.83763175,20.90749945,13.5906,II/389/ps1_dr2
133090838381820526,83.838257,20.908466,10.071,II/389/ps1_dr2
133110838087111864,83.80872892251,20.92609525709,13.9841,II/389/ps1_dr2
133060837026190706,83.70263298727,20.88346974627,13.454,II/389/ps1_dr2
133040837105445556,83.7105564331,20.87082487609,14.9315,II/389/ps1_dr2
133030836047899531,83.60476106,20.86580825,13.361,II/389/ps1_dr2
133040836112256423,83.61122295384,20.87155181269,14.7773,II/389/ps1_dr2
133040835700954951,83.57009832061,20.87034006337,14.153,II/389/ps1_dr2
133070836078509848,83.60784750418,20.89941624964,14.4441,II/389/ps1_dr2
133080835589176343,83.55891386,20.90481482,13.126,II/389/ps1_dr2
133100835362350786,83.53620678467,20.9168953414,13.5207,II/389/ps1_dr2
133120835839527621,83.58394594543,20.93920459598,13.7905,II/389/ps1_dr2
133130835539604015,83.55395640805,20.94454458342,14.9257,II/389/ps1_dr2
133160835997541205,83.59974950715,20.96719182357,14.0037,II/389/ps1_dr2
133120836719759192,83.67198175707,20.9405382756,12.614,II/389/ps1_dr2
133120836980783547,83.69807943197,20.93584152143,14.6889,II/389/ps1_dr2
133170836703534924,83.67035967845,20.97864082117,14.3979,II/389/ps1_dr2
133180837393228668,83.73932391933,20.99010447608,13.486,II/389/ps1_dr2
133170837233368107,83.72340259159,20.98132106582,14.2978,II/389/ps1_dr2
133210837136557601,83.71370104717,21.0143687037,14.5086,II/389/ps1_dr2
133200837369561968,83.73697149664,21.00118462069,14.8935,II/389/ps1_dr2
133150836185708453,83.61856963925,20.96490689223,13.227,II/389/ps1_dr2
133170836420732757,83.64208464224,20.97684842348,14.9533,II/389/ps1_dr2
133210836251846367,83.62517688122,21.01330999698,13.32,II/389/ps1_dr2
133200836139731526,83.61397510167,21.0008094308,13.6183,II/389/ps1_dr2
133200836860141918,83.68599073,21.00117431,13.6192,II/389/ps1_dr2
133200836856051787,83.68563329,21.00111815,11.772,II/389/ps1_dr2
133240836767906439,83.67678410909,21.03827210004,13.9635,II/389/ps1_dr2
133230836754404733,83.67545029819,21.02850125998,13.6032,II/389/ps1_dr2
133240836818532098,83.68187227,21.03437741,11.2763,II/389/ps1_dr2
133120838353337326,83.83534685638,20.93897793013,13.5416,II/389/ps1_dr2
133150838338289776,83.83384405803,20.96602330134,13.3442,II/389/ps1_dr2
133150838947933084,83.89482030935,20.96044158012,14.1636,II/389/ps1_dr2
133160838708163585,83.87084539785,20.96919696499,14.6856,II/389/ps1_dr2
133160838084576270,83.80847265913,20.97143742861,14.209,II/389/ps1_dr2
133180838156039352,83.8155574566,20.99053802674,13.3114,II/389/ps1_dr2
133180838154698993,83.81561014,20.99062488,13.4266,II/389/ps1_dr2
133190837750233391,83.77503099087,20.99404391229,14.8745,II/389/ps1_dr2
133190838049877473,83.80500166731,20.9974384162,14.7625,II/389/ps1_dr2
133230838805465086,83.88057771427,21.02879046618,13.7736,II/389/ps1_dr2
133210838578647207,83.85778718,21.01366807,11.51,II/389/ps1_dr2
133210838574666782,83.85738196,21.01349318,13.1606,II/389/ps1_dr2
133230838399252737,83.83995096693,21.0268379678,13.321,II/389/ps1_dr2
133210839290639944,83.92909491233,21.01617583894,14.6729,II/389/ps1_dr2
133230839365847812,83.93660805038,21.0310579127,14.2218,II/389/ps1_dr2
133250839745219716,83.9743334,21.04933478,9.126,II/389/ps1_dr2
133250839769300416,83.97706155732,21.0415634158,12.432,II/389/ps1_dr2
133220839800859751,83.98011095125,21.02433678134,14.8194,II/389/ps1_dr2
133250839735709193,83.97359532,21.04883791,14.6792,II/389/ps1_dr2
133250839998712458,83.99991625827,21.04326450793,14.8663,II/389/ps1_dr2
133270839594161228,83.95947967293,21.05889186712,13.8633,II/389/ps1_dr2
133270839684064491,83.96846452856,21.0616081221,14.4893,II/389/ps1_dr2
133250839007701438,83.90079942133,21.04241305112,14.757,II/389/ps1_dr2
133290839119711520,83.91204690163,21.07578041425,14.1003,II/389/ps1_dr2
133270838506411465,83.85065990486,21.05911350067,14.3592,II/389/ps1_dr2
133280838589425510,83.85895693069,21.07081421161,14.1332,II/389/ps1_dr2
133280838716270213,83.87165088163,21.06640438314,14.831,II/389/ps1_dr2
133300838803081528,83.88039202878,21.08415208271,13.031,II/389/ps1_dr2
133310839385612966,83.93856671925,21.09374443965,14.6769,II/389/ps1_dr2
133290839251719471,83.92523093448,21.08242504047,14.5217,II/389/ps1_dr2
133320839186191005,83.91867052453,21.10037612242,14.2554,II/389/ps1_dr2
133200837407665290,83.74080121348,21.00395216045,13.8719,II/389/ps1_dr2
133230837476601064,83.74773069248,21.02542962896,14.0057,II/389/ps1_dr2
133240837642394247,83.76411163,21.03658318,12.2378,II/389/ps1_dr2
133240837645034861,83.76425883,21.03702922,13.7856,II/389/ps1_dr2
133250837742945238,83.77438977,21.04563633,10.901,II/389/ps1_dr2
133240837640133695,83.76410074,21.03610159,11.895,II/389/ps1_dr2
133240838154503668,83.81544940893,21.03594430874,14.4251,II/389/ps1_dr2
133250838131656847,83.81318013466,21.04691721069,14.7018,II/389/ps1_dr2
133270838088084298,83.80881412588,21.06147860459,14.7222,II/389/ps1_dr2
133280837831604028,83.78312177,21.0695921,13.1487,II/389/ps1_dr2
133280837830253675,83.7830308821,21.06929571053,11.781,II/389/ps1_dr2
133280837833973786,83.78340578,21.06920799,13.2584,II/389/ps1_dr2
133230837144876451,83.714495371,21.02993857868,14.0846,II/389/ps1_dr2
133260837522586699,83.75226808669,21.05513992475,12.074,II/389/ps1_dr2
133260837088499288,83.70883137303,21.05733282246,14.5659,II/389/ps1_dr2
133290837782344926,83.77818049968,21.07867466513,12.343,II/389/ps1_dr2
133330837709887530,83.77092044856,21.11420494643,14.2979,II/389/ps1_dr2
133360838942085256,83.89426601,21.13723038,13.1715,II/389/ps1_dr2
133360838954530288,83.89550206143,21.13310480206,14.677,II/389/ps1_dr2
133350839148482518,83.91485360867,21.12664978566,14.9511,II/389/ps1_dr2
133340839145698097,83.91457423113,21.12296855827,13.255,II/389/ps1_dr2
133370839037829550,83.90381578813,21.14917074371,14.0766,II/389/ps1_dr2
133370838860154464,83.8860031804,21.14496798376,14.847,II/389/ps1_dr2
133380838939163064,83.89400259,21.15206275,12.939,II/389/ps1_dr2
133380838941332813,83.89407224,21.15204575,13.6732,II/389/ps1_dr2
133390838980526509,83.89803841282,21.16333267219,14.6227,II/389/ps1_dr2
133340838065983167,83.80663151435,21.11884045671,14.9739,II/389/ps1_dr2
133350838029595132,83.80300006061,21.1288745424,14.7526,II/389/ps1_dr2
133380837798020561,83.7798003843,21.15004574004,14.3244,II/389/ps1_dr2
133370837976808371,83.79768644359,21.14820845406,13.9813,II/389/ps1_dr2
133410838038131616,83.80379610226,21.17596306684,14.6516,II/389/ps1_dr2
133390838615553841,83.86160644325,21.16107010401,14.0619,II/389/ps1_dr2
133440838440887619,83.84406991324,21.20589919957,14.489,II/389/ps1_dr2
133440838554838318,83.85545407,21.20646723,12.3012,II/389/ps1_dr2
133440838557607542,83.85571456,21.20579985,8.2713,II/389/ps1_dr2
133430838500921731,83.85006475246,21.19268896911,13.8548,II/389/ps1_dr2
133430838546587491,83.85465364675,21.19746454633,14.5027,II/389/ps1_dr2
133180835468850865,83.54686299394,20.98365687349,14.7952,II/389/ps1_dr2
133140834522375079,83.45225055531,20.95377260428,14.7977,II/389/ps1_dr2
133180834768681285,83.47686812825,20.98393706615,14.1876,II/389/ps1_dr2
133190834374423901,83.43745598062,20.99443101609,13.6347,II/389/ps1_dr2
133180834430018191,83.44302163105,20.98967973775,13.482,II/389/ps1_dr2
133180834409453152,83.44096360199,20.98548259092,13.7323,II/389/ps1_dr2
133220834524215695,83.45237086,21.02101107,8.84,II/389/ps1_dr2
133220834524666133,83.45260057,21.0212689,9.7594,II/389/ps1_dr2
133270834958790533,83.49585737113,21.05836302392,14.2331,II/389/ps1_dr2
133200835970647096,83.59703260058,21.00552261412,14.8529,II/389/ps1_dr2
133240836090356104,83.60903641804,21.03796290021,14.7393,II/389/ps1_dr2
133220835410415902,83.54140464,21.0214722,12.9268,II/389/ps1_dr2
133220835415366834,83.54153306,21.02185359,12.1365,II/389/ps1_dr2
133220835415396490,83.54145212,21.02168372,10.255,II/389/ps1_dr2
133220835416115945,83.5416266,21.02101927,12.8033,II/389/ps1_dr2
133240836105269543,83.6105162796,21.04080478046,14.2987,II/389/ps1_dr2
133270836124060469,83.61236835803,21.05831716086,13.208,II/389/ps1_dr2
133290836297186540,83.62970622591,21.0800527271,12.72,II/389/ps1_dr2
133290836425039671,83.64248349567,21.08265810431,14.9983,II/389/ps1_dr2
133290836310100890,83.63097151755,21.07535168594,14.0829,II/389/ps1_dr2
133240835331124867,83.53311772974,21.03692236009,14.6625,II/389/ps1_dr2
133260835487902379,83.54878909537,21.05152230429,14.9936,II/389/ps1_dr2
133270835038181003,83.50377288268,21.05874038844,13.7069,II/389/ps1_dr2
133270835376563367,83.53767546,21.06077958,8.6,II/389/ps1_dr2
133270835378183703,83.53780526,21.06097331,9.1504,II/389/ps1_dr2
133270835365804970,83.53655711659,21.06205973321,12.352,II/389/ps1_dr2
133330836002537417,83.60023402826,21.1141069698,14.8382,II/389/ps1_dr2
133200833954728776,83.3954490847,21.00686659528,14.2426,II/389/ps1_dr2
133250834622997397,83.46239563,21.04717952,13.0848,II/389/ps1_dr2
133250834620127245,83.46203624853,21.04723981137,12.498,II/389/ps1_dr2
133260834488554495,83.44887411632,21.05327518831,14.3885,II/389/ps1_dr2
133250834688605967,83.46874143,21.04619636,12.368,II/389/ps1_dr2
133280834736929819,83.47363011858,21.07445289943,13.036,II/389/ps1_dr2
133260834378488287,83.43787795224,21.05642099522,14.7311,II/389/ps1_dr2
133280833867983437,83.38681463835,21.06905869324,13.8318,II/389/ps1_dr2
133280833889884217,83.38900900303,21.06971614576,14.9623,II/389/ps1_dr2
133310834144174683,83.41439995295,21.09516731993,14.735,II/389/ps1_dr2
133340834145269471,83.41459218,21.12403745,13.3716,II/389/ps1_dr2
133340834148879548,83.41480944658,21.12419462285,13.387,II/389/ps1_dr2
133340834149109913,83.41480436,21.12424729,13.4707,II/389/ps1_dr2
133310835237779739,83.52373489699,21.09936975789,13.005,II/389/ps1_dr2
133360835441054695,83.54417238171,21.13680687677,12.347,II/389/ps1_dr2
133340835509023862,83.5508602213,21.11946863996,13.7342,II/389/ps1_dr2
133360835554375998,83.55541128676,21.13791005692,14.119,II/389/ps1_dr2
133370835032530860,83.50333398,21.14191985,13.0181,II/389/ps1_dr2
133370835029830661,83.50295751214,21.14182880491,12.09,II/389/ps1_dr2
133390835452696103,83.54524949896,21.16301385618,14.3764,II/389/ps1_dr2
133360834496607036,83.44964315562,21.13879642906,14.8389,II/389/ps1_dr2
133400835131855387,83.51315894931,21.17073556182,13.6918,II/389/ps1_dr2
133430835240061723,83.52398885461,21.19267133034,13.6953,II/389/ps1_dr2
133440834832411204,83.48322212,21.20055703,11.7488,II/389/ps1_dr2
133440834836511424,83.48371993,21.20090891,14.0514,II/389/ps1_dr2
133420835007935076,83.50077498681,21.18711979495,13.8064,II/389/ps1_dr2
133440834833261612,83.48334601,21.20084231,11.418,II/389/ps1_dr2
133320837052612022,83.70537553103,21.10136278327,12.892,II/389/ps1_dr2
133310836587889330,83.65876178668,21.09903557056,14.1051,II/389/ps1_dr2
133350836688035036,83.6687631684,21.1287995839,14.5695,II/389/ps1_dr2
133350836776907500,83.67767655,21.13083966,11.529,II/389/ps1_dr2
133330837135870399,83.71354636919,21.10826946623,13.9223,II/389/ps1_dr2
133350837441068645,83.74408756095,21.13182037621,14.5625,II/389/ps1_dr2
133370836762013218,83.67618947075,21.14394564436,14.9648,II/389/ps1_dr2
133370837032117392,83.70315006198,21.14743532254,13.9364,II/389/ps1_dr2
133390837031198122,83.70304026811,21.16465581406,12.623,II/389/ps1_dr2
133390837303810014,83.73035874143,21.15793779026,13.251,II/389/ps1_dr2
133360836447255538,83.64470541587,21.1375340939,14.319,II/389/ps1_dr2
133360835969970107,83.59693337495,21.13300736536,13.6723,II/389/ps1_dr2
133380836156252890,83.61561374803,21.15200685194,14.9284,II/389/ps1_dr2
133350836026688746,83.60263016263,21.13187586573,14.0572,II/389/ps1_dr2
133360836260999376,83.62607732746,21.14075505643,13.9127,II/389/ps1_dr2
133390836697201391,83.66968881013,21.15910406542,14.1566,II/389/ps1_dr2
133410837023725957,83.70235227583,21.17957137205,14.7819,II/389/ps1_dr2
133420836557221887,83.65576657111,21.18448126058,13.411,II/389/ps1_dr2
133460836699163414,83.66987648821,21.21910060863,14.2978,II/389/ps1_dr2
133420837372881337,83.73724665542,21.18403546918,13.6729,II/389/ps1_dr2
133430837345961932,83.73459110548,21.19287132681,14.5223,II/389/ps1_dr2
133450837679662909,83.76794760604,21.21036545212,14.6037,II/389/ps1_dr2
133450838289902420,83.82898860395,21.20992705254,13.31,II/389/ps1_dr2
133480838184433966,83.81843221501,21.23624716935,14.0517,II/389/ps1_dr2
133490838152016651,83.81517926231,21.24676775667,12.689,II/389/ps1_dr2
133420837218005991,83.72180528794,21.18791730572,13.8986,II/389/ps1_dr2
133440837379818911,83.73796807251,21.20703296636,14.6045,II/389/ps1_dr2
133460837340611017,83.73393405321,21.21709066876,11.548,II/389/ps1_dr2
133460836741764214,83.67414599852,21.21976607084,13.8246,II/389/ps1_dr2
133480837102818626,83.71027304869,21.24011849319,14.6729,II/389/ps1_dr2
133500837189589175,83.71897950432,21.25725305837,14.4909,II/389/ps1_dr2
133470837618413642,83.76182721371,21.22762774869,13.9458,II/389/ps1_dr2
133370835804146538,83.58038915699,21.14670484214,14.4287,II/389/ps1_dr2
133430835812321574,83.58121925854,21.19255768677,14.7358,II/389/ps1_dr2
133450836117059089,83.61167334693,21.21549337901,14.5338,II/389/ps1_dr2
133470836027926469,83.60273227054,21.22996192349,13.4718,II/389/ps1_dr2
133470835552285099,83.55520890629,21.22883665451,14.7008,II/389/ps1_dr2
133470835757540714,83.57572853872,21.225189282,14.4392,II/389/ps1_dr2
133460835077849181,83.50776342601,21.22388496522,13.7099,II/389/ps1_dr2
133490835599290118,83.55989849329,21.24134648694,14.3081,II/389/ps1_dr2
133480835735697393,83.57355143852,21.23907129475,12.965,II/389/ps1_dr2
133520835591599636,83.55914296541,21.27429818524,14.593,II/389/ps1_dr2
133520835923053806,83.59226387752,21.26942466905,14.3964,II/389/ps1_dr2
133520835861469017,83.58613356787,21.27377155191,14.9531,II/389/ps1_dr2
133540835955050588,83.59549581021,21.28340827393,14.4106,II/389/ps1_dr2
133520836948985529,83.69487976621,21.27087340136,14.9573,II/389/ps1_dr2
133560837476598270,83.74765539919,21.30650707035,13.005,II/389/ps1_dr2
133560836980428579,83.69804524154,21.30670375361,12.616,II/389/ps1_dr2
133570837219282925,83.72191274419,21.31038033528,14.7769,II/389/ps1_dr2
133570837233692869,83.72343868,21.31020181,12.3382,II/389/ps1_dr2
133570837237523547,83.72365359,21.31076931,10.5999,II/389/ps1_dr2
133570837234763275,83.72344598,21.31066262,10.361,II/389/ps1_dr2
133580837176529473,83.71763344767,21.32416319345,12.354,II/389/ps1_dr2
133570837232943681,83.72330157,21.31095329,10.729,II/389/ps1_dr2
133530836131426478,83.61311912183,21.2800072426,14.1145,II/389/ps1_dr2
133610836855389838,83.68554608459,21.34941278212,14.3196,II/389/ps1_dr2
133630836630700113,83.6630765306,21.35798262093,13.8565,II/389/ps1_dr2
132910843842327985,84.38423630566,20.76452307573,14.5361,II/389/ps1_dr2
132920843736333591,84.37364549702,20.76921700698,14.9683,II/389/ps1_dr2
132910843700255770,84.37008349,20.76268778,12.755,II/389/ps1_dr2
132940844143310758,84.41433557126,20.78350696103,14.792,II/389/ps1_dr2
132920843964793930,84.39648865648,20.76948426909,14.9632,II/389/ps1_dr2
132960843591901187,84.35923079324,20.80055139484,13.847,II/389/ps1_dr2
132960843706579003,84.37075774862,20.80710304044,13.26,II/389/ps1_dr2
132980844132157744,84.41335387333,20.8227164034,13.491,II/389/ps1_dr2
133000843143429484,84.31443183197,20.84084129841,13.7669,II/389/ps1_dr2
133010843779929727,84.37801577034,20.84933091669,13.8603,II/389/ps1_dr2
133010843810528080,84.38107095779,20.84795012637,14.0169,II/389/ps1_dr2
133040843843544317,84.3843778771,20.86983083996,14.1528,II/389/ps1_dr2
133080845343789277,84.53439724619,20.90726892544,14.8659,II/389/ps1_dr2
133090844838607536,84.48395152915,20.9141738542,13.4031,II/389/ps1_dr2
133080844709340364,84.47097305848,20.89985923317,13.9841,II/389/ps1_dr2
133100845206123374,84.52074926636,20.91907631064,13.211,II/389/ps1_dr2
133060844166902321,84.41671493892,20.88480775548,12.666,II/389/ps1_dr2
133080844497018300,84.44971944597,20.90646712922,14.7806,II/389/ps1_dr2
133120844762359786,84.47626997578,20.94103334446,14.4049,II/389/ps1_dr2
133120844945468232,84.49458509413,20.93974370138,14.1744,II/389/ps1_dr2
133060843457870861,84.34584352086,20.88362403074,13.8354,II/389/ps1_dr2
133110843361343363,84.33614528018,20.92736469345,14.8702,II/389/ps1_dr2
133090842252804491,84.22529651082,20.91164631855,14.777,II/389/ps1_dr2
133080842069109658,84.20690963,20.90760187,11.265,II/389/ps1_dr2
133080842072909796,84.20726401,20.9078439,12.7082,II/389/ps1_dr2
133130843019106260,84.30199799195,20.94648568402,12.213,II/389/ps1_dr2
133130843223036400,84.32230098769,20.94656519064,14.6114,II/389/ps1_dr2
133140842777086027,84.27770881048,20.95459338073,14.9557,II/389/ps1_dr2
133090843728893155,84.37299497167,20.91056129772,13.9263,II/389/ps1_dr2
133150843785477280,84.37843783,20.96397083,14.2788,II/389/ps1_dr2
133150843789318139,84.37902024,20.96462223,12.396,II/389/ps1_dr2
133150843790907651,84.37909904,20.96426605,13.7826,II/389/ps1_dr2
133180844316781736,84.43180032255,20.98436356734,12.703,II/389/ps1_dr2
133200844331212995,84.43313218908,21.00204847299,14.822,II/389/ps1_dr2
133230844044218920,84.40435384057,21.03213182971,13.5011,II/389/ps1_dr2
133140845601300830,84.56008339,20.95019767,14.1809,II/389/ps1_dr2
133140845595651106,84.5595784,20.95045856,14.2682,II/389/ps1_dr2
133140845599091086,84.56001409,20.95043662,13.1442,II/389/ps1_dr2
133140845596640766,84.5597004,20.95017847,11.729,II/389/ps1_dr2
133160845599709206,84.55999476771,20.97387815008,14.7614,II/389/ps1_dr2
133170845839294052,84.583924768,20.97792554886,14.5148,II/389/ps1_dr2
133170845707784573,84.57081511951,20.9783586532,14.0596,II/389/ps1_dr2
133160845709912707,84.57103538251,20.96847104943,13.321,II/389/ps1_dr2
133170845075477118,84.50758296642,20.98047916464,14.7865,II/389/ps1_dr2
133160845052313510,84.50526175795,20.96913642595,14.7652,II/389/ps1_dr2
133160844872048481,84.48722590877,20.97327677395,14.907,II/389/ps1_dr2
133200845157282777,84.51577780003,21.0018707077,13.7735,II/389/ps1_dr2
133190845533950117,84.55343298,20.99130443,11.076,II/389/ps1_dr2
133190845647925628,84.56481710604,20.99589730213,14.9131,II/389/ps1_dr2
133210845217159219,84.52180560683,21.0155850405,13.6831,II/389/ps1_dr2
133240845441578822,84.54419243944,21.04027484033,12.866,II/389/ps1_dr2
133210846231719558,84.62322861115,21.01579107616,14.348,II/389/ps1_dr2
133230846449264759,84.6450652435,21.0284980216,14.12,II/389/ps1_dr2
133250847023996626,84.70246008988,21.04671096874,12.145,II/389/ps1_dr2
133270847171451058,84.71720601473,21.05872099144,14.5114,II/389/ps1_dr2
133270846489587771,84.64901683118,21.06430068133,14.4356,II/389/ps1_dr2
133280846491810860,84.64924224842,21.06688090573,13.9073,II/389/ps1_dr2
133240846109076011,84.61095437452,21.03783944113,14.4319,II/389/ps1_dr2
133260846204241021,84.62047516334,21.0503572754,14.7687,II/389/ps1_dr2
133280846168908106,84.61696059384,21.07292504483,14.1092,II/389/ps1_dr2
133300845827756146,84.5828294327,21.08794826691,14.7208,II/389/ps1_dr2
133320846075008688,84.60755659004,21.1067362988,14.4534,II/389/ps1_dr2
133340846424230186,84.64248227536,21.11633210862,14.9087,II/389/ps1_dr2
133200844839749463,84.48399254977,21.00743180551,14.9436,II/389/ps1_dr2
133240844902191971,84.49023202123,21.03451576532,14.1807,II/389/ps1_dr2
133220844346219741,84.43464040885,21.02433615483,13.8603,II/389/ps1_dr2
133240844634468759,84.4634697345,21.04018802616,14.9628,II/389/ps1_dr2
133240844574921035,84.45765692,21.03364306,12.5672,II/389/ps1_dr2
133240844572590666,84.45731701126,21.03345916076,11.704,II/389/ps1_dr2
133240844521188344,84.45222010931,21.03989004494,13.6694,II/389/ps1_dr2
133280845245628748,84.52458335997,21.07349925973,14.2874,II/389/ps1_dr2
133290844815824848,84.4815955376,21.07859598525,14.9169,II/389/ps1_dr2
133230844170215565,84.41703785496,21.02919615716,14.377,II/389/ps1_dr2
133280844454125462,84.44546113598,21.07078342122,13.321,II/389/ps1_dr2
133270843770713929,84.37708966881,21.06117507354,14.2334,II/389/ps1_dr2
133280844008902315,84.4008968158,21.06815038236,14.6807,II/389/ps1_dr2
133290844385856862,84.43859980478,21.0802827756,14.727,II/389/ps1_dr2
133320844796941061,84.47974391852,21.10045910145,13.1356,II/389/ps1_dr2
133300845798267554,84.57987946457,21.08912254909,14.8871,II/389/ps1_dr2
133350845578578627,84.55790350127,21.13169767776,14.0506,II/389/ps1_dr2
133340845818370271,84.58185017,21.11644269,11.6844,II/389/ps1_dr2
133330845814239746,84.58156738,21.11599524,12.7461,II/389/ps1_dr2
133340845815540089,84.58160799,21.11620526,11.454,II/389/ps1_dr2
133390845884430835,84.5884724163,21.15853530728,14.2946,II/389/ps1_dr2
133390845774745404,84.57752845183,21.16233403669,14.6641,II/389/ps1_dr2
133390845036462947,84.50368653763,21.16033457831,14.059,II/389/ps1_dr2
133400845180863799,84.51813282301,21.1693687215,12.409,II/389/ps1_dr2
133400845193034872,84.51932872237,21.17029872084,14.001,II/389/ps1_dr2
133400845440729999,84.54417851,21.17458816,14.0914,II/389/ps1_dr2
133400845415643793,84.54159959734,21.16935418074,13.31,II/389/ps1_dr2
133400845438708961,84.54391654,21.17360681,12.243,II/389/ps1_dr2
133420845696973197,84.56976177186,21.18550317882,13.6968,II/389/ps1_dr2
133420845558267637,84.55587250929,21.18919880362,14.5596,II/389/ps1_dr2
133090841977948906,84.19781920139,20.91532180393,14.4357,II/389/ps1_dr2
133150841849814494,84.18508623345,20.96167454404,13.439,II/389/ps1_dr2
133160842376286023,84.23764777128,20.9712653954,14.5171,II/389/ps1_dr2
133170842680757545,84.26817092,20.98088697,12.821,II/389/ps1_dr2
133180842322388469,84.23229273954,20.98996545325,13.9944,II/389/ps1_dr2
133160842159118702,84.21605771165,20.97352016399,13.446,II/389/ps1_dr2
133210842549472182,84.25500129,21.00971981,12.005,II/389/ps1_dr2
133210842552012427,84.25522359,21.00968746,12.6294,II/389/ps1_dr2
133170841547555054,84.15477506119,20.9787655415,14.9032,II/389/ps1_dr2
133190841742458511,84.1742226,20.99851741,11.2336,II/389/ps1_dr2
133190841739808846,84.17403729,20.99857646,11.116,II/389/ps1_dr2
133170841425227890,84.14254464439,20.98113102575,14.8062,II/389/ps1_dr2
133200841387046804,84.13868024967,21.00515897535,13.373,II/389/ps1_dr2
133200841720080148,84.17209275955,20.99965444062,14.795,II/389/ps1_dr2
133180841580234520,84.15808194185,20.98666360582,13.8288,II/389/ps1_dr2
133220841849437598,84.18495676505,21.02255019026,14.9685,II/389/ps1_dr2
133230841807756399,84.1807935955,21.02988922529,14.4967,II/389/ps1_dr2
133230843074981222,84.30753564778,21.0255854908,12.057,II/389/ps1_dr2
133290843033841713,84.30340130394,21.07599142861,14.0048,II/389/ps1_dr2
133240842463361122,84.2464358906,21.03386707068,14.2222,II/389/ps1_dr2
133270842506850462,84.25070094382,21.05827520859,14.4162,II/389/ps1_dr2
133270842076075352,84.20762374,21.06247111,11.5855,II/389/ps1_dr2
133270842072614790,84.207241,21.06221985,11.4634,II/389/ps1_dr2
133300842530037905,84.25301263549,21.08948967557,13.029,II/389/ps1_dr2
133290842939601683,84.29399517268,21.07596659812,13.397,II/389/ps1_dr2
133310842958360308,84.29585605617,21.09146253871,14.451,II/389/ps1_dr2
133320842613762028,84.26138908938,21.10125739277,13.6951,II/389/ps1_dr2
133330842616780423,84.26167215679,21.10825311013,14.414,II/389/ps1_dr2
133220841509946585,84.15101199111,21.02170559858,14.7232,II/389/ps1_dr2
133220841011985144,84.10121893271,21.02050632384,14.6554,II/389/ps1_dr2
133230840818664764,84.08189114311,21.02851673112,14.3919,II/389/ps1_dr2
133250841054734240,84.10548795414,21.04474910909,14.8097,II/389/ps1_dr2
133250841062218238,84.1062296247,21.04807776802,14.3376,II/389/ps1_dr2
133230841087666021,84.10878135859,21.02956997445,14.886,II/389/ps1_dr2
133250841127468299,84.11276174932,21.04810594342,14.3422,II/389/ps1_dr2
133270841471133727,84.14711990932,21.06098371254,14.4049,II/389/ps1_dr2
133260841204398167,84.12045167234,21.05635467244,14.1487,II/389/ps1_dr2
133280841491796058,84.14918981546,21.07127686723,14.4086,II/389/ps1_dr2
133260840638594521,84.06387634794,21.05331609483,14.745,II/389/ps1_dr2
133290840554759218,84.05549217111,21.08222912692,14.882,II/389/ps1_dr2
133300840567569159,84.05684564,21.0906012,10.6074,II/389/ps1_dr2
133300840564069127,84.05647735,21.09040929,10.0229,II/389/ps1_dr2
133300840567059861,84.05664174,21.09106988,11.4503,II/389/ps1_dr2
133300841162076153,84.11616787,21.08801779,12.6216,II/389/ps1_dr2
133300841162966535,84.11627357,21.08828815,11.392,II/389/ps1_dr2
133330841412211056,84.14123317643,21.10874879803,13.161,II/389/ps1_dr2
133330841271271037,84.12713723269,21.1087407987,14.6426,II/389/ps1_dr2
133310842025391383,84.20255120322,21.09236871912,14.4234,II/389/ps1_dr2
133320842208594708,84.22086987563,21.10346747939,14.8461,II/389/ps1_dr2
133320841730869042,84.17309103041,21.10707770428,14.3778,II/389/ps1_dr2
133330842014477670,84.20145389472,21.11426692554,14.0712,II/389/ps1_dr2
133340842083108021,84.20832202976,21.12290238919,14.7878,II/389/ps1_dr2
133350842004095518,84.20041673381,21.12914584736,14.3004,II/389/ps1_dr2
133360842611869297,84.26113384,21.14052351,11.55,II/389/ps1_dr2
133390842404395311,84.24044740565,21.16231173618,14.4539,II/389/ps1_dr2
133350841691197776,84.1691303991,21.13103017571,14.4757,II/389/ps1_dr2
133370841550017693,84.15501078103,21.14762151341,14.6339,II/389/ps1_dr2
133410841935453305,84.19355617,21.17730254,11.805,II/389/ps1_dr2
133310843757635914,84.37582119879,21.09617609915,12.96,II/389/ps1_dr2
133350843661762404,84.36618483,21.12656106348,14.8623,II/389/ps1_dr2
133330843869259155,84.38692457202,21.11551584931,14.903,II/389/ps1_dr2
133370844060636354,84.40608319692,21.1464762485,13.5732,II/389/ps1_dr2
133360844069766974,84.40694446938,21.13881727088,12.9405,II/389/ps1_dr2
133390844175389016,84.41754872222,21.16541316735,14.2282,II/389/ps1_dr2
133390844046515469,84.40466928473,21.16245239618,14.0839,II/389/ps1_dr2
133380844148551298,84.41493696865,21.15060479104,13.47,II/389/ps1_dr2
133330843399228719,84.33992443707,21.11515736522,14.8861,II/389/ps1_dr2
133330843202229216,84.32022100311,21.11557623427,14.6463,II/389/ps1_dr2
133370843477020949,84.34776412633,21.14205248902,13.42,II/389/ps1_dr2
133370843210453006,84.32103087678,21.14373177426,14.4556,II/389/ps1_dr2
133420844010549982,84.40105057882,21.19120729958,12.34,II/389/ps1_dr2
133410843417793864,84.34176702545,21.17778158679,14.71,II/389/ps1_dr2
133430843869568590,84.38695009791,21.19838588654,13.6692,II/389/ps1_dr2
133440843888185482,84.38881868188,21.2041276152,14.7292,II/389/ps1_dr2
133450843745170657,84.37450777406,21.20844291295,14.8844,II/389/ps1_dr2
133440843592794384,84.35926562779,21.20321580946,14.7886,II/389/ps1_dr2
133430844823076422,84.48245064,21.19661786,10.555,II/389/ps1_dr2
133430844829406051,84.48287844,21.1963282,14.9646,II/389/ps1_dr2
133400844745679510,84.47457988245,21.17414322179,14.4098,II/389/ps1_dr2
133430844819276598,84.48188931,21.19676753,14.8848,II/389/ps1_dr2
133390844832979562,84.48331042409,21.16585425961,13.584,II/389/ps1_dr2
133430844480796519,84.44808126789,21.1966467656,14.5368,II/389/ps1_dr2
133460844564162514,84.456426202,21.2183092733,14.6965,II/389/ps1_dr2
133470844035399009,84.40353807334,21.23206605013,14.509,II/389/ps1_dr2
133490844098263583,84.40984889432,21.24430743224,13.083,II/389/ps1_dr2
133500844151523574,84.41514617506,21.25252903952,14.3438,II/389/ps1_dr2
133510844188461447,84.41884526293,21.25909343747,13.192,II/389/ps1_dr2
133500844155444784,84.4156051619,21.25370890399,13.713,II/389/ps1_dr2
133500844215638029,84.4215695282,21.25624342574,14.2079,II/389/ps1_dr2
133500844805090649,84.48051488837,21.25007746627,13.371,II/389/ps1_dr2
133530844804663739,84.48050443,21.27767593,13.4052,II/389/ps1_dr2
133530844806863995,84.48073823,21.27784541,11.788,II/389/ps1_dr2
133530844700425008,84.47005899549,21.27872241351,14.8887,II/389/ps1_dr2
133400842959396487,84.29593170924,21.17162847935,13.7622,II/389/ps1_dr2
133410843186049758,84.31859250583,21.18268519611,14.2982,II/389/ps1_dr2
133410843206964464,84.32068033225,21.17828686838,13.8805,II/389/ps1_dr2
133420842547545225,84.25459923,21.18734907,14.3694,II/389/ps1_dr2
133420842549334719,84.25482794,21.18654365,12.2487,II/389/ps1_dr2
133420842550805107,84.25500478,21.18700003,11.706,II/389/ps1_dr2
133420842718327010,84.27183091904,21.18872832854,13.9801,II/389/ps1_dr2
133430842949906367,84.29498441887,21.19652530711,13.6299,II/389/ps1_dr2
133460843709622487,84.370975,21.21827068,14.3997,II/389/ps1_dr2
133460843702261788,84.37026961,21.217755,10.201,II/389/ps1_dr2
133460843604992355,84.36045833,21.21819706,12.081,II/389/ps1_dr2
133460843360716420,84.33605756852,21.22157123778,14.4049,II/389/ps1_dr2
133500843242032654,84.32419016265,21.25176136258,13.052,II/389/ps1_dr2
133470842433253466,84.24332953099,21.22743477898,14.7262,II/389/ps1_dr2
133490842340849388,84.23409347397,21.24904032735,14.9617,II/389/ps1_dr2
133480842810274712,84.28104034,21.23683247,10.864,II/389/ps1_dr2
133490842837366228,84.28377421006,21.24638908176,13.295,II/389/ps1_dr2
133480842811185085,84.2811392,21.23720802,11.1216,II/389/ps1_dr2
133490843791914141,84.37917272733,21.24467598766,14.7028,II/389/ps1_dr2
133510843879154606,84.38790468865,21.26173042305,14.6378,II/389/ps1_dr2
133510843514002673,84.35138634448,21.26012192228,14.6821,II/389/ps1_dr2
133530843543314103,84.3543191938,21.27797055467,14.7307,II/389/ps1_dr2
133590844136273743,84.41364076488,21.32766922958,13.6438,II/389/ps1_dr2
133580843980527853,84.39806721174,21.32275970078,13.102,II/389/ps1_dr2
133540843369347637,84.33692217989,21.28921345283,14.5616,II/389/ps1_dr2
133560843583385267,84.35829038,21.30380901,11.342,II/389/ps1_dr2
133550842941289175,84.29409887702,21.29886047572,14.4841,II/389/ps1_dr2
133550843047019736,84.30469525,21.29939955,11.961,II/389/ps1_dr2
133590843227137890,84.32271983346,21.3311331998,14.7393,II/389/ps1_dr2
133570843446428534,84.34463753474,21.31498474701,13.489,II/389/ps1_dr2
133600843700591016,84.37006261834,21.33372761807,14.1817,II/389/ps1_dr2
133640843693457153,84.3693579658,21.37218801339,14.2794,II/389/ps1_dr2
133280847218243346,84.72188600241,21.06896548517,14.0812,II/389/ps1_dr2
133300847457823434,84.74589870185,21.08566624389,14.2601,II/389/ps1_dr2
133300847056538512,84.70570667,21.09017415,10.5716,II/389/ps1_dr2
133310847196268361,84.71968052216,21.09813357849,14.542,II/389/ps1_dr2
133340847156093828,84.71567137216,21.11936302435,13.185,II/389/ps1_dr2
133360847634021705,84.76344111672,21.1342636873,14.3807,II/389/ps1_dr2
133370846613278921,84.66138632823,21.14860755236,14.825,II/389/ps1_dr2
133380846849639709,84.68501488,21.15759839,12.899,II/389/ps1_dr2
133390846943995717,84.69444501221,21.16260455058,14.3598,II/389/ps1_dr2
133400846947313029,84.69477154046,21.16869995094,14.7925,II/389/ps1_dr2
133390847149538102,84.71512928746,21.16464052103,13.2805,II/389/ps1_dr2
133390847153308284,84.71539767,21.16457457,13.385,II/389/ps1_dr2
133390847488768836,84.74898484,21.1652076,13.074,II/389/ps1_dr2
133410847564149014,84.75644571068,21.18202309098,14.8354,II/389/ps1_dr2
133400847094215659,84.70946335977,21.1708893263,14.638,II/389/ps1_dr2
133420846870721356,84.6871244055,21.18395904179,14.8978,II/389/ps1_dr2
133440847313297023,84.73141913,21.20534969,11.201,II/389/ps1_dr2
133440847316217164,84.73159508,21.20551605,12.0195,II/389/ps1_dr2
133440847319687188,84.73186742,21.20537661,13.7642,II/389/ps1_dr2
133420848373069342,84.83734945118,21.19062513692,13.42,II/389/ps1_dr2
133400847964269480,84.79632031,21.17400366,12.6867,II/389/ps1_dr2
133400847961718863,84.79631302,21.17335523,11.7113,II/389/ps1_dr2
133400847961319200,84.79620997,21.17378818,11.529,II/389/ps1_dr2
133430848103617732,84.81047415532,21.19763447028,13.319,II/389/ps1_dr2
133450848190599423,84.819033,21.215773,11.868,II/389/ps1_dr2
133470848811233106,84.88113384015,21.22713686933,13.4402,II/389/ps1_dr2
133470847906057406,84.79068758808,21.23068442364,13.5195,II/389/ps1_dr2
133450847556992170,84.75576274906,21.20964693339,14.1611,II/389/ps1_dr2
133460847427114351,84.74281832529,21.21984155921,13.8678,II/389/ps1_dr2
133510847662990126,84.76635321449,21.25794616232,14.0461,II/389/ps1_dr2
133480847988506848,84.79892077049,21.238559463,14.4864,II/389/ps1_dr2
133480848251266293,84.82515748379,21.23808333353,14.714,II/389/ps1_dr2
133510847946056133,84.79464303869,21.26294348683,13.7956,II/389/ps1_dr2
133540848149398697,84.81505085865,21.29011096076,14.0763,II/389/ps1_dr2
133420846536324877,84.65368001618,21.18689857126,14.5264,II/389/ps1_dr2
133430846095353717,84.60962738382,21.19428317159,13.347,II/389/ps1_dr2
133430846278850926,84.62793654542,21.19192576127,13.145,II/389/ps1_dr2
133420846831493066,84.68319668788,21.18539340664,13.8701,II/389/ps1_dr2
133440846865466752,84.68652888,21.20514121,14.4999,II/389/ps1_dr2
133440846862306426,84.68641668567,21.20492365253,13.019,II/389/ps1_dr2
133430846783744435,84.6784138109,21.19486149898,14.4785,II/389/ps1_dr2
133470845917728560,84.59181142835,21.23162860172,14.4242,II/389/ps1_dr2
133480846298005772,84.62983616448,21.2376393615,14.7782,II/389/ps1_dr2
133480847179770309,84.71815257061,21.23314239373,12.9858,II/389/ps1_dr2
133480847208189494,84.7208551275,21.24075045924,14.9759,II/389/ps1_dr2
133530847143215498,84.71436834893,21.27909111193,13.177,II/389/ps1_dr2
133530847160312900,84.71606898242,21.27691564671,13.7098,II/389/ps1_dr2
133570847823321306,84.78237475,21.30898852,10.949,II/389/ps1_dr2
133570847825951507,84.78229513,21.30919788,11.0171,II/389/ps1_dr2
133580847871646099,84.78728267871,21.32129054261,14.2537,II/389/ps1_dr2
133530846772068902,84.67723650618,21.28191775866,13.8696,II/389/ps1_dr2
133560846867191725,84.68675332969,21.3009374736,13.215,II/389/ps1_dr2
133570847085246176,84.70857442,21.31296468,13.01,II/389/ps1_dr2
133550846722035512,84.67223982205,21.2957672592,12.692,II/389/ps1_dr2
133580846748809422,84.67487677779,21.32405996525,14.8066,II/389/ps1_dr2
133590846829639512,84.68300714836,21.33244962701,14.2902,II/389/ps1_dr2
133500848971020307,84.8972075783,21.24974271633,14.2753,II/389/ps1_dr2
133540849508601063,84.95094724538,21.28371096715,14.4403,II/389/ps1_dr2
133550848808681389,84.88091880494,21.29232465938,14.4866,II/389/ps1_dr2
133560848288224313,84.82884676285,21.30308147697,14.4596,II/389/ps1_dr2
133600849079697680,84.90806406,21.33925035,12.713,II/389/ps1_dr2
133640849915091956,84.99163489824,21.36778221742,14.2711,II/389/ps1_dr2
133670850067681055,85.00682116077,21.39204101238,14.4683,II/389/ps1_dr2
133690850208583244,85.02091130692,21.41052167494,13.4666,II/389/ps1_dr2
133560848144965841,84.81450900036,21.30438794225,12.821,II/389/ps1_dr2
133600848083247167,84.80833056346,21.33879565051,14.3917,II/389/ps1_dr2
133620848025829285,84.80257755883,21.35724019451,14.8783,II/389/ps1_dr2
133660848894670517,84.88949953859,21.38325073088,14.02,II/389/ps1_dr2
133670848420283378,84.84193227168,21.39405917225,13.409,II/389/ps1_dr2
133670848417513537,84.84188876524,21.39407495673,13.4809,II/389/ps1_dr2
133650847861526193,84.78616013247,21.37970568509,13.6108,II/389/ps1_dr2
133700847852827628,84.78528309518,21.42254192898,14.5531,II/389/ps1_dr2
133710849342011822,84.93425886912,21.42602102989,13.239,II/389/ps1_dr2
133690848880553314,84.88809570882,21.4106024068,12.595,II/389/ps1_dr2
133720848818303018,84.88185149728,21.43539251455,14.6975,II/389/ps1_dr2
133700848948869457,84.8949281582,21.42406755344,14.7121,II/389/ps1_dr2
133770848919494562,84.8919787534,21.47834021456,14.1826,II/389/ps1_dr2
133760849142608795,84.91429143205,21.47352891628,14.583,II/389/ps1_dr2
133790849149573197,84.9149799,21.49391898,11.508,II/389/ps1_dr2
133780848784721712,84.8785037,21.48436976,13.411,II/389/ps1_dr2
133780848788461942,84.87873692,21.48428633,14.4073,II/389/ps1_dr2
133520845672669773,84.567279872,21.27435643356,14.9825,II/389/ps1_dr2
133500845631505556,84.56315461,21.25413958,13.4096,II/389/ps1_dr2
133500845632845907,84.5632268,21.25414446,13.5227,II/389/ps1_dr2
133530845648919501,84.56491416236,21.28246204378,14.9798,II/389/ps1_dr2
133560845994677023,84.59951004757,21.30538056257,12.84,II/389/ps1_dr2
133590846006101054,84.60064674915,21.32541059705,13.027,II/389/ps1_dr2
133590846026539914,84.60269584,21.33278568,13.21,II/389/ps1_dr2
133530845269837596,84.52703493036,21.28086812165,12.711,II/389/ps1_dr2
133560845347949034,84.53484985,21.30705777,12.609,II/389/ps1_dr2
133540844808177593,84.48086134,21.28918797,11.38,II/389/ps1_dr2
133610845716270246,84.57164285508,21.34142075646,13.9231,II/389/ps1_dr2
133590845773168687,84.5773257593,21.33179094389,14.945,II/389/ps1_dr2
133620845706531810,84.57067934076,21.35108616297,14.0485,II/389/ps1_dr2
133610845171456244,84.51716139838,21.34642824366,14.4396,II/389/ps1_dr2
133640845512247110,84.55116123265,21.37218786202,13.9807,II/389/ps1_dr2
133610846500083136,84.65004790947,21.343812161,12.222,II/389/ps1_dr2
133600846256827455,84.62568751508,21.33909267285,14.3908,II/389/ps1_dr2
133610846193178820,84.61936410776,21.34854886829,12.262,II/389/ps1_dr2
133630846748877858,84.67488498973,21.36442443883,14.6506,II/389/ps1_dr2
133650847048660450,84.70486777734,21.37491955632,13.9159,II/389/ps1_dr2
133660846688496452,84.66885457168,21.3882568152,14.1601,II/389/ps1_dr2
133620845941378728,84.59417094894,21.35680335918,13.196,II/389/ps1_dr2
133630845751514774,84.57516457659,21.36186889457,14.8437,II/389/ps1_dr2
133680845895940247,84.5896019537,21.39976075425,14.444,II/389/ps1_dr2
133700846798657076,84.67988533848,21.42211022064,14.256,II/389/ps1_dr2
133700846209708513,84.62097951398,21.42331471444,14.8762,II/389/ps1_dr2
133710846351070025,84.6351605624,21.42455686638,13.4944,II/389/ps1_dr2
133720846237657430,84.62378122932,21.43908054543,14.9404,II/389/ps1_dr2
133570844714955477,84.47152827006,21.31244387716,12.652,II/389/ps1_dr2
133600844564831471,84.45649560747,21.33412210275,14.5476,II/389/ps1_dr2
133580844728316904,84.47286714895,21.32194556488,13.442,II/389/ps1_dr2
133610844393676039,84.43938856234,21.34625768794,13.395,II/389/ps1_dr2
133650844631093518,84.46313273972,21.37747412649,13.8618,II/389/ps1_dr2
133630844500716658,84.45008134945,21.36343516017,14.7982,II/389/ps1_dr2
133630845191969168,84.51925202263,21.36552665345,12.175,II/389/ps1_dr2
133660845281869350,84.52820223138,21.39068604835,14.9854,II/389/ps1_dr2
133690845184171356,84.51851143,21.40907788,14.2871,II/389/ps1_dr2
133680845250894004,84.52512539435,21.40288816678,14.5826,II/389/ps1_dr2
133690845187931302,84.51885532822,21.40896047849,12.041,II/389/ps1_dr2
133680845019318037,84.50195211483,21.40625925655,14.7422,II/389/ps1_dr2
133690845189931644,84.51901628,21.40925062,13.4298,II/389/ps1_dr2
133640843940424457,84.3940693102,21.36992669995,13.9859,II/389/ps1_dr2
133660844697467290,84.46979667343,21.38895247485,14.0758,II/389/ps1_dr2
133670844611237340,84.46115533222,21.39728282491,14.7567,II/389/ps1_dr2
133660844561089133,84.45613662314,21.39045269284,13.5721,II/389/ps1_dr2
133700844918787123,84.49192599831,21.42215277448,14.3853,II/389/ps1_dr2
133710844792093680,84.47925889904,21.42761623592,14.7134,II/389/ps1_dr2
133690844900759050,84.49010087481,21.41543678331,14.9526,II/389/ps1_dr2
133700844260124213,84.42598636424,21.41972200214,13.5254,II/389/ps1_dr2
133710844683734633,84.46834076,21.42838681,11.637,II/389/ps1_dr2
133720844649647902,84.46497370357,21.43947844361,14.0532,II/389/ps1_dr2
133700845490603835,84.54910677043,21.41940395857,13.468,II/389/ps1_dr2
133690845714293612,84.57146687017,21.41088508339,14.0184,II/389/ps1_dr2
133720845796881899,84.57972025604,21.4344564454,14.8429,II/389/ps1_dr2
133710845408992898,84.54093502263,21.42697034003,13.9958,II/389/ps1_dr2
133700845464984960,84.54654020662,21.42034563332,13.5745,II/389/ps1_dr2
133730845426405371,84.542683313,21.44569220317,14.8619,II/389/ps1_dr2
133760846240824802,84.62410853789,21.47023453903,13.5938,II/389/ps1_dr2
133760846241355158,84.62409358781,21.47022659978,13.602,II/389/ps1_dr2
133770846119583455,84.61198350459,21.47741278392,13.404,II/389/ps1_dr2
133730845046336918,84.50468838189,21.44698214676,13.458,II/389/ps1_dr2
133720845099225453,84.50996797724,21.43742585809,13.3891,II/389/ps1_dr2
133720845107269719,84.51077083739,21.44098891354,13.9855,II/389/ps1_dr2
133740845390098408,84.53905712773,21.45650216894,14.0274,II/389/ps1_dr2
133750845115712844,84.51160039631,21.46027392597,13.9408,II/389/ps1_dr2
133740844929510902,84.49297785388,21.45031699593,14.5587,II/389/ps1_dr2
133750844850936145,84.48508723,21.463007,11.041,II/389/ps1_dr2
133760845476591886,84.54769225734,21.46781551763,14.9418,II/389/ps1_dr2
133780845372550469,84.537256125,21.48326718482,14.029,II/389/ps1_dr2
133800845320949055,84.53212424137,21.5071072971,14.8452,II/389/ps1_dr2
133740847393020775,84.73933031961,21.45018331999,14.0591,II/389/ps1_dr2
133730847280034905,84.72805716421,21.44528233775,13.6518,II/389/ps1_dr2
133730847909768179,84.79099818781,21.44803463129,14.1991,II/389/ps1_dr2
133780847706968654,84.7707043807,21.49008644485,14.7242,II/389/ps1_dr2
133780846785802051,84.67860289407,21.48459490345,14.476,II/389/ps1_dr2
133790846836045088,84.68361822712,21.4954574033,14.7184,II/389/ps1_dr2
133790846887814673,84.6888342392,21.49509716741,13.484,II/389/ps1_dr2
133770847409581572,84.74097184,21.47593861,10.732,II/389/ps1_dr2
133770847412551868,84.74123722,21.47618227,11.1031,II/389/ps1_dr2
133820847510072923,84.75101609339,21.51864449326,14.51,II/389/ps1_dr2
133790847098139072,84.70982989495,21.49877753739,14.6613,II/389/ps1_dr2
133800848537885258,84.8538111463,21.50392662554,14.467,II/389/ps1_dr2
133840848440770937,84.8440994691,21.53366987383,13.057,II/389/ps1_dr2
133820847694809012,84.76948786396,21.52372311548,13.8445,II/389/ps1_dr2
133850848012049521,84.80121442946,21.54913918418,13.114,II/389/ps1_dr2
133830847565396079,84.75655246673,21.52960840538,14.5436,II/389/ps1_dr2
133880847799510782,84.7800097,21.56690185,14.2232,II/389/ps1_dr2
133880847763234072,84.77625608541,21.56960914304,14.6807,II/389/ps1_dr2
133860847773305000,84.7773611374,21.55371725692,14.6781,II/389/ps1_dr2
133880847802511444,84.78013467,21.56726099,12.1858,II/389/ps1_dr2
133890848444940577,84.8443314492,21.57519531179,14.8017,II/389/ps1_dr2
133890848430151134,84.84299237438,21.57549916369,14.4511,II/389/ps1_dr2
133800846074743575,84.60747681506,21.50251454,13.9464,II/389/ps1_dr2
133840846599958933,84.66001348249,21.54032349015,13.456,II/389/ps1_dr2
133840846602899088,84.66039398,21.54061735,14.4165,II/389/ps1_dr2
133870846970423136,84.69710394822,21.56040492326,12.505,II/389/ps1_dr2
133800845913448600,84.59143271,21.50684853,13.5287,II/389/ps1_dr2
133800845909628142,84.59133538,21.50635865,13.182,II/389/ps1_dr2
133820846080649274,84.60811572218,21.52392773226,14.4414,II/389/ps1_dr2
133860845872664018,84.58728670766,21.55289186256,14.5902,II/389/ps1_dr2
133860845895700870,84.58937701778,21.55047951111,14.2646,II/389/ps1_dr2
133860845893581124,84.58937243831,21.55048687708,14.2656,II/389/ps1_dr2
133890846689450419,84.6689523261,21.57489294123,14.3665,II/389/ps1_dr2
133870847436288404,84.74361045933,21.56490098068,14.9596,II/389/ps1_dr2
133880847248707191,84.72487271084,21.57221908006,14.9312,II/389/ps1_dr2
133880847304134389,84.7304418627,21.56987219544,14.247,II/389/ps1_dr2
133910847429108242,84.74294932711,21.59797969134,13.2973,II/389/ps1_dr2
133910847391066128,84.73910549749,21.59632307312,14.9222,II/389/ps1_dr2
133920847805810161,84.78060689141,21.59971357798,12.579,II/389/ps1_dr2
133910847804379773,84.78046157276,21.59922639847,14.7175,II/389/ps1_dr2
133910847574953767,84.75747489914,21.59435543413,14.0759,II/389/ps1_dr2
133950847489192427,84.74893414215,21.62656549225,13.8433,II/389/ps1_dr2
133970847828728092,84.78285644005,21.64801452549,13.086,II/389/ps1_dr2
133980847702730448,84.77028676894,21.64991940746,14.3344,II/389/ps1_dr2
133910846758347481,84.67588596,21.59743144,11.85,II/389/ps1_dr2
133910846759677784,84.67584839,21.59775534,12.671,II/389/ps1_dr2
133940846987306723,84.69866026106,21.621785044,14.2496,II/389/ps1_dr2
133930846601220806,84.66013428337,21.60855279877,14.78,II/389/ps1_dr2
133970846680937406,84.66810246494,21.64738888614,14.6081,II/389/ps1_dr2
133960847125424828,84.71255120068,21.63689700689,14.404,II/389/ps1_dr2
133980847377483254,84.73774434315,21.65226988129,14.1655,II/389/ps1_dr2
133990847653649114,84.76535417421,21.66548552056,14.7927,II/389/ps1_dr2
133990847223933413,84.72235187,21.66089261,9.7071,II/389/ps1_dr2
133990847226723638,84.722637,21.660904,9.878,II/389/ps1_dr2
134020847213095214,84.72131174742,21.68723199767,14.3567,II/389/ps1_dr2
133290840114892758,84.01150949834,21.07684564435,12.93,II/389/ps1_dr2
133330840770514039,84.07705632315,21.11123924933,13.5366,II/389/ps1_dr2
133370840592913369,84.05929659164,21.14401608977,14.8539,II/389/ps1_dr2
133360839856279873,83.98563619072,21.14111991465,12.107,II/389/ps1_dr2
133400839838454258,83.98385029269,21.16975493206,13.633,II/389/ps1_dr2
133370839792749539,83.97928379221,21.14916766894,13.7292,II/389/ps1_dr2
133440840452361184,84.04524298578,21.20052839077,14.6582,II/389/ps1_dr2
133410840597269825,84.05972879997,21.18273308694,14.7931,II/389/ps1_dr2
133410840042197186,84.0042229018,21.18053025142,14.3301,II/389/ps1_dr2
133410839842176336,83.98421641247,21.17981852133,13.3095,II/389/ps1_dr2
133430840257869022,84.02578296906,21.19872639692,13.8343,II/389/ps1_dr2
133430840280982852,84.02809154206,21.1935911941,14.725,II/389/ps1_dr2
133420841016940111,84.10162147,21.18303001,13.8742,II/389/ps1_dr2
133420841021731573,84.10181324,21.1841585,13.3522,II/389/ps1_dr2
133420840962864171,84.09636828,21.18616673,9.6706,II/389/ps1_dr2
133420840960714759,84.09605541,21.18676923,9.0637,II/389/ps1_dr2
133420841021371209,84.10198123,21.18392605,14.4293,II/389/ps1_dr2
133420841016271086,84.10168318,21.18381514,12.2682,II/389/ps1_dr2
133420840897597013,84.08977972368,21.18868172769,14.8161,II/389/ps1_dr2
133460841636712514,84.16370144703,21.2182950719,12.899,II/389/ps1_dr2
133460841166671719,84.11667744316,21.21764046755,14.669,II/389/ps1_dr2
133470841550094552,84.15502174745,21.22833668271,14.0179,II/389/ps1_dr2
133510841560050079,84.15601605406,21.25794628892,14.742,II/389/ps1_dr2
133450840577732430,84.05777806898,21.20990373028,13.5845,II/389/ps1_dr2
133460841079276070,84.10793914774,21.22126550531,14.2948,II/389/ps1_dr2
133450840812626432,84.08139847628,21.21350377505,14.2845,II/389/ps1_dr2
133450840813126935,84.08140085905,21.21350656667,14.269,II/389/ps1_dr2
133480840404032608,84.04039104133,21.23510412421,14.2629,II/389/ps1_dr2
133440840434147378,84.04341254446,21.2056949103,14.8434,II/389/ps1_dr2
133470840678610408,84.06788222194,21.22488602513,14.6611,II/389/ps1_dr2
133380839287163362,83.92872057274,21.15235786592,13.229,II/389/ps1_dr2
133440839487394824,83.94871267802,21.20362054629,13.288,II/389/ps1_dr2
133440839620776156,83.96205371797,21.20472435476,14.3284,II/389/ps1_dr2
133430839859144541,83.98591346233,21.19504668549,13.465,II/389/ps1_dr2
133440839877564801,83.9877391424,21.20358977046,14.8102,II/389/ps1_dr2
133460839465974295,83.94657701318,21.21983390302,14.9439,II/389/ps1_dr2
133480839526710879,83.95263102796,21.23364533869,13.9043,II/389/ps1_dr2
133470839672598712,83.96723926084,21.23184629996,14.4703,II/389/ps1_dr2
133470839704917907,83.97048401,21.23106773,14.9918,II/389/ps1_dr2
133490839779517358,83.97793440077,21.24739254016,14.976,II/389/ps1_dr2
133470839707907769,83.97076083487,21.23104875609,12.706,II/389/ps1_dr2
133470839799316340,83.9799086124,21.22987847351,14.7641,II/389/ps1_dr2
133430838969910892,83.89696819727,21.19200207572,14.4316,II/389/ps1_dr2
133480838971222054,83.89709517658,21.23461527401,14.2061,II/389/ps1_dr2
133480838793326367,83.87929709673,21.23823221139,14.752,II/389/ps1_dr2
133520839151305079,83.91511384384,21.27048827108,14.2608,II/389/ps1_dr2
133490840144240096,84.01440020525,21.2413444318,13.7702,II/389/ps1_dr2
133540840531660527,84.05317236392,21.28335085383,14.5367,II/389/ps1_dr2
133540840652544729,84.06525910013,21.28685637291,14.7514,II/389/ps1_dr2
133530840797064624,84.07970090217,21.2784487016,13.7483,II/389/ps1_dr2
133550840783853658,84.07839144162,21.2942955195,14.701,II/389/ps1_dr2
133560840094136887,84.00939447214,21.30534422633,14.2114,II/389/ps1_dr2
133550839593086992,83.95928794417,21.29708985001,14.1398,II/389/ps1_dr2
133570840152631645,84.01524574163,21.30931162791,14.3136,II/389/ps1_dr2
133600839996789147,83.99975827156,21.34044710545,14.0811,II/389/ps1_dr2
133480841932141871,84.19323721816,21.23443427617,14.8636,II/389/ps1_dr2
133540842628440421,84.26283999894,21.28323167708,14.238,II/389/ps1_dr2
133520842464692504,84.24647057554,21.26830455825,14.9664,II/389/ps1_dr2
133550842462549330,84.24621680926,21.29903263035,12.637,II/389/ps1_dr2
133560842646120519,84.26461030409,21.29998777518,13.7241,II/389/ps1_dr2
133540842635261858,84.26351772959,21.28442759526,14.0183,II/389/ps1_dr2
133570842475881860,84.24758801366,21.30943310367,14.4888,II/389/ps1_dr2
133560841427607367,84.14276514865,21.30570004113,13.7047,II/389/ps1_dr2
133570842011809677,84.20119687814,21.31595085351,14.6363,II/389/ps1_dr2
133630842025758239,84.20256236046,21.36474390202,13.253,II/389/ps1_dr2
133610841996966898,84.19970482328,21.34695966385,12.484,II/389/ps1_dr2
133570842984077360,84.2984210567,21.31408098711,13.083,II/389/ps1_dr2
133610842721671931,84.27217180772,21.34281595786,14.7011,II/389/ps1_dr2
133650842999726785,84.29997694842,21.38020583089,14.3092,II/389/ps1_dr2
133620842282637711,84.22826838493,21.35598765244,14.4804,II/389/ps1_dr2
133620842430106296,84.24301224518,21.35479561722,14.5033,II/389/ps1_dr2
133660842530477778,84.25306073845,21.38937200675,14.9653,II/389/ps1_dr2
133660842264664971,84.22647558478,21.38702775487,14.1875,II/389/ps1_dr2
133700842548310061,84.25482653633,21.41626677016,14.7332,II/389/ps1_dr2
133700842686673640,84.26860143,21.41901417,10.012,II/389/ps1_dr2
133620841319356070,84.13196461885,21.35460825837,14.8165,II/389/ps1_dr2
133610841028630063,84.10287888939,21.34127938665,13.189,II/389/ps1_dr2
133630841647318886,84.16474579944,21.36528794533,14.7548,II/389/ps1_dr2
133610841582525879,84.15824419033,21.34610804691,13.6806,II/389/ps1_dr2
133670841367062119,84.13672425777,21.39297954056,14.7929,II/389/ps1_dr2
133650841041274373,84.10413507126,21.37820006093,14.843,II/389/ps1_dr2
133670840757508960,84.07574592639,21.39873205845,14.9386,II/389/ps1_dr2
133670841160387195,84.11607334657,21.39718267956,14.6138,II/389/ps1_dr2
133690841395367683,84.13946466675,21.4142723141,13.053,II/389/ps1_dr2
133710841897170299,84.18973318052,21.42479970523,14.9702,II/389/ps1_dr2
133710841920971931,84.19211176895,21.42616095918,14.8025,II/389/ps1_dr2
133720841696721261,84.16969531352,21.43392476353,12.654,II/389/ps1_dr2
133740842427342778,84.2427874,21.45187496,13.2508,II/389/ps1_dr2
133730842246016701,84.22461339324,21.44679467401,14.1259,II/389/ps1_dr2
133710841563974534,84.15639650124,21.42832335287,14.3945,II/389/ps1_dr2
133730841299119660,84.12992553126,21.44926441697,14.0611,II/389/ps1_dr2
133770841471680178,84.14718135386,21.47469455961,14.7111,II/389/ps1_dr2
133500838767274294,83.87669863859,21.2531693575,13.521,II/389/ps1_dr2
133510838109910612,83.8109706167,21.25844172982,14.4305,II/389/ps1_dr2
133530838565337954,83.85649334227,21.28122380972,12.326,II/389/ps1_dr2
133530838710389828,83.87100439728,21.282773166,13.5164,II/389/ps1_dr2
133550838661153880,83.86606668,21.29445539,9.7739,II/389/ps1_dr2
133550838666163394,83.86653325,21.29397427,13.3952,II/389/ps1_dr2
133550838653613906,83.86537584,21.29446995,13.4624,II/389/ps1_dr2
133580839015268205,83.90150606531,21.3231081881,14.9521,II/389/ps1_dr2
133570838825739248,83.88257467693,21.31566179742,12.064,II/389/ps1_dr2
133590839060062620,83.90599748358,21.32676166108,14.2868,II/389/ps1_dr2
133520838125776175,83.81255660271,21.27141187093,13.7673,II/389/ps1_dr2
133530837937997889,83.79378137714,21.28117098634,13.6046,II/389/ps1_dr2
133510838030196229,83.80299910024,21.26311447056,14.6602,II/389/ps1_dr2
133540838210943056,83.82107422514,21.28547417933,13.8111,II/389/ps1_dr2
133590838268298026,83.82680362464,21.33129077255,14.3077,II/389/ps1_dr2
133580839502252980,83.95019467,21.3187496666,13.4907,II/389/ps1_dr2
133600839019785787,83.90194921592,21.33775414249,14.8948,II/389/ps1_dr2
133630839149503168,83.91493011606,21.36056224646,14.888,II/389/ps1_dr2
133620839458002634,83.94576804769,21.3517985477,14.419,II/389/ps1_dr2
133640839465670985,83.94654888325,21.36709180386,14.6318,II/389/ps1_dr2
133640839999768547,83.99995877027,21.37339804495,13.34,II/389/ps1_dr2
133650839862593607,83.98623894109,21.37762167295,14.2205,II/389/ps1_dr2
133650839524647484,83.95246580379,21.38081775805,14.104,II/389/ps1_dr2
133650839415279395,83.94150460044,21.38243997223,13.7737,II/389/ps1_dr2
133660839439821866,83.94395956059,21.38448478288,14.555,II/389/ps1_dr2
133690839652361036,83.96520736662,21.40880727332,14.1363,II/389/ps1_dr2
133620838943190634,83.89422526859,21.35020506174,12.696,II/389/ps1_dr2
133630838883945102,83.88841451,21.36220941,10.6001,II/389/ps1_dr2
133640838825531716,83.88252102321,21.36769996191,14.8964,II/389/ps1_dr2
133640839028773998,83.90286431286,21.36958167975,12.612,II/389/ps1_dr2
133630838885424728,83.88863508,21.36193026,10.7103,II/389/ps1_dr2
133630838886255408,83.88854314,21.36229288,10.277,II/389/ps1_dr2
133650839041609816,83.90412842008,21.38278745263,13.7608,II/389/ps1_dr2
133650839215222956,83.92150399911,21.37706413359,14.644,II/389/ps1_dr2
133690838941050190,83.89408686013,21.4081087636,14.2307,II/389/ps1_dr2
133680839180125212,83.91773215,21.40379973,12.9917,II/389/ps1_dr2
133680839181473588,83.91812639,21.40258694,8.5072,II/389/ps1_dr2
133680839184355331,83.91843038,21.40401778,14.1504,II/389/ps1_dr2
133680839197063943,83.91982964,21.40284543,13.1322,II/389/ps1_dr2
133680839188884406,83.91883448,21.40321946,7.386,II/389/ps1_dr2
133680839160283997,83.9160574275,21.40312449056,13.4836,II/389/ps1_dr2
133690839401401906,83.94011216007,21.40953520068,13.9695,II/389/ps1_dr2
133700839660338950,83.96600850139,21.42374057501,14.9554,II/389/ps1_dr2
133710839596463712,83.95963593768,21.42768678183,14.4511,II/389/ps1_dr2
133680839571476648,83.95712274564,21.40515084898,14.6884,II/389/ps1_dr2
133680839114898955,83.91147229819,21.40708772384,14.312,II/389/ps1_dr2
133590837798722335,83.77985674734,21.32654395667,14.1733,II/389/ps1_dr2
133590837371652943,83.73715215341,21.32705188117,14.9349,II/389/ps1_dr2
133610837563041777,83.75627479608,21.3427459257,12.689,II/389/ps1_dr2
133620837325320802,83.73251953986,21.35025929979,14.9728,II/389/ps1_dr2
133620838194818151,83.81945356397,21.3563886618,14.7726,II/389/ps1_dr2
133650837967981294,83.79676768301,21.37567831886,14.169,II/389/ps1_dr2
133670838089009506,83.80886805,21.39912058,13.4252,II/389/ps1_dr2
133670838085529306,83.80851470728,21.39900239947,12.168,II/389/ps1_dr2
133690838123602835,83.81234742197,21.41030424892,13.8484,II/389/ps1_dr2
133660837237053742,83.72368232451,21.38604525711,14.8605,II/389/ps1_dr2
133680837089430528,83.70892941599,21.40002960346,14.5263,II/389/ps1_dr2
133710837499760511,83.74995158749,21.42501505469,14.2817,II/389/ps1_dr2
133700838457362849,83.84570938191,21.4186406966,14.4117,II/389/ps1_dr2
133690838196307575,83.8196081629,21.41425130312,13.5948,II/389/ps1_dr2
133710838408523647,83.84081346012,21.42761771705,11.524,II/389/ps1_dr2
133750838658192013,83.86579504533,21.45960849826,14.3896,II/389/ps1_dr2
133770838946427455,83.89462817945,21.4808113248,13.7533,II/389/ps1_dr2
133780838762804771,83.87628300206,21.48691378368,13.6324,II/389/ps1_dr2
133750838178932995,83.81784432,21.46044273,12.517,II/389/ps1_dr2
133740837689078480,83.76889068356,21.45665776791,14.9735,II/389/ps1_dr2
133780838473253326,83.84730031422,21.48569625039,13.118,II/389/ps1_dr2
133810838590850437,83.85922145,21.50822954,14.084,II/389/ps1_dr2
133810838586680502,83.85864312553,21.50835934482,14.3443,II/389/ps1_dr2
133680840205825447,84.02057404647,21.40413177833,14.8094,II/389/ps1_dr2
133710840520226398,84.0520115213,21.42992713412,14.5449,II/389/ps1_dr2
133720840832559789,84.08333809,21.44101128,13.3,II/389/ps1_dr2
133730840861144676,84.08612715815,21.44511467181,14.9572,II/389/ps1_dr2
133770840774705786,84.07747975801,21.47937329226,14.7323,II/389/ps1_dr2
133780840775893716,84.07755904233,21.48595330751,13.392,II/389/ps1_dr2
133700839811539803,83.9811297133,21.42443895607,14.4587,II/389/ps1_dr2
133780839719677466,83.9720352,21.48908843,12.9644,II/389/ps1_dr2
133780839668911465,83.96687663761,21.48415214335,14.3397,II/389/ps1_dr2
133770840264893290,84.02648014266,21.47732761951,14.6014,II/389/ps1_dr2
133800840404074255,84.04041301423,21.50309333578,14.8407,II/389/ps1_dr2
133800840336882934,84.03369034004,21.50199827622,13.055,II/389/ps1_dr2
133830840053000640,84.00529083405,21.52511751491,14.4392,II/389/ps1_dr2
133810840224083223,84.02240897428,21.51057538642,14.7172,II/389/ps1_dr2
133810840895834168,84.08957553048,21.51134398098,14.2421,II/389/ps1_dr2
133820840998576450,84.09987214144,21.5215935462,14.8591,II/389/ps1_dr2
133830841816425216,84.18165472846,21.52889665839,14.6353,II/389/ps1_dr2
133860841381772878,84.13818045283,21.55197009587,14.7139,II/389/ps1_dr2
133840840422811564,84.04228532264,21.53418103036,14.1901,II/389/ps1_dr2
133900841190386682,84.11907962,21.58848107,11.6752,II/389/ps1_dr2
133900841194247273,84.11934689,21.5889177,13.1449,II/389/ps1_dr2
133900841192556935,84.11927293,21.58866554,10.776,II/389/ps1_dr2
133910841419523274,84.14192973,21.59395674,13.1513,II/389/ps1_dr2
133910841422292956,84.14225933,21.59366214,10.611,II/389/ps1_dr2
133910841419302612,84.14189191,21.59336383,13.0931,II/389/ps1_dr2
133910841424393240,84.14261807,21.59370665,13.9488,II/389/ps1_dr2
133890840939858340,84.09399772171,21.58148114977,14.5576,II/389/ps1_dr2
133940841106330760,84.11060886333,21.616824308,13.696,II/389/ps1_dr2
133760839411984043,83.94118771288,21.46961003235,13.402,II/389/ps1_dr2
133800839530708856,83.95305876889,21.50697261277,14.7394,II/389/ps1_dr2
133810839634512880,83.96343568871,21.51032924879,14.0032,II/389/ps1_dr2
133800839287686644,83.92875419937,21.50513860255,14.9226,II/389/ps1_dr2
133820839523753381,83.95235733623,21.51908344808,13.479,II/389/ps1_dr2
133830839348513528,83.93483799129,21.52754295016,14.7941,II/389/ps1_dr2
133830839797061663,83.97967674784,21.52600564619,14.5184,II/389/ps1_dr2
133850840167403946,84.01673729346,21.54450539404,14.5579,II/389/ps1_dr2
133840838800109541,83.87996782753,21.54088366141,14.4414,II/389/ps1_dr2
133880839566782412,83.95667256078,21.56825784921,13.5678,II/389/ps1_dr2
133900839261042945,83.92608094656,21.5853888178,14.8567,II/389/ps1_dr2
133910839147976422,83.91477509739,21.59662824218,14.8527,II/389/ps1_dr2
133920839415717808,83.94154454552,21.60610455579,14.9172,II/389/ps1_dr2
133910839340078788,83.93394279594,21.59857410646,13.472,II/389/ps1_dr2
133890839856899312,83.98564741757,21.58233664779,14.4511,II/389/ps1_dr2
133920840347240753,84.0346965113,21.60019618761,14.0575,II/389/ps1_dr2
133910840761648632,84.07616460295,21.59840163428,14.1107,II/389/ps1_dr2
133940840677974767,84.06775699125,21.62021663663,14.5372,II/389/ps1_dr2
133970840548873231,84.05489815741,21.64391141153,14.557,II/389/ps1_dr2
133960840605476477,84.06056507432,21.63828034443,14.6574,II/389/ps1_dr2
133910839778030233,83.97770314767,21.59140611429,14.1712,II/389/ps1_dr2
133940840118988554,84.01182985384,21.62330714867,14.3556,II/389/ps1_dr2
133930840073604294,84.00737118801,21.61145231159,14.652,II/389/ps1_dr2
133950839622970452,83.96224912237,21.62490825509,13.227,II/389/ps1_dr2
133980839815825355,83.98155054119,21.65398234127,13.4199,II/389/ps1_dr2
133980840437063155,84.04363403329,21.65213249923,13.114,II/389/ps1_dr2
133740843773652443,84.37736765549,21.45160111205,14.1231,II/389/ps1_dr2
133760844251720349,84.4251784708,21.46652280667,14.8356,II/389/ps1_dr2
133770844052826760,84.40529093076,21.48019892199,14.3208,II/389/ps1_dr2
133740843531887601,84.35317585835,21.45588207472,13.079,II/389/ps1_dr2
133750843496284537,84.34966037232,21.46161591336,13.059,II/389/ps1_dr2
133780843459881198,84.34614853,21.48399531,11.0893,II/389/ps1_dr2
133770843911336833,84.39114866422,21.48025876701,14.7597,II/389/ps1_dr2
133810843869425065,84.38691613939,21.51209376102,13.6274,II/389/ps1_dr2
133800844139585165,84.41395689062,21.50386430275,14.0301,II/389/ps1_dr2
133800844157244676,84.41575605891,21.50345088566,13.8204,II/389/ps1_dr2
133800844024644268,84.40247550829,21.50312150371,14.5538,II/389/ps1_dr2
133770844671074404,84.46712176731,21.47823782788,14.4735,II/389/ps1_dr2
133780844535595749,84.45356429225,21.48768854292,13.9698,II/389/ps1_dr2
133800844525125047,84.45252121503,21.50377327758,14.3664,II/389/ps1_dr2
133820844612856329,84.46130689849,21.52149957275,14.9671,II/389/ps1_dr2
133820844937416724,84.49374003383,21.52182228626,13.6199,II/389/ps1_dr2
133820845153927255,84.51536058,21.52223582,11.979,II/389/ps1_dr2
133850844712465651,84.47118908,21.54595565,10.894,II/389/ps1_dr2
133880845054340066,84.50544911952,21.56627530381,14.2609,II/389/ps1_dr2
133840844542287227,84.45428148011,21.53890774205,14.0964,II/389/ps1_dr2
133850844086784735,84.40868016877,21.54517322248,14.8626,II/389/ps1_dr2
133880844166857219,84.41669655527,21.57224154243,14.8063,II/389/ps1_dr2
133890844209951986,84.42100642988,21.57621343562,14.7055,II/389/ps1_dr2
133770843033465938,84.30334661285,21.47950390796,14.9885,II/389/ps1_dr2
133790842990575847,84.29900249124,21.49606427537,12.838,II/389/ps1_dr2
133810842756902576,84.2757008281,21.51002546741,13.893,II/389/ps1_dr2
133870843527941515,84.35278949601,21.55912712296,14.4816,II/389/ps1_dr2
133850843657059781,84.36571173838,21.54936838448,13.7975,II/389/ps1_dr2
133880843357810858,84.33579110043,21.56693355642,14.2841,II/389/ps1_dr2
133830842330268703,84.23303629126,21.53180736073,14.4888,II/389/ps1_dr2
133830842716219803,84.27162664333,21.53271546794,14.98,II/389/ps1_dr2
133860842599179168,84.25991626755,21.55718607075,14.3839,II/389/ps1_dr2
133850842236517513,84.22366231881,21.54749585686,14.3561,II/389/ps1_dr2
133860842898654210,84.28987589489,21.55305547663,13.3,II/389/ps1_dr2
133870842781884013,84.27832523585,21.56129363353,12.722,II/389/ps1_dr2
133890842915527773,84.29156679627,21.58102714416,14.937,II/389/ps1_dr2
133890843302739431,84.33025470947,21.58241026515,13.7827,II/389/ps1_dr2
133880843014234962,84.30143426209,21.5703576665,14.3725,II/389/ps1_dr2
133900842764102491,84.27642196975,21.58496456216,14.8009,II/389/ps1_dr2
133900842902679068,84.2902470449,21.59043711176,13.6784,II/389/ps1_dr2
133870843937909184,84.39379983403,21.56554451818,14.8333,II/389/ps1_dr2
133900843375175979,84.33752691443,21.58787137953,14.8578,II/389/ps1_dr2
133920843882914813,84.3882276015,21.6035250485,13.5082,II/389/ps1_dr2
133960844006552611,84.40065912045,21.63506814925,14.3187,II/389/ps1_dr2
133940843891230999,84.38914642,21.61700545,13.0951,II/389/ps1_dr2
133980844176085313,84.41760669165,21.65396701155,13.5947,II/389/ps1_dr2
133950842966046497,84.29663739367,21.6299669178,11.887,II/389/ps1_dr2
133950843290231639,84.32896477018,21.62588557008,12.911,II/389/ps1_dr2
133950843279207944,84.32791916008,21.631165471,14.4329,II/389/ps1_dr2
133960843832370845,84.38323978417,21.63360097239,14.4363,II/389/ps1_dr2
133990843549937033,84.35495534171,21.66372853413,13.9656,II/389/ps1_dr2
134010843824096615,84.38248150265,21.68004562774,14.5085,II/389/ps1_dr2
134030843707333115,84.37070237978,21.6938268222,14.2523,II/389/ps1_dr2
133870845600492873,84.5600686119,21.56027491753,14.8886,II/389/ps1_dr2
133870845474364581,84.54746416065,21.56169357532,14.942,II/389/ps1_dr2
133900845590040734,84.55900969471,21.58348573422,13.423,II/389/ps1_dr2
133890845783041706,84.5782891198,21.57594719755,14.0234,II/389/ps1_dr2
133890845369148787,84.53693727527,21.58186785035,14.9144,II/389/ps1_dr2
133910845618697360,84.56188610537,21.59734664111,14.377,II/389/ps1_dr2
133930845914221404,84.59144503423,21.60905692694,14.7888,II/389/ps1_dr2
133910846007992776,84.60082995338,21.59352991756,13.5559,II/389/ps1_dr2
133950846048808520,84.6048988915,21.63164430234,14.6643,II/389/ps1_dr2
133950846024672546,84.60247889,21.62641664,10.2795,II/389/ps1_dr2
133950846057004387,84.60566004838,21.62818324063,13.739,II/389/ps1_dr2
133940845632517048,84.56318201208,21.62205201111,13.496,II/389/ps1_dr2
133970846072671310,84.60726534967,21.64230108457,13.7074,II/389/ps1_dr2
133950845453862462,84.54540771157,21.62659915608,14.6621,II/389/ps1_dr2
133980845814256901,84.58141264974,21.65528573599,14.2417,II/389/ps1_dr2
133980845595639013,84.55946695476,21.65701732503,13.3554,II/389/ps1_dr2
134010845296013300,84.52960833438,21.67729001802,13.9219,II/389/ps1_dr2
133970845275424587,84.52763366639,21.64500516679,14.7418,II/389/ps1_dr2
134020845550910277,84.55511057088,21.68311958474,14.7982,II/389/ps1_dr2
133960846370246885,84.63701730085,21.63861367722,13.7961,II/389/ps1_dr2
133970846489438200,84.649098,21.64813695,12.9321,II/389/ps1_dr2
134050846938145548,84.69381552308,21.71251050827,13.086,II/389/ps1_dr2
134040846775105174,84.67750850295,21.70387030814,14.8542,II/389/ps1_dr2
134040846644293750,84.66443601388,21.70268353575,14.0357,II/389/ps1_dr2
134050846490444409,84.64905855,21.71143712,14.1284,II/389/ps1_dr2
134050846211646691,84.62106034689,21.71337543387,13.4939,II/389/ps1_dr2
134030846207607234,84.62077516401,21.6972478401,14.5502,II/389/ps1_dr2
134040845752941347,84.57526397021,21.70064174222,13.472,II/389/ps1_dr2
134050845804943974,84.58050534972,21.71119851196,14.9322,II/389/ps1_dr2
134070845881264421,84.58812936139,21.7282247592,13.5087,II/389/ps1_dr2
134050846427417194,84.6427490717,21.71387997555,14.3945,II/389/ps1_dr2
134110846176304410,84.61761151,21.7616397,9.961,II/389/ps1_dr2
134110846179634758,84.61789038,21.76191865,10.3873,II/389/ps1_dr2
133980844717815562,84.47179506327,21.6541849435,14.6142,II/389/ps1_dr2
133970844708512678,84.47086002582,21.64344288666,13.9124,II/389/ps1_dr2
133980844850808670,84.48503619034,21.65673636909,13.465,II/389/ps1_dr2
134030845099442150,84.50995988668,21.69301031771,14.7486,II/389/ps1_dr2
134000845161888213,84.51633032,21.67298818,10.939,II/389/ps1_dr2
134040844551825178,84.45519234242,21.70386553375,14.8034,II/389/ps1_dr2
134040844062922271,84.40624552566,21.70141712909,13.295,II/389/ps1_dr2
134060844529092922,84.45283101904,21.71861856548,13.078,II/389/ps1_dr2
134050844559408771,84.45594125,21.71515943,11.857,II/389/ps1_dr2
134090844836795152,84.48365762806,21.74549614135,13.4569,II/389/ps1_dr2
134110844817783313,84.4817825425,21.76065062079,14.7794,II/389/ps1_dr2
134100845360152134,84.53600701456,21.75130908494,14.2493,II/389/ps1_dr2
134100845527096236,84.55271332,21.75477965,14.2144,II/389/ps1_dr2
134100845521456813,84.55216667,21.75517666,14.2036,II/389/ps1_dr2
134100845524736708,84.55253113,21.75517902,11.494,II/389/ps1_dr2
134150846146803310,84.61464021977,21.79395389882,13.378,II/389/ps1_dr2
134120845117138223,84.51169097069,21.77305681951,13.9837,II/389/ps1_dr2
134120845216101240,84.52158888969,21.76723979973,14.4515,II/389/ps1_dr2
134120845337095826,84.53363749842,21.77103571182,14.5646,II/389/ps1_dr2
134160845048349282,84.50481886055,21.80727825924,13.8236,II/389/ps1_dr2
134180845899856275,84.58999176208,21.82147299876,14.5289,II/389/ps1_dr2
134190845281290611,84.52813406622,21.82506769262,14.2551,II/389/ps1_dr2
133860841879808036,84.18796573533,21.5562238432,13.7899,II/389/ps1_dr2
133860841984848376,84.19843803217,21.55651268191,13.267,II/389/ps1_dr2
133900842199417841,84.21994085717,21.58941550567,13.336,II/389/ps1_dr2
133910841841959264,84.18417366066,21.59892022125,14.2368,II/389/ps1_dr2
133940841630971162,84.16330608,21.61739073,14.0767,II/389/ps1_dr2
133940841633271423,84.16331480849,21.61738858781,14.0238,II/389/ps1_dr2
133960841590772821,84.159065,21.63522171,11.684,II/389/ps1_dr2
133990841514121416,84.15142151141,21.65896803193,13.472,II/389/ps1_dr2
133960841587052602,84.1587224,21.63503128,11.8736,II/389/ps1_dr2
134010841822477908,84.18227039749,21.68112993185,14.7276,II/389/ps1_dr2
134020842045395414,84.20455819835,21.68741148847,13.9648,II/389/ps1_dr2
133960842710446875,84.27106159424,21.63861415546,14.709,II/389/ps1_dr2
133980842983058192,84.2982561286,21.65634093116,14.1311,II/389/ps1_dr2
133990842702858002,84.27028327307,21.66458063945,14.6711,II/389/ps1_dr2
134020842992412227,84.29919464,21.68473875,11.515,II/389/ps1_dr2
134010843212732452,84.32142171,21.67660025,12.376,II/389/ps1_dr2
134010843180908832,84.31809638618,21.68190366609,13.9726,II/389/ps1_dr2
134030843241469183,84.32413025608,21.69886640649,13.236,II/389/ps1_dr2
134030843004515684,84.30027280217,21.6958701943,13.7075,II/389/ps1_dr2
134030843169061342,84.31690968811,21.69233920937,13.6008,II/389/ps1_dr2
134030843001505459,84.30026877779,21.69586930416,13.3223,II/389/ps1_dr2
134060843177684905,84.31770856364,21.72026718129,13.4819,II/389/ps1_dr2
134060843396264218,84.33959675878,21.71971146583,14.035,II/389/ps1_dr2
134010842352762061,84.2352280481,21.67623701135,12.85,II/389/ps1_dr2
134010842565277430,84.25654507228,21.68074034117,14.8658,II/389/ps1_dr2
134050842583055213,84.25831743592,21.71224959013,14.7915,II/389/ps1_dr2
134070842267010552,84.22671117701,21.72501676591,14.5764,II/389/ps1_dr2
134100842906278751,84.29063689628,21.75683468568,12.885,II/389/ps1_dr2
133960841189520943,84.11890955,21.6337339,12.472,II/389/ps1_dr2
134010840866690298,84.08668217645,21.67479927419,14.4411,II/389/ps1_dr2
134000841142231540,84.11423674114,21.6675080232,14.5895,II/389/ps1_dr2
134030841121502330,84.11214508011,21.69315024458,12.8,II/389/ps1_dr2
134030840759152377,84.07587654333,21.69317984502,13.8104,II/389/ps1_dr2
134020840811744448,84.08116311472,21.68654989666,14.3502,II/389/ps1_dr2
134060841187576128,84.11875226293,21.72131188747,14.228,II/389/ps1_dr2
134070841279591721,84.12797534996,21.72598666815,14.6391,II/389/ps1_dr2
134080841437150166,84.14369477,21.73302553,12.145,II/389/ps1_dr2
134100840911617942,84.09115953387,21.75616333524,14.1142,II/389/ps1_dr2
134110841062455699,84.10623709982,21.76261433635,13.5016,II/389/ps1_dr2
134110841154797745,84.11549610277,21.76434042501,13.583,II/389/ps1_dr2
134110841042995471,84.10426325314,21.7624212018,13.6454,II/389/ps1_dr2
134070841873885212,84.18740748667,21.7288839192,14.2918,II/389/ps1_dr2
134090841947545006,84.19473806147,21.74537528272,14.0533,II/389/ps1_dr2
134100842366047233,84.23661231913,21.75558230606,14.4526,II/389/ps1_dr2
134150841733067387,84.17332236039,21.79737371384,14.8361,II/389/ps1_dr2
134120841321463375,84.1321132218,21.76900071203,13.7127,II/389/ps1_dr2
134170842317956234,84.23179872831,21.81306038177,14.7296,II/389/ps1_dr2
134070843986260553,84.39856682302,21.72496505452,14.145,II/389/ps1_dr2
134080843842035587,84.3841797206,21.73751641899,14.2165,II/389/ps1_dr2
134080844154719933,84.41548155583,21.7411615138,14.4804,II/389/ps1_dr2
134070843547529905,84.35475537681,21.73280461872,14.9124,II/389/ps1_dr2
134100843732914054,84.37328747805,21.75292999991,13.8749,II/389/ps1_dr2
134100843787243944,84.37872839671,21.75282908362,14.9927,II/389/ps1_dr2
134110843591679367,84.35914041157,21.76573266624,14.1026,II/389/ps1_dr2
134140844481186736,84.4481055144,21.78849017079,12.277,II/389/ps1_dr2
134150843931509270,84.39315577,21.7989443,13.3101,II/389/ps1_dr2
134160844291256691,84.42919006,21.80493283,12.7981,II/389/ps1_dr2
134150844285132352,84.42855151,21.79316307,12.163,II/389/ps1_dr2
134100843225112715,84.32249622096,21.7517956857,13.8184,II/389/ps1_dr2
134110843305638563,84.33060934243,21.76498681058,14.2144,II/389/ps1_dr2
134120843537161584,84.35395007,21.76761428,13.3167,II/389/ps1_dr2
134120843540880989,84.35418446,21.76705823,9.8631,II/389/ps1_dr2
134120843545831062,84.35465672,21.76716495,13.0567,II/389/ps1_dr2
134140843614801407,84.36144610446,21.78402632927,13.8023,II/389/ps1_dr2
134140843018681958,84.30210705,21.78459592,11.647,II/389/ps1_dr2
134140843021792244,84.30202437,21.78464016,12.01,II/389/ps1_dr2
134150843289224399,84.32896208768,21.79486936081,13.159,II/389/ps1_dr2
134160843658963077,84.36587906832,21.80208359793,13.7928,II/389/ps1_dr2
134140843680588317,84.36803999654,21.78979812303,13.7836,II/389/ps1_dr2
134150843926969504,84.39271276,21.79946058,13.3007,II/389/ps1_dr2
134220843784462791,84.37845850602,21.85187689743,14.9536,II/389/ps1_dr2
134190844554060317,84.45537903865,21.82481786323,14.6902,II/389/ps1_dr2
134230845498936455,84.54984398715,21.86324381073,13.5698,II/389/ps1_dr2
134230845250632593,84.52505951749,21.86005013869,14.4809,II/389/ps1_dr2
134250845150392292,84.51503157575,21.8764612599,14.2822,II/389/ps1_dr2
134270844731434215,84.47320844,21.89469598,9.725,II/389/ps1_dr2
134270844725674947,84.47254729,21.89521103,14.6251,II/389/ps1_dr2
134320844727351128,84.47272515101,21.93381014686,14.5707,II/389/ps1_dr2
134180843129173301,84.31293344974,21.81896618362,14.7205,II/389/ps1_dr2
134210843022228510,84.30223591822,21.84829506987,14.8329,II/389/ps1_dr2
134250843538792708,84.35389666081,21.87679625561,14.6039,II/389/ps1_dr2
134250843416065486,84.34163352105,21.87911443599,14.9861,II/389/ps1_dr2
134220842687321404,84.26874162038,21.85069574729,13.8259,II/389/ps1_dr2
134230842459889224,84.24599174445,21.86554836747,14.3371,II/389/ps1_dr2
134230842204165075,84.22042748079,21.86210829457,14.9377,II/389/ps1_dr2
134290843066758637,84.30667674821,21.91506328041,14.1977,II/389/ps1_dr2
134250843821794370,84.38204917244,21.8781205776,14.2666,II/389/ps1_dr2
134250843819514140,84.38202691,21.87810204,14.2434,II/389/ps1_dr2
134280843524773657,84.35249626135,21.90258913496,14.4647,II/389/ps1_dr2
134350844083719841,84.40835389653,21.96605118109,13.568,II/389/ps1_dr2
134310843503422054,84.35024852579,21.92619949172,13.4933,II/389/ps1_dr2
134310843435817016,84.34359198636,21.93038073592,14.2865,II/389/ps1_dr2
134360843738772389,84.37404768,21.96837048,11.479,II/389/ps1_dr2
134360843742282807,84.37415415,21.96843929,11.3824,II/389/ps1_dr2
134370843893749059,84.38939576009,21.9820833979,14.1765,II/389/ps1_dr2
133750855317502023,85.53162567449,21.45948046375,13.5816,II/389/ps1_dr2
133800855886668188,85.58874459348,21.50633205984,13.295,II/389/ps1_dr2
133490852507495329,85.25078563082,21.24560770207,13.9899,II/389/ps1_dr2
133540852980927280,85.29807998316,21.28894796224,13.302,II/389/ps1_dr2
133580853191812168,85.31919175575,21.3180155063,14.3159,II/389/ps1_dr2
133570852861685984,85.28618306375,21.31284548377,13.5845,II/389/ps1_dr2
133590852802651253,85.28036329,21.32538241,9.6822,II/389/ps1_dr2
133560852198234475,85.21983345016,21.3032410265,14.9789,II/389/ps1_dr2
133560852154583712,85.21557336826,21.30259366427,14.2924,II/389/ps1_dr2
133610852804890272,85.28048882586,21.341392269,14.7392,II/389/ps1_dr2
133660853712966930,85.37132142426,21.38862308829,14.5541,II/389/ps1_dr2
133650853187281433,85.31879835916,21.37572718794,13.482,II/389/ps1_dr2
133700853463826183,85.34639680266,21.42133562006,14.4637,II/389/ps1_dr2
133710853740287846,85.37404999305,21.43104933673,14.4139,II/389/ps1_dr2
133700853112977066,85.31130455906,21.42206305368,12.468,II/389/ps1_dr2
133580851631124388,85.16314711503,21.31981235289,14.1142,II/389/ps1_dr2
133600851680608165,85.1681079651,21.33964281335,14.6685,II/389/ps1_dr2
133610851977922327,85.19783586011,21.34309784373,14.4164,II/389/ps1_dr2
133600851525178906,85.15253462479,21.34029439567,13.357,II/389/ps1_dr2
133600851536759447,85.15360006209,21.34071608275,14.6301,II/389/ps1_dr2
133630851900109353,85.19003392724,21.36562731295,14.6358,II/389/ps1_dr2
133650851677937180,85.16783099568,21.38048521019,14.3598,II/389/ps1_dr2
133650851181586346,85.11825598403,21.37978250419,13.413,II/389/ps1_dr2
133670850975432906,85.09761596087,21.39358442841,13.9887,II/389/ps1_dr2
133680851699339896,85.16996410366,21.40774006583,14.8493,II/389/ps1_dr2
133680851790140270,85.17901758,21.39978351,12.253,II/389/ps1_dr2
133680851793490391,85.17935056,21.39983376,13.2521,II/389/ps1_dr2
133700851754886480,85.17537927933,21.42156415184,12.859,II/389/ps1_dr2
133700851751296545,85.17518769024,21.42159742708,14.7139,II/389/ps1_dr2
133700852870321056,85.28704991,21.41702695,11.939,II/389/ps1_dr2
133720852408511702,85.24089900458,21.43426597844,13.5018,II/389/ps1_dr2
133730851876299796,85.18768152984,21.44932645334,12.038,II/389/ps1_dr2
133740851877440121,85.18777851,21.4495985,13.8449,II/389/ps1_dr2
133790852123111590,85.21233892742,21.49250645672,13.8435,II/389/ps1_dr2
133750852531369291,85.2531944119,21.46558476622,14.1453,II/389/ps1_dr2
133700854405941167,85.44061634361,21.41714682343,14.8163,II/389/ps1_dr2
133730854825376575,85.48255920296,21.446648088,14.614,II/389/ps1_dr2
133760854691353655,85.4692641138,21.46907154552,14.315,II/389/ps1_dr2
133750854234291851,85.4234609837,21.45936201875,12.819,II/389/ps1_dr2
133770854278484748,85.42788555328,21.47845905844,14.0389,II/389/ps1_dr2
133780854162915309,85.41633788133,21.48725408849,13.6249,II/389/ps1_dr2
133800854083002324,85.40833233453,21.50142869282,14.6027,II/389/ps1_dr2
133830854258277078,85.42587623655,21.53040169503,14.1504,II/389/ps1_dr2
133780855109704031,85.51091515,21.48611719,12.121,II/389/ps1_dr2
133780855109073587,85.51067967,21.48595713,12.7741,II/389/ps1_dr2
133780855112223744,85.51123231,21.48586342,13.6269,II/389/ps1_dr2
133890855161852348,85.51612498,21.57634964,9.656,II/389/ps1_dr2
133890855163461651,85.51636387,21.57592655,13.4943,II/389/ps1_dr2
133890855160091970,85.51588805,21.57604157,9.7772,II/389/ps1_dr2
133860855282402968,85.52824754354,21.55201150006,14.182,II/389/ps1_dr2
133890855162402991,85.51629595,21.57711591,14.5866,II/389/ps1_dr2
133890855157082218,85.51566657,21.57639813,13.1987,II/389/ps1_dr2
133890855241266758,85.524205,21.580238,8.784,II/389/ps1_dr2
133890855243927107,85.52451605,21.5803757,9.103,II/389/ps1_dr2
133770853570359946,85.35706706881,21.48278617352,14.1443,II/389/ps1_dr2
133810853102280781,85.31028189244,21.50850781304,14.1082,II/389/ps1_dr2
133820853904274228,85.390432,21.51973326,12.3683,II/389/ps1_dr2
133820853912064579,85.39132832,21.51992609,11.0601,II/389/ps1_dr2
133820853915155212,85.39157252,21.52055246,13.1214,II/389/ps1_dr2
133820853914124892,85.39115201,21.52015347,10.548,II/389/ps1_dr2
133830853776948618,85.37772343368,21.53168544054,14.5485,II/389/ps1_dr2
133880853163674274,85.31638207055,21.56978872322,14.845,II/389/ps1_dr2
133910853517498390,85.35175924578,21.59820565309,14.4184,II/389/ps1_dr2
133930854400874912,85.44009489125,21.61199498272,14.275,II/389/ps1_dr2
133950855013817617,85.5013975501,21.63089585448,13.027,II/389/ps1_dr2
133950854575490238,85.45757655356,21.62477037672,14.3693,II/389/ps1_dr2
133960854511393345,85.4511573476,21.63568192878,14.0901,II/389/ps1_dr2
133950854668266238,85.46684879934,21.62975673265,13.6952,II/389/ps1_dr2
133910853800633875,85.37988341,21.59443003,13.423,II/389/ps1_dr2
133910853805755295,85.38024589,21.59564623,12.7454,II/389/ps1_dr2
133910853803394773,85.38005107,21.59518282,11.8418,II/389/ps1_dr2
133940853834731720,85.38352343535,21.61764278634,14.0203,II/389/ps1_dr2
133910853802264372,85.38032238,21.59483918,11.093,II/389/ps1_dr2
133950853806226627,85.38062995849,21.6300863125,14.906,II/389/ps1_dr2
133970854401440741,85.44012741032,21.64197434423,13.8656,II/389/ps1_dr2
133990854374141908,85.43744341402,21.65948456333,13.5194,II/389/ps1_dr2
133980853993838192,85.3994060697,21.65638453255,14.0117,II/389/ps1_dr2
133980854207849964,85.42079998395,21.65786846552,14.8568,II/389/ps1_dr2
133890856654094317,85.66537392,21.57817327,9.9188,II/389/ps1_dr2
133890856660495258,85.66628922,21.57888812,8.5545,II/389/ps1_dr2
133890856658814915,85.66588917,21.57867597,8.385,II/389/ps1_dr2
133910856835046622,85.68351246077,21.5967454059,14.2139,II/389/ps1_dr2
133940857376702495,85.73762948301,21.61833296634,13.8368,II/389/ps1_dr2
133950857601726577,85.76033252,21.63014031,12.262,II/389/ps1_dr2
133990857468173253,85.74678331421,21.66063634,14.0386,II/389/ps1_dr2
134020858081721029,85.80821198083,21.68375249425,11.97,II/389/ps1_dr2
134020858080602408,85.80806303103,21.68488279595,12.222,II/389/ps1_dr2
134030857988203004,85.79881615521,21.69379568984,14.0649,II/389/ps1_dr2
134070858636939232,85.86359481509,21.73227694699,12.725,II/389/ps1_dr2
134080858339328931,85.8339046623,21.74039023139,14.2589,II/389/ps1_dr2
134090859153822968,85.91537576752,21.74373348686,14.9769,II/389/ps1_dr2
134160860008648630,86.00084937,21.80681835,13.6674,II/389/ps1_dr2
134160860013559324,86.00116644,21.80727401,12.2625,II/389/ps1_dr2
134160860015439750,86.0015467,21.8076393,10.092,II/389/ps1_dr2
134160860018119458,86.0022723,21.80748031,13.6045,II/389/ps1_dr2
134110858966161469,85.89659261541,21.75915536901,12.166,II/389/ps1_dr2
134140859245797499,85.92457862798,21.78917640762,13.4449,II/389/ps1_dr2
134140858740934290,85.87389835,21.78635761,13.7783,II/389/ps1_dr2
134140858738254063,85.87385273,21.78627818,12.873,II/389/ps1_dr2
134180859134493421,85.91341760953,21.81912793243,13.276,II/389/ps1_dr2
134170859181664789,85.91813758303,21.81193641986,13.5387,II/389/ps1_dr2
134180859129602684,85.91295842515,21.8185326904,14.3599,II/389/ps1_dr2
134170859517112717,85.95169663345,21.81019831813,14.3577,II/389/ps1_dr2
134190859710176188,85.97103550217,21.82970562802,14.4969,II/389/ps1_dr2
134190859929516560,85.99293082481,21.83006305177,14.3052,II/389/ps1_dr2
134190859266959356,85.92667056719,21.8324005757,14.5337,II/389/ps1_dr2
133890856220355218,85.62204217,21.57892871,11.284,II/389/ps1_dr2
133920856544028334,85.65442076541,21.60649908926,14.1617,II/389/ps1_dr2
133930856710137347,85.67102459064,21.61401651213,14.6865,II/389/ps1_dr2
133940856649404369,85.66491204915,21.61989999048,14.9865,II/389/ps1_dr2
133900855693589847,85.56933578621,21.5910955802,13.451,II/389/ps1_dr2
133950855946648993,85.59463752975,21.63205305917,13.085,II/389/ps1_dr2
133980856128671872,85.61268498,21.65103676,12.6247,II/389/ps1_dr2
133980856136792173,85.61374511,21.65135645,10.583,II/389/ps1_dr2
133980856144042596,85.61440647,21.6517585,13.1753,II/389/ps1_dr2
133980857209260427,85.72093073238,21.64993917748,14.8057,II/389/ps1_dr2
134010856458043182,85.6457884693,21.67725082435,14.0094,II/389/ps1_dr2
134050856328300082,85.63303326368,21.70807107105,14.2919,II/389/ps1_dr2
134070857187109529,85.71868822337,21.73254598683,14.8195,II/389/ps1_dr2
134080857298687322,85.72984511537,21.73905271493,14.5395,II/389/ps1_dr2
134070856694918996,85.66947376537,21.73207758643,14.0097,II/389/ps1_dr2
134080856854749540,85.68545479359,21.74089160584,14.2568,II/389/ps1_dr2
133980855170917745,85.51700370425,21.65603410597,12.76,II/389/ps1_dr2
134020855181345699,85.51808957292,21.68764737606,14.2559,II/389/ps1_dr2
134020855208017975,85.52073748034,21.68954479479,13.467,II/389/ps1_dr2
134000855665662303,85.56656041043,21.66817457867,14.1383,II/389/ps1_dr2
134010855798586967,85.57985176806,21.68039554341,13.9422,II/389/ps1_dr2
134020855571127004,85.5571103576,21.6887553568,14.5954,II/389/ps1_dr2
134020855779140608,85.57794656752,21.68340233734,11.715,II/389/ps1_dr2
134040855584811421,85.5584772193,21.70077183795,13.7063,II/389/ps1_dr2
134040855238561483,85.52385594252,21.70081627081,14.8973,II/389/ps1_dr2
134060855374091511,85.53740981732,21.71751095252,12.14,II/389/ps1_dr2
134030854908079397,85.490782705,21.69907324201,13.4771,II/389/ps1_dr2
134030854463650783,85.44638358493,21.69188345264,13.6865,II/389/ps1_dr2
134040854513545339,85.45138624,21.70369227,12.6609,II/389/ps1_dr2
134040854519655584,85.4519654,21.7042159,12.1018,II/389/ps1_dr2
134060854509552960,85.45097362218,21.71869226905,14.6876,II/389/ps1_dr2
134040854432668699,85.44328205693,21.70681776615,14.5247,II/389/ps1_dr2
134040854516735002,85.45186407,21.70373651,10.145,II/389/ps1_dr2
134030854504088225,85.45042261863,21.69808528897,14.3961,II/389/ps1_dr2
134050854877479877,85.48775806203,21.71614377409,14.7407,II/389/ps1_dr2
134120855923863724,85.5923823508,21.76935474734,14.6285,II/389/ps1_dr2
134150856371726443,85.63716566578,21.79662320269,13.484,II/389/ps1_dr2
134140855893764050,85.58937207542,21.78628912481,14.5676,II/389/ps1_dr2
134120855402991253,85.54031765467,21.76729755985,14.444,II/389/ps1_dr2
134160855926568401,85.59264241803,21.80658839159,13.3147,II/389/ps1_dr2
134170856107138365,85.61070040299,21.81489277636,14.9601,II/389/ps1_dr2
134060857862455625,85.78622454414,21.72096945383,14.1135,II/389/ps1_dr2
134080857965422982,85.79651124156,21.73545489618,13.362,II/389/ps1_dr2
134140858443821025,85.84435710916,21.78382617691,13.118,II/389/ps1_dr2
134150858406678332,85.84063246396,21.79822534991,12.218,II/389/ps1_dr2
134120857338650580,85.73375793,21.76674432,13.3363,II/389/ps1_dr2
134120857327150662,85.73272446925,21.76679451472,13.27,II/389/ps1_dr2
134120857579955721,85.75796692026,21.77105706239,14.98,II/389/ps1_dr2
134170857918080556,85.79178057364,21.80842476986,14.0616,II/389/ps1_dr2
134150857764042193,85.77636121947,21.79311391344,13.012,II/389/ps1_dr2
134140858667063403,85.86671437604,21.78572841313,12.75,II/389/ps1_dr2
134150858730694715,85.87306487666,21.79519092514,14.0003,II/389/ps1_dr2
134180858342138558,85.83430111,21.8233901,13.38,II/389/ps1_dr2
134190858677537667,85.86769707847,21.83100145775,13.336,II/389/ps1_dr2
134220858658197492,85.86577503951,21.85585828354,13.512,II/389/ps1_dr2
134200858764458542,85.87638853,21.84005364,12.663,II/389/ps1_dr2
134250859316174594,85.93158550816,21.87843222415,13.06,II/389/ps1_dr2
134240859357102217,85.93567491182,21.86813178735,14.0371,II/389/ps1_dr2
134230858895919879,85.88958668458,21.86610180805,12.711,II/389/ps1_dr2
134240858972359454,85.89701548,21.87413343,9.3534,II/389/ps1_dr2
134210858128089840,85.81276207554,21.84947889961,14.3764,II/389/ps1_dr2
134220858092344574,85.80919449514,21.85343858475,13.1794,II/389/ps1_dr2
134260858444543238,85.84439149776,21.88563516989,13.5159,II/389/ps1_dr2
134270858298367945,85.82977224,21.89788687,12.741,II/389/ps1_dr2
134320858681480024,85.86810241215,21.93293878057,14.0212,II/389/ps1_dr2
134200856969484903,85.69691245932,21.83701034127,12.128,II/389/ps1_dr2
134220857626610972,85.76264373,21.85038391,12.0679,II/389/ps1_dr2
134220857625561397,85.76254676,21.85071044,11.84,II/389/ps1_dr2
134250857125363756,85.71250390772,21.87772684548,12.88,II/389/ps1_dr2
134250857241537764,85.72412665921,21.88107158837,13.8736,II/389/ps1_dr2
134250856490451483,85.64903203635,21.87582417813,14.5475,II/389/ps1_dr2
134260856686644865,85.66865301327,21.88698149791,14.4398,II/389/ps1_dr2
134270856810469480,85.68104331958,21.89917257492,14.9119,II/389/ps1_dr2
134280857604437407,85.76041401,21.90575228,12.329,II/389/ps1_dr2
134280857602667008,85.76036115,21.90552307,13.413,II/389/ps1_dr2
134310858365652764,85.83653036588,21.92691268005,14.9711,II/389/ps1_dr2
134310858345138215,85.83448413835,21.93144630049,14.6958,II/389/ps1_dr2
134350858230313048,85.8229904426,21.96047614179,14.6191,II/389/ps1_dr2
134330857513494622,85.75133030549,21.9451138768,13.726,II/389/ps1_dr2
134320857042497331,85.70423134453,21.93903497859,14.4024,II/389/ps1_dr2
134250861068286471,86.10685887793,21.87994732308,13.743,II/389/ps1_dr2
134260860923717635,86.09233355567,21.88929226807,14.4822,II/389/ps1_dr2
134240859969853956,85.99694652351,21.8695549997,12.942,II/389/ps1_dr2
134270860702409382,86.07022469248,21.89907474307,14.9434,II/389/ps1_dr2
134290860596341474,86.05959687479,21.90914303202,14.0368,II/389/ps1_dr2
134280860050388311,86.0049622719,21.90652269321,13.05,II/389/ps1_dr2
134260861091847107,86.10907033,21.88861215,13.5457,II/389/ps1_dr2
134260861089076760,86.10900452,21.88845822,12.857,II/389/ps1_dr2
134260861088586369,86.10883291,21.88817039,13.6051,II/389/ps1_dr2
134330861910582414,86.19105359,21.94320619,13.5115,II/389/ps1_dr2
134330861988456299,86.19882592615,21.94647289702,14.3275,II/389/ps1_dr2
134330861973941680,86.1972512174,21.94256831234,13.397,II/389/ps1_dr2
134290860825077685,86.08246936612,21.91432172558,14.0028,II/389/ps1_dr2
134340860547642281,86.05473124541,21.95149758963,14.1963,II/389/ps1_dr2
134360861374465891,86.13728274731,21.97129589277,14.7286,II/389/ps1_dr2
134360861371706435,86.13721057589,21.97150580594,14.7059,II/389/ps1_dr2
134380861230342622,86.12300550422,21.98510157443,14.3531,II/389/ps1_dr2
134500863979815489,86.3979191176,22.08749168777,14.6326,II/389/ps1_dr2
134350862286432674,86.22862922892,21.9601436285,14.7571,II/389/ps1_dr2
134390862371866827,86.23704855771,21.99688579103,12.864,II/389/ps1_dr2
134400862223169115,86.22228912366,22.0071654136,14.0294,II/389/ps1_dr2
134410862619223035,86.26185268773,22.01042698157,12.475,II/389/ps1_dr2
134420862312039320,86.23116310907,22.02401810207,14.4653,II/389/ps1_dr2
134430862016878112,86.20166818822,22.03133341879,14.3787,II/389/ps1_dr2
134430861897404266,86.1896981182,22.02813610648,14.5082,II/389/ps1_dr2
134440862262272025,86.22614218,22.0346019,10.4711,II/389/ps1_dr2
134430862189652857,86.21887759839,22.02697969862,14.2581,II/389/ps1_dr2
134480863006992656,86.30066546667,22.0684638307,14.7488,II/389/ps1_dr2
134540863798123698,86.37998047,22.11950238,13.9078,II/389/ps1_dr2
134540863800463916,86.37995537711,22.11949598647,13.463,II/389/ps1_dr2
134530863563628917,86.35630215543,22.1153434398,12.946,II/389/ps1_dr2
134540862596200479,86.25958643739,22.1166539228,14.8482,II/389/ps1_dr2
134550863310069852,86.33090839708,22.1327901755,12.06,II/389/ps1_dr2
134570863179373998,86.31787485488,22.14457128642,14.4363,II/389/ps1_dr2
134580863310702969,86.33100803027,22.15205576178,13.329,II/389/ps1_dr2
134560862998966815,86.30011516,22.13862447,14.5792,II/389/ps1_dr2
134560863002146868,86.30010361378,22.13862645988,14.5984,II/389/ps1_dr2
134580862972932686,86.29722015991,22.15181952129,13.5712,II/389/ps1_dr2
134590862892189511,86.28917706296,22.16584245151,14.3732,II/389/ps1_dr2
134600863011443101,86.30120807,22.16895402,11.374,II/389/ps1_dr2
134600863038314090,86.30376797316,22.16966031954,14.2382,II/389/ps1_dr2
134260859453441650,85.94532291047,21.88430690105,14.7793,II/389/ps1_dr2
134300859786072055,85.97858348184,21.9179676809,14.22,II/389/ps1_dr2
134270859279958778,85.92796001594,21.89857743008,13.9579,II/389/ps1_dr2
134320859534075612,85.95338317673,21.93761154299,14.8744,II/389/ps1_dr2
134340859722852485,85.97228018,21.95161372,13.2205,II/389/ps1_dr2
134320859727365212,85.97267410225,21.937267395,13.192,II/389/ps1_dr2
134340859719493133,85.9719391,21.95212118,8.333,II/389/ps1_dr2
134340859756966054,85.97544503,21.95461326,12.9051,II/389/ps1_dr2
134360860134416079,86.01363031458,21.97137129203,14.6067,II/389/ps1_dr2
134360860137356166,86.0136509867,21.97137090119,14.6031,II/389/ps1_dr2
134340859288871353,85.92884546778,21.95071895594,13.8449,II/389/ps1_dr2
134330859016681223,85.90163677172,21.9422880876,14.5909,II/389/ps1_dr2
134340859165768098,85.91660829334,21.95619521888,14.464,II/389/ps1_dr2
134350859233189749,85.92329009444,21.96605585669,14.5217,II/389/ps1_dr2
134370859717496610,85.97173981499,21.98005884054,13.26,II/389/ps1_dr2
134370859716745269,85.9716558089,21.97899756878,14.6783,II/389/ps1_dr2
134380860490293903,86.0489609,21.98620525,10.385,II/389/ps1_dr2
134380860488983593,86.04875952,21.98597464,11.5062,II/389/ps1_dr2
134380860491264430,86.04903731,21.98672164,10.6314,II/389/ps1_dr2
134370860356144085,86.03558865528,21.97800041644,14.8126,II/389/ps1_dr2
134410860504783912,86.05040355593,22.01116274025,13.467,II/389/ps1_dr2
134390860440563336,86.04402645276,21.99404200167,14.6958,II/389/ps1_dr2
134410860898138220,86.08974251543,22.01472914263,12.817,II/389/ps1_dr2
134400860708676092,86.0708579436,22.00465622703,14.4345,II/389/ps1_dr2
134420861209261664,86.12088294989,22.01763715026,13.9269,II/389/ps1_dr2
134410860625767219,86.06255002828,22.01393011006,14.861,II/389/ps1_dr2
134410859760749757,85.97601875465,22.01603697551,12.019,II/389/ps1_dr2
134460860372223929,86.03719504285,22.0528612413,14.7228,II/389/ps1_dr2
134490860319292475,86.03184484,22.07665533,11.986,II/389/ps1_dr2
134490860322162672,86.03224073,22.07681778,13.5424,II/389/ps1_dr2
134520860419482367,86.04191793434,22.10155043674,14.7318,II/389/ps1_dr2
134350858657386673,85.86565669082,21.96337508831,13.255,II/389/ps1_dr2
134360858594101195,85.85937478463,21.96725506403,14.3147,II/389/ps1_dr2
134390858991454625,85.89911787184,21.99511660354,14.8864,II/389/ps1_dr2
134370858905144737,85.89047478,21.97854732,12.262,II/389/ps1_dr2
134430858983632144,85.89832424318,22.02638312118,13.7277,II/389/ps1_dr2
134440859065356530,85.90650297507,22.03835991656,14.6422,II/389/ps1_dr2
134460858765657923,85.87653298585,22.05620081469,14.2001,II/389/ps1_dr2
134440858788837261,85.87884582724,22.03896928194,14.2872,II/389/ps1_dr2
134460858392359959,85.83919660634,22.05788894913,14.1525,II/389/ps1_dr2
134510858637444728,85.86380747,22.09522934,14.3055,II/389/ps1_dr2
134510858641624606,85.86407095,22.09510642,11.901,II/389/ps1_dr2
134460859475354277,85.94748033203,22.05314609255,13.182,II/389/ps1_dr2
134470859483260938,85.94829844999,22.05870192654,14.0621,II/389/ps1_dr2
134500859642597869,85.96422195122,22.08947194792,14.3251,II/389/ps1_dr2
134540860170061266,86.01689316,22.11730468,11.423,II/389/ps1_dr2
134520859988807585,85.99876592538,22.10586047448,12.093,II/389/ps1_dr2
134520859725088498,85.97247326021,22.10666157798,14.5774,II/389/ps1_dr2
134530859389654816,85.9389082457,22.111929209,13.8568,II/389/ps1_dr2
134510859278321919,85.92778266448,22.09285760442,14.1264,II/389/ps1_dr2
134500858856968731,85.88560683469,22.09025950053,14.3617,II/389/ps1_dr2
134540859276325623,85.92759178978,22.12094822367,14.4386,II/389/ps1_dr2
134540859181611522,85.91806146198,22.11750120066,14.5546,II/389/ps1_dr2
134570859694657606,85.96939249,22.14748661,14.7212,II/389/ps1_dr2
134570859693187899,85.96930348,22.14774927,12.5409,II/389/ps1_dr2
134580859365500990,85.93647013033,22.15039722033,12.225,II/389/ps1_dr2
134550859350124706,85.93500626514,22.1285330343,13.463,II/389/ps1_dr2
134520861579037879,86.15778004275,22.10611247348,13.487,II/389/ps1_dr2
134480860936915579,86.09363025285,22.07088753175,13.288,II/389/ps1_dr2
134550862179452997,86.21786734806,22.12707319129,13.7101,II/389/ps1_dr2
134570862453378379,86.24529954845,22.14822992943,14.3608,II/389/ps1_dr2
134550862401986670,86.2401587695,22.13014325268,12.262,II/389/ps1_dr2
134560861905216853,86.19042892178,22.13861099431,13.9825,II/389/ps1_dr2
134570861943913040,86.19436035751,22.14378680715,14.8348,II/389/ps1_dr2
134560861884796107,86.18847697572,22.13796351423,14.425,II/389/ps1_dr2
134590862351312227,86.23510728,22.15979791,11.116,II/389/ps1_dr2
134600862606974136,86.26061415,22.16981028,10.989,II/389/ps1_dr2
134600862608354461,86.26079682,22.16997355,11.0247,II/389/ps1_dr2
134600862604744466,86.26061973,22.1698726,12.3346,II/389/ps1_dr2
134610862962482144,86.29620708247,22.17636703229,14.9354,II/389/ps1_dr2
134640862825718429,86.28246432,22.20657699,9.586,II/389/ps1_dr2
134620861862191174,86.18618563912,22.18389503218,14.5945,II/389/ps1_dr2
134610861617700916,86.16175938053,22.17532395885,14.371,II/389/ps1_dr2
134630861624751985,86.16244219837,22.19290786929,14.483,II/389/ps1_dr2
134630861700237774,86.16992361777,22.19770325161,12.338,II/389/ps1_dr2
134680862147362125,86.21457981158,22.23463587547,13.375,II/389/ps1_dr2
134550860302560497,86.03015319279,22.12495955937,12.277,II/389/ps1_dr2
134550860555281964,86.05547967305,22.12620937283,13.6866,II/389/ps1_dr2
134600860600894412,86.06006120387,22.16993115289,14.672,II/389/ps1_dr2
134580860526916532,86.0526577609,22.15503156955,14.5858,II/389/ps1_dr2
134610860902571698,86.09023978349,22.17599458763,14.9149,II/389/ps1_dr2
134610861065758834,86.10649639277,22.18193885912,13.133,II/389/ps1_dr2
134640860860032320,86.08597697413,22.20152178657,14.9968,II/389/ps1_dr2
134620860276482735,86.02757129171,22.18519883213,14.3361,II/389/ps1_dr2
134610860191807000,86.0191477751,22.18042113083,14.524,II/389/ps1_dr2
134630859753208179,85.97528552732,22.19807035399,14.5455,II/389/ps1_dr2
134630859798040220,85.97974681137,22.19143375817,13.8664,II/389/ps1_dr2
134610859696188587,85.96957179943,22.18173730583,14.7714,II/389/ps1_dr2
134620860012619684,86.00121764669,22.19097791009,14.2917,II/389/ps1_dr2
134640860368868217,86.03685949259,22.20644941428,14.7096,II/389/ps1_dr2
134710860400510360,86.04002876755,22.25822088912,13.442,II/389/ps1_dr2
134700860573663877,86.05734001707,22.25282975604,14.7626,II/389/ps1_dr2
134630861321876155,86.13217164812,22.19641223446,14.0669,II/389/ps1_dr2
134670861588034040,86.15880521846,22.22800221297,12.854,II/389/ps1_dr2
134670861330344696,86.13299839295,22.22850849272,14.7998,II/389/ps1_dr2
134720862127122879,86.2126114626,22.26864483313,13.196,II/389/ps1_dr2
134720860613374351,86.06126231145,22.26988617841,14.1139,II/389/ps1_dr2
134750861577535756,86.15771555163,22.29606077173,14.5559,II/389/ps1_dr2
134780861387490237,86.1386415423,22.31645249043,13.526,II/389/ps1_dr2
134550864459170832,86.44587945077,22.12527090719,14.3655,II/389/ps1_dr2
134670865981715425,86.5981439787,22.22907555946,14.381,II/389/ps1_dr2
134650865444275415,86.54443052,22.2123895,13.4817,II/389/ps1_dr2
134650865449034666,86.54455282,22.21181463,9.5932,II/389/ps1_dr2
134650865453034748,86.54552271,22.21172978,13.8591,II/389/ps1_dr2
134670865656173426,86.565604584,22.22745511894,14.8257,II/389/ps1_dr2
134680865838906252,86.58384091704,22.23811780504,14.2711,II/389/ps1_dr2
134540863786639999,86.37849007718,22.12453683128,13.5538,II/389/ps1_dr2
134580863688629165,86.36878384256,22.15720066306,13.9586,II/389/ps1_dr2
134600863951068588,86.39505786486,22.17339549764,14.7627,II/389/ps1_dr2
134590863871267201,86.38705618839,22.16390401431,12.512,II/389/ps1_dr2
134590864385608383,86.43852021928,22.16490643042,11.064,II/389/ps1_dr2
134590864387368701,86.43873043,22.16497793,11.5706,II/389/ps1_dr2
134620864695756107,86.46951731905,22.18800728668,13.038,II/389/ps1_dr2
134630864281617960,86.42804873988,22.19786471349,13.943,II/389/ps1_dr2
134630863737225686,86.37367099651,22.19598554495,14.5405,II/389/ps1_dr2
134600863760908275,86.37603307558,22.17313569869,13.6469,II/389/ps1_dr2
134640863763822133,86.37624153,22.20123364,13.3121,II/389/ps1_dr2
134640863768222526,86.37673850214,22.2016775991,12.097,II/389/ps1_dr2
134610863307307498,86.33065935552,22.18082081335,14.1721,II/389/ps1_dr2
134650863464243504,86.34639699242,22.21085865396,11.871,II/389/ps1_dr2
134650863472324421,86.34714608093,22.2115935494,12.52,II/389/ps1_dr2
134640863778214540,86.3777525965,22.20338983385,14.8512,II/389/ps1_dr2
134670863766085377,86.37654905659,22.22905959597,14.3001,II/389/ps1_dr2
134630864785786318,86.47855363583,22.19653288695,14.8338,II/389/ps1_dr2
134670864686885763,86.46864867273,22.22938500345,14.8536,II/389/ps1_dr2
134680865387963939,86.53875967672,22.23615647027,14.4361,II/389/ps1_dr2
134700865264934651,86.5264559703,22.25345319804,14.6407,II/389/ps1_dr2
134700865518637050,86.55189812056,22.25554276011,13.465,II/389/ps1_dr2
134700865520877273,86.55194114795,22.25555252061,13.657,II/389/ps1_dr2
134720865309314776,86.53089531106,22.27023767726,13.8417,II/389/ps1_dr2
134700864662085258,86.46614494499,22.25396973679,13.6913,II/389/ps1_dr2
134700864671752157,86.46700484213,22.25133483115,12.875,II/389/ps1_dr2
134710864122802628,86.41224841816,22.26009358384,14.5708,II/389/ps1_dr2
134770865024033847,86.50227587,22.31108128,12.991,II/389/ps1_dr2
134750865078227888,86.50769992616,22.29779735546,13.347,II/389/ps1_dr2
134700866010882398,86.60107592707,22.25155502589,14.776,II/389/ps1_dr2
134710866273562058,86.62729636777,22.2596162482,13.8583,II/389/ps1_dr2
134700865950599298,86.5950308077,22.25730727137,14.9579,II/389/ps1_dr2
134750866150817921,86.61502761361,22.29783176531,13.9105,II/389/ps1_dr2
134780866576628397,86.65756662229,22.32319743478,13.8313,II/389/ps1_dr2
134780866574188124,86.65748407,22.32312419,14.0865,II/389/ps1_dr2
134720865656547343,86.56559627605,22.27235468624,14.7656,II/389/ps1_dr2
134830866323102909,86.63227803982,22.36032347535,14.0656,II/389/ps1_dr2
134800866364863175,86.6364637423,22.33555709622,14.7135,II/389/ps1_dr2
134780865089129711,86.50886183309,22.32432950023,14.9905,II/389/ps1_dr2
134810865210687031,86.52100982346,22.34709810267,14.2221,II/389/ps1_dr2
134820865265577131,86.52647477964,22.3554942875,11.932,II/389/ps1_dr2
134830865400177026,86.54003310772,22.36380710114,13.156,II/389/ps1_dr2
134840865615794913,86.5614984,22.37029237,12.071,II/389/ps1_dr2
134670863157722857,86.31571738979,22.22695931867,14.503,II/389/ps1_dr2
134660862909385978,86.29086911088,22.22123037973,13.6036,II/389/ps1_dr2
134670862914989599,86.2914540748,22.23258104819,14.3,II/389/ps1_dr2
134670862733114459,86.27328479045,22.2282993998,14.9707,II/389/ps1_dr2
134700863811728570,86.38111713868,22.25673490087,12.362,II/389/ps1_dr2
134690863759329379,86.37589996982,22.24903330191,14.9385,II/389/ps1_dr2
134700862706385947,86.27059390671,22.25454474934,14.8846,II/389/ps1_dr2
134700862769503739,86.27690008337,22.25269624538,14.2842,II/389/ps1_dr2
134680862591984531,86.25930124,22.23665236,11.7712,II/389/ps1_dr2
134680862595694398,86.25943777,22.23652845,11.526,II/389/ps1_dr2
134710862659319407,86.26583542558,22.26576168745,14.4313,II/389/ps1_dr2
134710862937982972,86.29373811938,22.2603929225,14.654,II/389/ps1_dr2
134760863771649334,86.377112799,22.30736086814,14.1537,II/389/ps1_dr2
134790864452157929,86.44519565,22.33114012,13.208,II/389/ps1_dr2
134790864449497670,86.44495515157,22.33093165193,11.751,II/389/ps1_dr2
134810864187493082,86.41868919997,22.34380511812,14.0271,II/389/ps1_dr2
134810864301461141,86.43015666744,22.3421674696,14.7718,II/389/ps1_dr2
134820863818447795,86.38180496139,22.35607483736,14.4548,II/389/ps1_dr2
134790863308798152,86.33080848605,22.33137600272,14.7492,II/389/ps1_dr2
134850863982060503,86.39813107018,22.37498936732,13.288,II/389/ps1_dr2
134830864112118251,86.41122111945,22.36475623503,14.674,II/389/ps1_dr2
134870864192475012,86.41922270309,22.39542205429,13.5087,II/389/ps1_dr2
134880864097642873,86.40973792796,22.4019702323,14.898,II/389/ps1_dr2
134740862389179225,86.23888898196,22.2906197818,14.8296,II/389/ps1_dr2
134780862406128848,86.24049664944,22.32361725809,13.307,II/389/ps1_dr2
134760862009590313,86.20088599028,22.29982633241,12.508,II/389/ps1_dr2
134770862186020678,86.21842775639,22.30842781182,13.4361,II/389/ps1_dr2
134790862108602561,86.21078879391,22.32672941245,13.2998,II/389/ps1_dr2
134790862619873061,86.26205531,22.32712261,14.0077,II/389/ps1_dr2
134790862617213389,86.26181327,22.32745124,10.883,II/389/ps1_dr2
134820862875368402,86.28748613891,22.35658556747,14.3301,II/389/ps1_dr2
134830862513635348,86.2513223791,22.36238897655,14.5983,II/389/ps1_dr2
134830862663864791,86.2663410766,22.36191488826,14.1358,II/389/ps1_dr2
134810861834234509,86.18342391217,22.34498018959,14.7352,II/389/ps1_dr2
134800861873865342,86.18727104811,22.33736078219,14.1786,II/389/ps1_dr2
134820862003001590,86.20021171089,22.35096706632,13.015,II/389/ps1_dr2
134850862311765798,86.23116304882,22.37938253416,14.852,II/389/ps1_dr2
134860862515924466,86.25157435442,22.38660270839,14.6832,II/389/ps1_dr2
134870862369614639,86.23694788883,22.39508600277,14.3221,II/389/ps1_dr2
134860862193317864,86.21931480898,22.38943747785,14.8682,II/389/ps1_dr2
134860863409208004,86.34103266,22.38969003,13.7594,II/389/ps1_dr2
134860863405898066,86.34072394,22.38960853,11.13,II/389/ps1_dr2
134880862903741804,86.29037368457,22.40104619611,14.2313,II/389/ps1_dr2
134880863092877779,86.30923897696,22.40606299321,14.0502,II/389/ps1_dr2
134880863132626457,86.31321428325,22.40496438865,14.9535,II/389/ps1_dr2
134870863489522067,86.34891308551,22.39297090442,14.2321,II/389/ps1_dr2
134900863481795994,86.3480362532,22.4211974515,13.31,II/389/ps1_dr2
134930863679272248,86.3679407206,22.4429875939,12.005,II/389/ps1_dr2
134870862531958197,86.2532498207,22.39808877133,12.864,II/389/ps1_dr2
134890862701021789,86.27008195524,22.40938010123,13.329,II/389/ps1_dr2
134890862792855554,86.27927895623,22.41250574463,14.0942,II/389/ps1_dr2
134910862894116081,86.28948269211,22.42964666869,13.064,II/389/ps1_dr2
134910862886667535,86.28866442906,22.43085279077,13.72,II/389/ps1_dr2
134960863431723832,86.34311939136,22.46939883567,11.982,II/389/ps1_dr2
134980863163320467,86.31631899343,22.48328090868,14.9922,II/389/ps1_dr2
134880864664418479,86.46639702941,22.4066539081,14.033,II/389/ps1_dr2
134910865694145739,86.56936229922,22.42936386373,14.3694,II/389/ps1_dr2
134930865499330545,86.54991641961,22.44169638902,14.9426,II/389/ps1_dr2
134920865487098905,86.54867340591,22.44028908694,13.5345,II/389/ps1_dr2
134930865298540682,86.52981919766,22.44181766223,14.773,II/389/ps1_dr2
134920864505993880,86.45056974236,22.43613906024,14.5069,II/389/ps1_dr2
134970864587571441,86.45872027119,22.47576520456,13.06,II/389/ps1_dr2
134970864587191860,86.4587351197,22.47575225216,13.3454,II/389/ps1_dr2
134970864833295657,86.48329822188,22.47929378444,14.9574,II/389/ps1_dr2
134970865226519639,86.52259190163,22.48260666505,14.1474,II/389/ps1_dr2
134970865291807077,86.52913892659,22.4804733894,13.369,II/389/ps1_dr2
134950863986834739,86.39871660763,22.46184279119,14.43,II/389/ps1_dr2
134950863974576781,86.39751010553,22.46351861775,13.107,II/389/ps1_dr2
134960864226753523,86.42268568289,22.46913366607,14.1148,II/389/ps1_dr2
134960864105106475,86.41052962233,22.47158003871,12.954,II/389/ps1_dr2
134970864535918799,86.4537109,22.48183854,10.3072,II/389/ps1_dr2
134990864434565173,86.44345825285,22.49550445446,14.3892,II/389/ps1_dr2
134970864548447394,86.45474377426,22.4808468685,12.788,II/389/ps1_dr2
134970864535258345,86.45345529,22.48144788,13.8164,II/389/ps1_dr2
134970864539408681,86.45380602,22.48185489,12.1751,II/389/ps1_dr2
134990864664441891,86.46645376743,22.49278548876,14.3251,II/389/ps1_dr2
135000863248472285,86.32481444354,22.50144090205,13.281,II/389/ps1_dr2
135020863475099994,86.34750761631,22.52454707247,14.8364,II/389/ps1_dr2
135020863529943996,86.35297709538,22.51953073168,14.7755,II/389/ps1_dr2
133690851083016264,85.10833445484,21.41304793058,14.3775,II/389/ps1_dr2
133710850550833061,85.05505576479,21.42706661594,14.9185,II/389/ps1_dr2
133720850482085106,85.04822526013,21.43713726234,14.7305,II/389/ps1_dr2
133700850323879049,85.03242164574,21.42365673337,12.635,II/389/ps1_dr2
133760850698772731,85.06987295392,21.46849124739,12.786,II/389/ps1_dr2
133730850148245242,85.01486847185,21.44553392581,14.4682,II/389/ps1_dr2
133780850311037310,85.03099781,21.48896565,14.9758,II/389/ps1_dr2
133780850323478093,85.03235103,21.48961975,13.4364,II/389/ps1_dr2
133780850309738232,85.03089852,21.48951085,13.6862,II/389/ps1_dr2
133780850481181547,85.048144522,21.48417026458,13.7486,II/389/ps1_dr2
133780850316848160,85.0316108,21.48957265,10.326,II/389/ps1_dr2
133810851094472923,85.10948851255,21.51021332904,13.5856,II/389/ps1_dr2
133800851420054959,85.14205947007,21.50356457846,13.097,II/389/ps1_dr2
133830851642997376,85.16431462389,21.5306925668,14.0252,II/389/ps1_dr2
133820851809244895,85.18090336,21.52000333,13.8052,II/389/ps1_dr2
133820851819984622,85.18180581,21.52012088,13.9751,II/389/ps1_dr2
133820851813354696,85.18124385,21.52001801,11.309,II/389/ps1_dr2
133820851810594321,85.1812749,21.51981774,12.8483,II/389/ps1_dr2
133830852327788091,85.2329214882,21.53125961675,12.696,II/389/ps1_dr2
133860851913789993,85.1914025375,21.55783141848,14.3552,II/389/ps1_dr2
133840851994615268,85.19949137215,21.53723570652,14.2476,II/389/ps1_dr2
133900851982264916,85.19824095314,21.58696902833,14.9901,II/389/ps1_dr2
133900851485433652,85.14856138157,21.58591905168,14.9377,II/389/ps1_dr2
133790850276499826,85.02767804586,21.49939634268,13.491,II/389/ps1_dr2
133790850259677916,85.02599274,21.49778771,12.361,II/389/ps1_dr2
133790850257988306,85.02581344,21.49813806,14.0648,II/389/ps1_dr2
133820849910452559,84.9910281,21.51833543,11.336,II/389/ps1_dr2
133860850611268761,85.06113240172,21.55684391892,14.6339,II/389/ps1_dr2
133850849969857550,84.99700427555,21.54749498022,14.3487,II/389/ps1_dr2
133890850307013982,85.03071951659,21.57787832448,12.805,II/389/ps1_dr2
133860850370434062,85.03705689633,21.55293191828,13.7372,II/389/ps1_dr2
133840849725809022,84.97259971408,21.54038312706,13.8773,II/389/ps1_dr2
133870849718316527,84.97183541209,21.56331973862,13.7367,II/389/ps1_dr2
133910850173720992,85.01728671,21.59190511,13.092,II/389/ps1_dr2
133910850172580650,85.01726855835,21.59186389123,12.8433,II/389/ps1_dr2
133910849919309500,84.99194918117,21.59913511424,14.2879,II/389/ps1_dr2
133920850491125945,85.04913065425,21.60456348009,12.071,II/389/ps1_dr2
133920850492226429,85.04917831,21.60477537,12.0111,II/389/ps1_dr2
133910850468937364,85.04691224869,21.59735520526,14.5469,II/389/ps1_dr2
133920850495316124,85.04953074,21.60465047,13.5522,II/389/ps1_dr2
133920850296479953,85.02966225311,21.60784922704,14.512,II/389/ps1_dr2
133950850125240991,85.01253215156,21.6253852471,13.088,II/389/ps1_dr2
133960850694367789,85.06944518507,21.63937966351,14.507,II/389/ps1_dr2
133970850577604533,85.05776870411,21.64499248519,13.9268,II/389/ps1_dr2
133910852344263604,85.23444155485,21.5942062363,14.8081,II/389/ps1_dr2
133960853233964717,85.32341187481,21.6368120619,14.7762,II/389/ps1_dr2
133950851762592592,85.17627847722,21.62669441733,14.1131,II/389/ps1_dr2
133930851967437748,85.19675751024,21.61432949547,13.8955,II/389/ps1_dr2
133970852208975097,85.22090149237,21.64543975731,13.5156,II/389/ps1_dr2
134000852659022844,85.26592446,21.66867981,10.02,II/389/ps1_dr2
134000852660693481,85.26608151,21.66899158,12.0443,II/389/ps1_dr2
133990853299219430,85.3297445,21.66548208,13.4496,II/389/ps1_dr2
133990853297109125,85.32958034,21.66538725,12.649,II/389/ps1_dr2
134010853609889416,85.36123379,21.68243075,11.392,II/389/ps1_dr2
134010853614129076,85.36138125,21.68210163,11.4128,II/389/ps1_dr2
134010853612899958,85.36143072,21.68275903,13.1805,II/389/ps1_dr2
134070853040918792,85.30411186283,21.73187450958,13.8747,II/389/ps1_dr2
134060853083156344,85.30830648475,21.72164023203,14.7204,II/389/ps1_dr2
134080853659863712,85.36600521152,21.73600374979,13.446,II/389/ps1_dr2
134070851985177707,85.19853570477,21.73094852496,14.2347,II/389/ps1_dr2
134010851146731214,85.11468765597,21.67555454191,14.2325,II/389/ps1_dr2
134080851284163422,85.12842621429,21.73571861963,14.5807,II/389/ps1_dr2
134080851218600820,85.12186873103,21.73355478639,14.8329,II/389/ps1_dr2
134060851287822840,85.12879262915,21.71856507856,14.2505,II/389/ps1_dr2
134060851739692729,85.17398316225,21.71847359204,14.7723,II/389/ps1_dr2
134050852563638883,85.25642981715,21.71539970302,11.199,II/389/ps1_dr2
134050852565289525,85.25657716,21.71606343,12.9764,II/389/ps1_dr2
134070852553462213,85.25538308016,21.72636642128,14.2653,II/389/ps1_dr2
134080852766427442,85.27667349495,21.73908033283,14.9546,II/389/ps1_dr2
134080852291257025,85.2291537779,21.73871746592,13.208,II/389/ps1_dr2
134120852593149344,85.25933571615,21.77398616386,14.3731,II/389/ps1_dr2
134110853137368369,85.31375049354,21.76486049085,13.8502,II/389/ps1_dr2
134170852869612759,85.28701007,21.81019303,10.6929,II/389/ps1_dr2
134130852347473857,85.23476994728,21.77773622093,13.39,II/389/ps1_dr2
134140852096888631,85.20971596309,21.79005492825,13.9638,II/389/ps1_dr2
133880849083729297,84.90837866628,21.57392736454,13.647,II/389/ps1_dr2
133850849043868572,84.90440512088,21.54835809018,12.696,II/389/ps1_dr2
133900848944796701,84.89448746309,21.58845143362,14.5463,II/389/ps1_dr2
133910848968475559,84.89685788651,21.59584611636,14.7483,II/389/ps1_dr2
133950849686325460,84.96864505527,21.62909732314,14.4499,II/389/ps1_dr2
133920849253456434,84.92533962321,21.60487812886,14.3463,II/389/ps1_dr2
133940849331953812,84.93321166681,21.61937046159,14.8065,II/389/ps1_dr2
133980849587010474,84.95870900724,21.64994313684,14.9076,II/389/ps1_dr2
133940848618646340,84.86187292612,21.62149008167,14.0055,II/389/ps1_dr2
133950848484569380,84.84846988833,21.63235320007,14.1866,II/389/ps1_dr2
133960848726296108,84.87263952458,21.63796139684,13.8114,II/389/ps1_dr2
133970849056471778,84.90566991781,21.64269293612,14.7464,II/389/ps1_dr2
133970849105217809,84.91053224709,21.6477379278,13.8472,II/389/ps1_dr2
134000848895288033,84.8894760455,21.67289011688,13.5765,II/389/ps1_dr2
134000849072316645,84.9072084775,21.67173625624,14.6778,II/389/ps1_dr2
134010850320940723,85.03210530341,21.67515036316,14.3992,II/389/ps1_dr2
134020850397178141,85.03972595831,21.68967502579,13.6301,II/389/ps1_dr2
134040850502852444,85.05024038,21.70161337,12.3301,II/389/ps1_dr2
134040850497502176,85.0498006,21.70137614,11.824,II/389/ps1_dr2
134070850520472219,85.05205604736,21.72639746244,14.6995,II/389/ps1_dr2
134030849700483893,84.97005868121,21.69445777784,14.9765,II/389/ps1_dr2
134090850016455221,85.00165769256,21.74556787695,14.3089,II/389/ps1_dr2
134090850037270283,85.00374068929,21.74145750159,13.8419,II/389/ps1_dr2
133960848069201820,84.80690069582,21.63441395514,14.9213,II/389/ps1_dr2
134040848037862543,84.80394868,21.70152315,11.8918,II/389/ps1_dr2
134040848040472041,84.80400314475,21.70139385105,11.114,II/389/ps1_dr2
134070848094508430,84.8094413501,21.73156723491,14.0564,II/389/ps1_dr2
134060848201761419,84.82013677027,21.7173936153,13.6257,II/389/ps1_dr2
134090848433716043,84.84341726446,21.7461727786,14.156,II/389/ps1_dr2
134090848518886214,84.85189885604,21.74646698674,14.9171,II/389/ps1_dr2
134120848157074770,84.81569056874,21.77019000766,14.0907,II/389/ps1_dr2
134050848959795695,84.89590904026,21.71261958215,13.5773,II/389/ps1_dr2
134120849396225044,84.93953621578,21.77033061937,14.6893,II/389/ps1_dr2
134120849418905859,84.94188583954,21.77109815109,14.485,II/389/ps1_dr2
134100849530832327,84.95306772868,21.75149501288,14.9232,II/389/ps1_dr2
134110849469015161,84.94689426809,21.7621853151,14.7145,II/389/ps1_dr2
134150849475882319,84.9476055,21.79315944,11.961,II/389/ps1_dr2
134110848635106051,84.86340231,21.76280028,5.898,II/389/ps1_dr2
134110848638406404,84.86362148,21.76319348,7.3427,II/389/ps1_dr2
134130848577503093,84.85773907277,21.77712219106,13.005,II/389/ps1_dr2
134100848700547473,84.87004443,21.75577441,11.4532,II/389/ps1_dr2
134100848577873724,84.85780121,21.7526401,14.7855,II/389/ps1_dr2
134110848645405938,84.86448356,21.76275912,13.0575,II/389/ps1_dr2
134160848485190041,84.84845843156,21.79956380724,14.7422,II/389/ps1_dr2
134170848588788951,84.85879074101,21.81531507785,14.1644,II/389/ps1_dr2
134150848640982608,84.864060056,21.79336449856,14.3669,II/389/ps1_dr2
134190849194092325,84.9193772917,21.82648919433,13.9303,II/389/ps1_dr2
134070851068448356,85.10688061,21.73155392,13.5255,II/389/ps1_dr2
134070851075067119,85.10758593,21.73049163,10.0103,II/389/ps1_dr2
134100850818235816,85.08183126126,21.75439460056,13.187,II/389/ps1_dr2
134150851383090005,85.13833229738,21.79120300314,13.383,II/389/ps1_dr2
134120850532086918,85.05321592309,21.77197488504,14.5062,II/389/ps1_dr2
134190850976064331,85.09762562345,21.82815039209,14.7141,II/389/ps1_dr2
134190850572643256,85.05727749048,21.82726018509,14.7741,II/389/ps1_dr2
134170851554046850,85.15543066428,21.81357279608,14.6599,II/389/ps1_dr2
134220851778770536,85.17794014795,21.85008449157,11.824,II/389/ps1_dr2
134220851780150979,85.17801191,21.85022497,13.4428,II/389/ps1_dr2
134200852096019980,85.20957461,21.84112236,13.1796,II/389/ps1_dr2
134200852094519456,85.20947265,21.84088623,11.92,II/389/ps1_dr2
134210852276049202,85.22763316387,21.84882860047,14.1329,II/389/ps1_dr2
134240851800879745,85.18012207008,21.874329051,12.305,II/389/ps1_dr2
134230851489206820,85.1489549485,21.86353800796,14.8955,II/389/ps1_dr2
134240851109525840,85.11100159506,21.87107638272,13.982,II/389/ps1_dr2
134260851707520817,85.1705537,21.88338025,10.774,II/389/ps1_dr2
134280851798032023,85.17983024263,21.90120893325,14.2865,II/389/ps1_dr2
134280851283964023,85.12842058775,21.90288764337,14.409,II/389/ps1_dr2
134310851518271270,85.15184402073,21.9255919287,14.688,II/389/ps1_dr2
134210849697611638,84.9697301539,21.84258949913,14.7839,II/389/ps1_dr2
134210850199636937,85.02001024267,21.8470295836,12.737,II/389/ps1_dr2
134240850534619758,85.05350515252,21.87436239577,12.362,II/389/ps1_dr2
134250850539360018,85.05394428,21.87457744,14.4032,II/389/ps1_dr2
134250850536910231,85.05357543,21.87461172,13.6183,II/389/ps1_dr2
134260850466696216,85.04667376,21.88811886,12.579,II/389/ps1_dr2
134260850467266648,85.04679632,21.88857752,13.3841,II/389/ps1_dr2
134260850470976131,85.0471315,21.88789533,11.4897,II/389/ps1_dr2
134250849312575731,84.93122841194,21.87932953986,14.4792,II/389/ps1_dr2
134240849479569129,84.94793513254,21.87383602595,13.7498,II/389/ps1_dr2
134250849747547760,84.97473475937,21.88103266878,14.8592,II/389/ps1_dr2
134260850658380065,85.06584055986,21.88293224013,14.2964,II/389/ps1_dr2
134250850751860353,85.07523874,21.87485334,12.276,II/389/ps1_dr2
134340850554273926,85.05541634315,21.95280927921,14.2425,II/389/ps1_dr2
134330850159317085,85.01593443509,21.94713436931,12.451,II/389/ps1_dr2
134350850097423061,85.00972047749,21.96043034101,14.3453,II/389/ps1_dr2
134330850191395627,85.01913314768,21.94591229609,14.5097,II/389/ps1_dr2
134310850163393782,85.0163356906,21.92768630032,14.2547,II/389/ps1_dr2
134340850374593990,85.0373747279,21.9528406122,13.338,II/389/ps1_dr2
134360850335130798,85.03349150526,21.96687383469,14.1625,II/389/ps1_dr2
134350850818907522,85.0818520338,21.9641140358,12.965,II/389/ps1_dr2
134360850708218248,85.07080717229,21.97307068195,14.0093,II/389/ps1_dr2
134370850639097291,85.06381704289,21.98059141144,13.8491,II/389/ps1_dr2
134380850438186619,85.04377696237,21.98842008876,14.0274,II/389/ps1_dr2
134080854015419776,85.40155400772,21.74105812842,14.1487,II/389/ps1_dr2
134120854240108397,85.42402614921,21.77322469143,14.3699,II/389/ps1_dr2
134110854660325506,85.46596721798,21.76248056724,13.168,II/389/ps1_dr2
134130854793302235,85.47934182827,21.77644965679,14.5776,II/389/ps1_dr2
134110854925999500,85.49262349008,21.76585962505,13.406,II/389/ps1_dr2
134160854824162145,85.48240856695,21.8013713069,13.4021,II/389/ps1_dr2
134140854122383870,85.4122512364,21.78612926211,12.878,II/389/ps1_dr2
134120853541678357,85.35419542049,21.77321283684,13.043,II/389/ps1_dr2
134160853664962321,85.36650343275,21.80150099013,14.916,II/389/ps1_dr2
134180854269214000,85.42693367963,21.81955816918,13.005,II/389/ps1_dr2
134200854249781956,85.42498332304,21.83452687437,13.9055,II/389/ps1_dr2
134200854233500902,85.42336309262,21.83364310008,14.7651,II/389/ps1_dr2
134200855417815082,85.54178143977,21.83714217217,14.7651,II/389/ps1_dr2
134180855527160337,85.55272294689,21.81653386385,13.048,II/389/ps1_dr2
134170854850696066,85.48505164952,21.8129847794,13.8882,II/389/ps1_dr2
134220855215049234,85.5214943316,21.85728759633,14.0274,II/389/ps1_dr2
134220855150173902,85.51501598964,21.8528390128,13.579,II/389/ps1_dr2
134240854697052487,85.46973622,21.86832749,11.345,II/389/ps1_dr2
134240854699212822,85.46959963,21.86842762,11.7396,II/389/ps1_dr2
134250855349517774,85.53494282234,21.88104821834,14.7755,II/389/ps1_dr2
134250855316986605,85.53168841839,21.8800743249,14.3949,II/389/ps1_dr2
134160853555420224,85.35555299507,21.79975748181,14.9674,II/389/ps1_dr2
134180853773225520,85.37735902376,21.82082855709,11.621,II/389/ps1_dr2
134200853996376660,85.39959794317,21.83849300021,13.5232,II/389/ps1_dr2
134220853987609775,85.39873162193,21.85776240251,14.9495,II/389/ps1_dr2
134200852927622766,85.29278066097,21.83518741574,14.447,II/389/ps1_dr2
134260853595913970,85.35960493149,21.88620065221,12.911,II/389/ps1_dr2
134290853665855003,85.36652784513,21.91212294572,14.9125,II/389/ps1_dr2
134320853381425159,85.33800094,21.93718738,10.951,II/389/ps1_dr2
134240854387807133,85.43877974381,21.87221521613,13.4311,II/389/ps1_dr2
134300854411893972,85.44117998135,21.91956181374,13.7687,II/389/ps1_dr2
134300854194339972,85.41941337573,21.92456145447,14.9767,II/389/ps1_dr2
134290853851207250,85.38507445957,21.91399414499,14.8715,II/389/ps1_dr2
134340853740365664,85.37401667301,21.95422870956,12.34,II/389/ps1_dr2
134340853585405680,85.35855349983,21.95427568824,14.4942,II/389/ps1_dr2
134340853642487408,85.36425466286,21.95571192827,14.8398,II/389/ps1_dr2
134350853902009246,85.39004398,21.96559392,13.2915,II/389/ps1_dr2
134350853897318963,85.38980132705,21.96536221267,11.998,II/389/ps1_dr2
134260856156474226,85.61564324486,21.88643430829,13.5957,II/389/ps1_dr2
134270856319415088,85.63193328699,21.89548911096,14.6107,II/389/ps1_dr2
134280856029192615,85.60291657785,21.90175497268,14.9932,II/389/ps1_dr2
134320856046361124,85.60463848162,21.9338360762,14.962,II/389/ps1_dr2
134300856544481581,85.65443431987,21.91757583604,13.7123,II/389/ps1_dr2
134310856641775106,85.66417165599,21.92884583175,13.594,II/389/ps1_dr2
134300855575347374,85.5575227419,21.92238605176,14.9166,II/389/ps1_dr2
134320855852453588,85.58523518481,21.93590030508,14.4002,II/389/ps1_dr2
134310855458519578,85.54583393196,21.93255480247,13.437,II/389/ps1_dr2
134360855761624882,85.57615288108,21.97030816682,14.2087,II/389/ps1_dr2
134330856060239067,85.60601781816,21.9488000429,14.5072,II/389/ps1_dr2
134390856285744995,85.62857869594,21.99539027233,14.7214,II/389/ps1_dr2
134380857087654121,85.70873451338,21.98631845473,11.609,II/389/ps1_dr2
134390856761964355,85.67621595,21.99502137,11.074,II/389/ps1_dr2
134400857031131557,85.70308797704,22.00088243804,14.3083,II/389/ps1_dr2
134400857286722398,85.72868325661,22.00153522466,14.5601,II/389/ps1_dr2
134410857270127673,85.72705761493,22.01432386314,12.446,II/389/ps1_dr2
134400857201809960,85.7201897696,22.00784385382,14.7229,II/389/ps1_dr2
134440857148176499,85.714828356,22.03829731981,13.1,II/389/ps1_dr2
134430856643827403,85.66448881,22.03077139,14.4226,II/389/ps1_dr2
134430856646687283,85.66438908,22.03042127,11.345,II/389/ps1_dr2
134430856650157042,85.66518453,22.03046803,13.4157,II/389/ps1_dr2
134420856608517274,85.66071357,22.02206995,12.645,II/389/ps1_dr2
134470856784519116,85.67843400164,22.06552095205,14.7838,II/389/ps1_dr2
134490856833918903,85.68340268619,22.08196431808,14.3001,II/389/ps1_dr2
134350855016643754,85.50164834523,21.96102312453,14.94,II/389/ps1_dr2
134410855189957192,85.51900125553,22.01386369291,14.8395,II/389/ps1_dr2
134390855673911372,85.56741160366,21.99241281439,13.7297,II/389/ps1_dr2
134400855534516390,85.5534387029,22.00489398246,14.3942,II/389/ps1_dr2
134400854797693011,85.47977369308,22.0020484729,14.8047,II/389/ps1_dr2
134410854632717776,85.46326240012,22.01432766914,12.666,II/389/ps1_dr2
134420854813591726,85.48144225359,22.01750074184,14.914,II/389/ps1_dr2
134430855091872251,85.50919041993,22.02641302231,14.6247,II/389/ps1_dr2
134400854509487914,85.45097,22.00595629,14.9809,II/389/ps1_dr2
134400854516307427,85.45150822,22.00570613,11.128,II/389/ps1_dr2
134450854844650630,85.48447022469,22.04173856169,13.9978,II/389/ps1_dr2
134450855047175517,85.50475531447,22.04571198516,11.342,II/389/ps1_dr2
134450855050375525,85.50496393,22.04591052,11.5853,II/389/ps1_dr2
134450855047475136,85.50475178,22.04550753,11.7922,II/389/ps1_dr2
134430855225536367,85.52254653938,22.02984258461,11.972,II/389/ps1_dr2
134470855410815616,85.54109458058,22.06255526849,14.3411,II/389/ps1_dr2
134470854843680488,85.48437414787,22.0582827941,14.5864,II/389/ps1_dr2
134470856035485798,85.6035913393,22.06267461892,13.144,II/389/ps1_dr2
134470855743536416,85.57436793955,22.06323025012,14.3401,II/389/ps1_dr2
134480855904911129,85.59051555193,22.06715508219,14.6898,II/389/ps1_dr2
134470856029375891,85.60288852,22.06282237,13.8579,II/389/ps1_dr2
134510856356947940,85.63576396099,22.09784207887,13.3365,II/389/ps1_dr2
134510856339899095,85.63418272,22.09887977,10.637,II/389/ps1_dr2
134550856360817502,85.63607488352,22.13079473339,14.199,II/389/ps1_dr2
134520855733687459,85.57338111396,22.10575981647,14.9367,II/389/ps1_dr2
134530855406441663,85.54065333842,22.10926073954,13.229,II/389/ps1_dr2
134560855781114010,85.57812002037,22.13620922239,14.9422,II/389/ps1_dr2
134590855813664592,85.58136869952,22.16170186353,14.6478,II/389/ps1_dr2
134610856006786121,85.6006768,22.1795407,11.607,II/389/ps1_dr2
134610856005775671,85.60060911,22.17935066,12.4238,II/389/ps1_dr2
134250852466048095,85.2466182291,21.88126109102,14.6068,II/389/ps1_dr2
134270852538576949,85.25386467125,21.89697722711,14.5878,II/389/ps1_dr2
134330852740097147,85.27402304612,21.94714603282,14.8192,II/389/ps1_dr2
134340852924667619,85.29247033893,21.95590584519,14.8666,II/389/ps1_dr2
134350852113252282,85.2113374789,21.95975925946,14.9426,II/389/ps1_dr2
134370852198315016,85.21982515,21.97870322,13.2275,II/389/ps1_dr2
134370852190225694,85.21908034,21.97935665,13.9688,II/389/ps1_dr2
134370852197975682,85.21978419,21.97908853,9.6174,II/389/ps1_dr2
134370852193965376,85.21949875,21.97903045,9.706,II/389/ps1_dr2
134420852574574847,85.25747241508,22.02023547001,12.944,II/389/ps1_dr2
134360853443361163,85.34432850496,21.96716445368,13.6637,II/389/ps1_dr2
134410853959917395,85.395971698,22.01402951138,14.67,II/389/ps1_dr2
134420853872105210,85.38721070849,22.02055206521,13.8327,II/389/ps1_dr2
134420854185921434,85.41858823347,22.01739791121,13.4772,II/389/ps1_dr2
134420853693046363,85.36933070088,22.02152396025,14.4277,II/389/ps1_dr2
134430853670123645,85.36701279851,22.02757627112,13.9116,II/389/ps1_dr2
134470853911510568,85.39111108,22.05859295,9.0785,II/389/ps1_dr2
134470853914541287,85.39142856,22.05875289,10.09,II/389/ps1_dr2
134450853866335496,85.38670162,22.0457263,11.458,II/389/ps1_dr2
134470853919270517,85.39186813,22.05832657,14.2906,II/389/ps1_dr2
134400853124932864,85.31250291229,22.00192752255,13.225,II/389/ps1_dr2
134470853801336350,85.38014072788,22.06315669366,12.869,II/389/ps1_dr2
134470853640931367,85.36409379852,22.05900799102,13.796,II/389/ps1_dr2
134350851699751935,85.16999051242,21.95947510934,14.8797,II/389/ps1_dr2
134420852380596572,85.23806126849,22.02166872931,13.9804,II/389/ps1_dr2
134460852180567174,85.21805936688,22.05550500214,14.3743,II/389/ps1_dr2
134470852073600227,85.20736804119,22.0580475539,14.399,II/389/ps1_dr2
134400851221207741,85.12213301879,22.00598002874,13.6039,II/389/ps1_dr2
134440851428174255,85.14283239044,22.03641541713,13.229,II/389/ps1_dr2
134430850978166659,85.09782028458,22.03008553478,14.9402,II/389/ps1_dr2
134470851542915790,85.15430161469,22.06271153005,12.6,II/389/ps1_dr2
134440852381049978,85.23811116343,22.04117246932,14.5552,II/389/ps1_dr2
134430852526915101,85.25269637302,22.02877330679,13.7161,II/389/ps1_dr2
134470852866667326,85.28670866595,22.06398200948,14.0777,II/389/ps1_dr2
134490852701800253,85.27023345459,22.07476256638,13.6619,II/389/ps1_dr2
134480852636975488,85.26369682317,22.07076288767,14.8069,II/389/ps1_dr2
134550853051889629,85.30519083127,22.13256286177,12.798,II/389/ps1_dr2
134550853048405145,85.30483748127,22.12882653826,14.5116,II/389/ps1_dr2
134470852095719128,85.2095824687,22.06546799364,13.491,II/389/ps1_dr2
134520851801004119,85.18010598243,22.1029613939,13.494,II/389/ps1_dr2
134530852002169389,85.20022546542,22.11568628454,12.583,II/389/ps1_dr2
134580852683867972,85.26838269269,22.15617692205,14.8233,II/389/ps1_dr2
134580852434242391,85.24342195243,22.15151725282,14.7119,II/389/ps1_dr2
134590852457594827,85.2457640872,22.16187279156,14.1792,II/389/ps1_dr2
134600852572576758,85.25725339872,22.17183549,14.8429,II/389/ps1_dr2
134450854459824368,85.44598563642,22.04484799474,13.3,II/389/ps1_dr2
134470854206116907,85.42062636468,22.06363350562,13.6565,II/389/ps1_dr2
134530854972454132,85.49735386,22.11134852,11.869,II/389/ps1_dr2
134530854974130629,85.49743636497,22.10839098909,14.208,II/389/ps1_dr2
134520855050802485,85.50509289347,22.10160032606,13.6807,II/389/ps1_dr2
134530854975754342,85.49732825,22.1113159,12.0729,II/389/ps1_dr2
134520854400789367,85.44007562148,22.10734807942,14.2638,II/389/ps1_dr2
134550854781479246,85.47813206046,22.13224534371,12.842,II/389/ps1_dr2
134490853966054252,85.39658848457,22.07803906773,14.706,II/389/ps1_dr2
134500853870130114,85.38702033082,22.0829626872,13.8903,II/389/ps1_dr2
134500853893814725,85.38938547126,22.08680445481,14.8054,II/389/ps1_dr2
134520853478830661,85.34788928626,22.10008834732,13.484,II/389/ps1_dr2
134560853948230888,85.3948263129,22.13361518258,13.4797,II/389/ps1_dr2
134560854369411473,85.43694424945,22.1340987375,12.946,II/389/ps1_dr2
134570854410955627,85.4410994402,22.1458949704,14.3195,II/389/ps1_dr2
134590854048441075,85.40483299257,22.15874969741,12.083,II/389/ps1_dr2
134590854048970721,85.40489387,22.15848424,13.8595,II/389/ps1_dr2
134590854109882953,85.41099827216,22.16027831835,14.3775,II/389/ps1_dr2
134540855305605577,85.53056774074,22.12085044672,14.7657,II/389/ps1_dr2
134560855083672830,85.50836128433,22.13522272971,14.0941,II/389/ps1_dr2
134570855384022403,85.53849760305,22.14324163278,13.029,II/389/ps1_dr2
134590855382292152,85.53826716177,22.15971951534,13.9616,II/389/ps1_dr2
134570855222787266,85.52229792341,22.14726522575,13.053,II/389/ps1_dr2
134560855011203813,85.50112064,22.13608016,14.7478,II/389/ps1_dr2
134560855015084264,85.50151566889,22.13642092856,12.385,II/389/ps1_dr2
134590855510096474,85.55102922218,22.16325758853,14.8857,II/389/ps1_dr2
134600855349956794,85.5350078668,22.17186960862,13.012,II/389/ps1_dr2
134640855598957651,85.55989561313,22.20591308509,14.2554,II/389/ps1_dr2
134590854816522330,85.4816578728,22.15981112143,14.5824,II/389/ps1_dr2
134600854732953610,85.47331175,22.16915777,11.503,II/389/ps1_dr2
134600854582373674,85.45824191846,22.16926065306,14.1287,II/389/ps1_dr2
134600854983929227,85.49855575,22.17368415,11.155,II/389/ps1_dr2
134620854955241185,85.49553518407,22.18385995419,13.7377,II/389/ps1_dr2
134620854998635875,85.49987324287,22.18776707569,14.0103,II/389/ps1_dr2
134600854984638885,85.49845488,22.17350609,11.31,II/389/ps1_dr2
134640854585783136,85.45858403076,22.20215563103,14.1728,II/389/ps1_dr2
134650854736276264,85.47363745381,22.21309306734,14.7107,II/389/ps1_dr2
134650855025991347,85.50263293929,22.20898270761,12.781,II/389/ps1_dr2
134680854962222344,85.49623222072,22.23482513088,14.8454,II/389/ps1_dr2
134660854895445850,85.48955481897,22.22107515726,14.2068,II/389/ps1_dr2
134620854181382323,85.41822865,22.1847911,10.713,II/389/ps1_dr2
134620853745062039,85.37450271403,22.18457189336,13.307,II/389/ps1_dr2
134630853569571556,85.35695600538,22.19250843522,12.512,II/389/ps1_dr2
134640853737583492,85.37375591604,22.20244449091,14.6521,II/389/ps1_dr2
134600852880062401,85.28800604678,22.16820104371,14.9308,II/389/ps1_dr2
134570852969118832,85.29690799214,22.14857678755,11.338,II/389/ps1_dr2
134570852971187472,85.29714901463,22.14739538702,11.807,II/389/ps1_dr2
134610852786800228,85.27868488,22.1748333,11.734,II/389/ps1_dr2
134630853376259010,85.3376188969,22.19870924998,13.477,II/389/ps1_dr2
134650853531984172,85.35319520729,22.21134589015,14.4086,II/389/ps1_dr2
134670853770253424,85.37703087524,22.22739161141,13.484,II/389/ps1_dr2
134660853136763153,85.3137908,22.21884719,10.425,II/389/ps1_dr2
134660853134773412,85.31356845,22.21901058,10.6373,II/389/ps1_dr2
134660853217628880,85.32175938139,22.2236122108,14.1793,II/389/ps1_dr2
134660854532421388,85.4532463557,22.2173559743,14.8209,II/389/ps1_dr2
134650854594459219,85.4594568711,22.21555763889,13.458,II/389/ps1_dr2
134690854421721892,85.44219455307,22.24278088846,12.942,II/389/ps1_dr2
134680853838292528,85.38383101547,22.23498557864,13.6888,II/389/ps1_dr2
134720854094503001,85.40946252072,22.26870469535,12.378,II/389/ps1_dr2
134730854234575540,85.42352198664,22.27911482128,11.42,II/389/ps1_dr2
134090847563667852,84.75632540426,21.74773008012,14.4099,II/389/ps1_dr2
134120847152156067,84.71518756073,21.77128404439,14.0308,II/389/ps1_dr2
134140847786205260,84.7786288902,21.78727005626,13.6461,II/389/ps1_dr2
134170847626281382,84.7626421782,21.809047339,14.37,II/389/ps1_dr2
134120846894304830,84.68942217645,21.77024425668,14.5025,II/389/ps1_dr2
134150847082821521,84.70827454929,21.79249294707,14.0908,II/389/ps1_dr2
134120847052518212,84.70525770542,21.77306936702,14.8341,II/389/ps1_dr2
134150846692501060,84.66924606326,21.79211501008,14.3307,II/389/ps1_dr2
134150846559136259,84.65592342288,21.79644276898,14.8486,II/389/ps1_dr2
134140846573778087,84.65738344239,21.78963368071,14.6354,II/389/ps1_dr2
134140846722871429,84.67229493823,21.78408429656,14.1786,II/389/ps1_dr2
134160846699297069,84.66991378886,21.80544539119,13.7844,II/389/ps1_dr2
134180847577887782,84.75778304557,21.82270840722,14.8643,II/389/ps1_dr2
134170847501871295,84.75019791826,21.80896653609,13.4453,II/389/ps1_dr2
134180846864067041,84.68638079808,21.82209083292,12.814,II/389/ps1_dr2
134150848220671916,84.82205650746,21.79281297625,14.6634,II/389/ps1_dr2
134180847953784927,84.79536489026,21.82033640617,14.6393,II/389/ps1_dr2
134180848051578067,84.805102807,21.82292496944,13.7525,II/389/ps1_dr2
134220848141034198,84.81405359156,21.85303042542,13.8598,II/389/ps1_dr2
134210848772399382,84.87720682419,21.84904608077,14.7012,II/389/ps1_dr2
134240848774119132,84.87731345,21.87380859,12.199,II/389/ps1_dr2
134240848770508936,84.87704412,21.87367947,12.1814,II/389/ps1_dr2
134250848813231606,84.88128729917,21.87589965203,14.3954,II/389/ps1_dr2
134240848771099372,84.87709477,21.87403324,13.7259,II/389/ps1_dr2
134230848204350435,84.82036338,21.85822855,12.47,II/389/ps1_dr2
134250848383349693,84.83829856624,21.88262717666,13.2053,II/389/ps1_dr2
134310848262032673,84.82617551138,21.92678154205,14.5521,II/389/ps1_dr2
134300848104982117,84.81049134307,21.91798420377,14.1129,II/389/ps1_dr2
134230847051617272,84.70497188194,21.86386041759,12.4368,II/389/ps1_dr2
134240846995340113,84.69951065274,21.86631279026,13.6395,II/389/ps1_dr2
134230847048807112,84.70498453864,21.86387255161,12.435,II/389/ps1_dr2
134220846568152043,84.65685231443,21.85124038155,13.196,II/389/ps1_dr2
134240846594126658,84.65941726537,21.87179052349,14.4862,II/389/ps1_dr2
134230846737185980,84.67369040859,21.86286608809,12.755,II/389/ps1_dr2
134230846667504733,84.66674753064,21.86184269116,14.0198,II/389/ps1_dr2
134250846743986911,84.67439657481,21.880320282,14.9469,II/389/ps1_dr2
134230845581522789,84.5581821433,21.86026327965,12.993,II/389/ps1_dr2
134280846371183044,84.63713602015,21.90206872967,14.7334,II/389/ps1_dr2
134290846069937143,84.60697895648,21.91382576728,14.5176,II/389/ps1_dr2
134270847144034732,84.71441672148,21.8951654108,13.428,II/389/ps1_dr2
134300847328521036,84.73284804574,21.91708465207,14.4738,II/389/ps1_dr2
134330846651302515,84.66513284,21.94330927,11.621,II/389/ps1_dr2
134330846653272773,84.66531569,21.9433707,10.906,II/389/ps1_dr2
134330846655593340,84.66565042,21.94384239,12.8752,II/389/ps1_dr2
134330846549916752,84.65496788984,21.94682104041,13.7408,II/389/ps1_dr2
134340847199627990,84.71995815138,21.956205855,14.8673,II/389/ps1_dr2
134360847406990078,84.74071627264,21.96627497722,11.694,II/389/ps1_dr2
134360847442519806,84.74424595843,21.97437859061,14.976,II/389/ps1_dr2
134360847510757479,84.75105981756,21.97244521325,14.7297,II/389/ps1_dr2
134390847001123950,84.70010960925,21.99449840516,14.5333,II/389/ps1_dr2
134410847254479544,84.72544435939,22.01581552833,14.9605,II/389/ps1_dr2
134400847069957307,84.70699277409,22.00561999368,14.0006,II/389/ps1_dr2
134260848979336111,84.89787400241,21.88795813538,13.163,II/389/ps1_dr2
134280849411254679,84.94103774933,21.90339995176,11.854,II/389/ps1_dr2
134320849088071464,84.90878873602,21.93411892589,13.9963,II/389/ps1_dr2
134320849711817619,84.97115789731,21.93923840294,14.3514,II/389/ps1_dr2
134370849461123454,84.94608893096,21.97745125341,14.4338,II/389/ps1_dr2
134350849292609337,84.92923028499,21.96567948312,14.9365,II/389/ps1_dr2
134330848517379378,84.85170994734,21.9490351568,13.7223,II/389/ps1_dr2
134330849035599383,84.90353975408,21.94904844712,14.5683,II/389/ps1_dr2
134370848837555341,84.88373977231,21.97901137594,14.9684,II/389/ps1_dr2
134380848811158227,84.88092033,21.98979516,10.918,II/389/ps1_dr2
134380848808127986,84.88083436,21.98963777,10.9064,II/389/ps1_dr2
134400849003078930,84.90023529953,22.00698616436,14.878,II/389/ps1_dr2
134370849922022013,84.99219208288,21.97624707586,14.7112,II/389/ps1_dr2
134370849706680819,84.9705921123,21.97523337798,11.786,II/389/ps1_dr2
134430850048651133,85.00482159922,22.02549770589,13.8833,II/389/ps1_dr2
134430850321488205,85.03207146712,22.03139624396,14.9806,II/389/ps1_dr2
134430849864251562,84.98640137661,22.02586293312,14.4095,II/389/ps1_dr2
134430849658997245,84.96586860204,22.03060138008,13.236,II/389/ps1_dr2
134440849825720181,84.98254937623,22.03304190173,14.1244,II/389/ps1_dr2
134450850021133259,85.00219885827,22.04397828439,13.112,II/389/ps1_dr2
134480849923563517,84.99231863806,22.06914239547,13.872,II/389/ps1_dr2
134350847994894815,84.79945298229,21.96188963251,13.8576,II/389/ps1_dr2
134410848591914937,84.8591629,22.01202113,11.262,II/389/ps1_dr2
134400848568189059,84.85678880293,22.00711317455,13.6429,II/389/ps1_dr2
134430848805124484,84.88049222465,22.02830767962,14.2287,II/389/ps1_dr2
134410847899839790,84.78996956975,22.01603437837,12.42,II/389/ps1_dr2
134470848159948366,84.81599516726,22.06484894986,14.8294,II/389/ps1_dr2
134450848866800851,84.88665958718,22.04194570889,14.4131,II/389/ps1_dr2
134470848926311113,84.89261961837,22.05882865522,14.2774,II/389/ps1_dr2
134490848767267360,84.87671983465,22.08069106509,14.928,II/389/ps1_dr2
134520849763285454,84.97626939346,22.1040937644,12.8,II/389/ps1_dr2
134530849619424159,84.96192962201,22.11134899247,14.9304,II/389/ps1_dr2
134520849196479555,84.91965052698,22.10752375715,14.0487,II/389/ps1_dr2
134530849171141512,84.91711837814,22.10915743767,13.031,II/389/ps1_dr2
134500848767230716,84.8766610098,22.08345313815,14.4968,II/389/ps1_dr2
134500848579904721,84.85796743113,22.08681386862,13.496,II/389/ps1_dr2
134510848767424382,84.87673283794,22.09488391231,14.3807,II/389/ps1_dr2
134550848438281819,84.84379060183,22.12605086289,13.116,II/389/ps1_dr2
134540848923985097,84.89239205266,22.12046591098,14.0358,II/389/ps1_dr2
134530849025106832,84.90249695295,22.11359061951,14.0272,II/389/ps1_dr2
134580849040452517,84.90403714874,22.15166152913,14.6056,II/389/ps1_dr2
134260845383130150,84.53831789458,21.88302314925,14.637,II/389/ps1_dr2
134270845392148772,84.53913073,21.89859489,9.5096,II/389/ps1_dr2
134270845394639028,84.539358,21.898699,9.404,II/389/ps1_dr2
134310845848328962,84.58482812744,21.9320111536,14.6355,II/389/ps1_dr2
134310844928431382,84.49280875,21.92561924,11.39,II/389/ps1_dr2
134340845387270902,84.53871336931,21.95030247135,14.3672,II/389/ps1_dr2
134320844841014322,84.48409156642,21.93647826974,14.7209,II/389/ps1_dr2
134340845116036828,84.51154401,21.95523202,10.944,II/389/ps1_dr2
134340845113526552,84.51138167,21.95504134,11.3969,II/389/ps1_dr2
134360845685244460,84.5682582,21.97001265,11.6589,II/389/ps1_dr2
134360845687088696,84.56867687142,21.97344955426,14.1976,II/389/ps1_dr2
134360845688444588,84.56870894,21.97001716,11.47,II/389/ps1_dr2
134370845180743274,84.5180266088,21.97725140694,13.6328,II/389/ps1_dr2
134390845415152044,84.54150702856,21.99291152706,14.3595,II/389/ps1_dr2
134400845326478752,84.53264313149,22.00683424314,13.9547,II/389/ps1_dr2
134370846144809128,84.61447157498,21.98215402961,14.6304,II/389/ps1_dr2
134410846696473394,84.66968123782,22.01064896136,12.626,II/389/ps1_dr2
134400846621979695,84.66219423454,22.00761202509,14.8637,II/389/ps1_dr2
134400846030949083,84.60306714914,22.00710656697,14.5862,II/389/ps1_dr2
134410846266207504,84.62659768796,22.01412156714,13.9184,II/389/ps1_dr2
134410845648535717,84.56508923,22.01293618,8.8615,II/389/ps1_dr2
134410845652016442,84.565033,22.013247,8.88,II/389/ps1_dr2
134410845648096119,84.56510904,22.01311709,8.9314,II/389/ps1_dr2
134440846329610504,84.63295570328,22.03330036951,14.6146,II/389/ps1_dr2
134450846227466655,84.62261989,22.04655944,11.7539,II/389/ps1_dr2
134450846451734268,84.64517758827,22.04475919246,14.8719,II/389/ps1_dr2
134460846373005570,84.63729432973,22.05417918376,14.1163,II/389/ps1_dr2
134460846316132605,84.63159460834,22.05171394877,14.8069,II/389/ps1_dr2
134470846674247687,84.66739715643,22.064270627,13.4505,II/389/ps1_dr2
134470846015194168,84.60146325904,22.06133200495,14.2516,II/389/ps1_dr2
134480846068554469,84.60686030708,22.06992387184,14.2829,II/389/ps1_dr2
134500846419682761,84.64182265,22.08524399,12.6836,II/389/ps1_dr2
134500846418713100,84.64192018,22.08533826,13.2478,II/389/ps1_dr2
134500846421881048,84.64213233371,22.08369650202,12.835,II/389/ps1_dr2
134360844605815592,84.4605544902,21.97085431584,13.385,II/389/ps1_dr2
134390844330893551,84.43310138443,21.99417034035,14.6809,II/389/ps1_dr2
134440845374920631,84.53749494562,22.03339838519,14.9078,II/389/ps1_dr2
134460845075848052,84.50757263,22.05623122,12.59,II/389/ps1_dr2
134440844996116748,84.49960887577,22.03848389846,14.2657,II/389/ps1_dr2
134410844288847373,84.42888845756,22.01400526249,13.7489,II/389/ps1_dr2
134420844502550572,84.45026733246,22.01667129684,14.9029,II/389/ps1_dr2
134470844615890610,84.4616470829,22.05837459396,14.788,II/389/ps1_dr2
134470844631840529,84.46319589604,22.05831671107,14.0791,II/389/ps1_dr2
134440844581691370,84.45809185498,22.0339414405,13.6981,II/389/ps1_dr2
134450844580066778,84.4580212996,22.04683944158,14.0907,II/389/ps1_dr2
134470844245755202,84.42458286184,22.0621841325,13.9095,II/389/ps1_dr2
134500844762323723,84.47618811588,22.08592124945,13.6666,II/389/ps1_dr2
134470845252563235,84.52519314075,22.06053136033,14.3299,II/389/ps1_dr2
134500845983087227,84.5983105583,22.08888676394,14.5344,II/389/ps1_dr2
134540845765483990,84.57641937,22.11929924,11.05,II/389/ps1_dr2
134560845878950769,84.58788456669,22.13351508402,14.8841,II/389/ps1_dr2
134510844881576303,84.48826975,22.09667052,11.13,II/389/ps1_dr2
134520844834216083,84.48341479538,22.1045866833,14.8853,II/389/ps1_dr2
134510844879915985,84.48784991,22.09608304,11.4693,II/389/ps1_dr2
134510844882676776,84.48843773,22.09675288,11.7856,II/389/ps1_dr2
134570845842722214,84.58427439644,22.14304346492,14.3097,II/389/ps1_dr2
134570845696144002,84.56962224684,22.14453663766,14.2713,II/389/ps1_dr2
134510846916320124,84.69146657662,22.09130881535,14.581,II/389/ps1_dr2
134490846942047912,84.69417366067,22.0811208075,12.501,II/389/ps1_dr2
134510846738438055,84.67380368841,22.09789965038,12.694,II/389/ps1_dr2
134530846534967016,84.65349155898,22.11369293963,14.6408,II/389/ps1_dr2
134520846830207127,84.68301220498,22.10547113876,14.3556,II/389/ps1_dr2
134560847557274927,84.7556843369,22.13695860172,12.765,II/389/ps1_dr2
134580847518441482,84.75185855,22.15091725,9.1059,II/389/ps1_dr2
134580847513440622,84.75134946,22.1500292,9.6934,II/389/ps1_dr2
134580847517681049,84.75165998,22.15036616,9.06,II/389/ps1_dr2
134550847931196793,84.79310264,22.13020263,11.9385,II/389/ps1_dr2
134550847931126236,84.79293904,22.12971799,10.6345,II/389/ps1_dr2
134600848122429864,84.81223106621,22.17443549797,14.6486,II/389/ps1_dr2
134610848351372559,84.83513012037,22.17668496878,14.1995,II/389/ps1_dr2
134640848370150837,84.8370011752,22.20024581101,14.1035,II/389/ps1_dr2
134620848189014102,84.81884434177,22.18626609289,13.3864,II/389/ps1_dr2
134620847976633591,84.79772955,22.18598147,11.373,II/389/ps1_dr2
134610847992305427,84.79921319767,22.17906264101,12.857,II/389/ps1_dr2
134620848002967073,84.80029972572,22.18876946682,14.1551,II/389/ps1_dr2
134630847797844691,84.77977835978,22.19511954551,14.8629,II/389/ps1_dr2
134680847819400432,84.78193462996,22.23320847394,14.3891,II/389/ps1_dr2
134670847999091637,84.79999597,22.22602469,12.6057,II/389/ps1_dr2
134650847909999795,84.79099746261,22.21604187148,14.1933,II/389/ps1_dr2
134660847986866187,84.79857238044,22.22139530612,11.807,II/389/ps1_dr2
134560846769379840,84.6769039265,22.14108853995,14.9331,II/389/ps1_dr2
134570846049663431,84.60496816616,22.14406562621,14.6286,II/389/ps1_dr2
134590846736870569,84.6736549798,22.15833179218,13.5271,II/389/ps1_dr2
134600846740159002,84.67399823251,22.17370628478,13.5266,II/389/ps1_dr2
134630846931176924,84.69310117495,22.1969741569,14.1751,II/389/ps1_dr2
134580846022339725,84.60223361489,22.15764508306,14.3035,II/389/ps1_dr2
134610845844726991,84.58446136501,22.18036088133,13.444,II/389/ps1_dr2
134630845905794050,84.59056893256,22.19456556808,14.2677,II/389/ps1_dr2
134650846410694146,84.64102521024,22.21131082035,14.348,II/389/ps1_dr2
134680847498361929,84.74980160618,22.23454352618,12.781,II/389/ps1_dr2
134680847634037618,84.7633657874,22.23921493933,13.161,II/389/ps1_dr2
134680847775412451,84.77752454969,22.2349256553,14.9217,II/389/ps1_dr2
134720847770610206,84.77704085547,22.26638479202,13.988,II/389/ps1_dr2
134710847442324465,84.74418896017,22.26159097441,13.064,II/389/ps1_dr2
134740847544580842,84.75443436745,22.28355868889,14.0134,II/389/ps1_dr2
134730847778011406,84.77777578807,22.27571950233,12.84,II/389/ps1_dr2
134750847766944724,84.77665382455,22.29514826047,12.713,II/389/ps1_dr2
134680846965787312,84.69656102917,22.23896771589,14.2287,II/389/ps1_dr2
134740847125471665,84.71248902737,22.28429705162,12.569,II/389/ps1_dr2
134780847335688268,84.7335490081,22.32309526294,14.2274,II/389/ps1_dr2
134440850812254823,85.08123803472,22.03689224669,13.074,II/389/ps1_dr2
134500850696201754,85.06963794039,22.0843427065,13.7363,II/389/ps1_dr2
134500851079951256,85.10803989,22.08387439,12.1087,II/389/ps1_dr2
134500851079220898,85.10796355,22.08374009,12.163,II/389/ps1_dr2
134550851090967173,85.10907909864,22.13054604733,13.9979,II/389/ps1_dr2
134520850162319794,85.01616663832,22.10766904161,13.9267,II/389/ps1_dr2
134570850485763077,85.04853281673,22.14378131712,13.394,II/389/ps1_dr2
134580850512894611,85.05120510818,22.15338569882,13.444,II/389/ps1_dr2
134570851685813061,85.16867731,22.14387417,13.2391,II/389/ps1_dr2
134570851688313457,85.16883202,22.14412153,11.673,II/389/ps1_dr2
134610851918721225,85.19188726586,22.17555664262,14.8459,II/389/ps1_dr2
134660852161103463,85.21607545559,22.219067315,10.979,II/389/ps1_dr2
134610851201150930,85.12022921,22.17518101,12.6282,II/389/ps1_dr2
134610851200060618,85.11996579,22.1750638,12.345,II/389/ps1_dr2
134620850856882874,85.08566637777,22.185290695,14.5852,II/389/ps1_dr2
134630850924447952,85.09232306,22.19786166,9.2415,II/389/ps1_dr2
134630850926368235,85.0925464,22.19805617,9.659,II/389/ps1_dr2
134710851656763608,85.16568449551,22.2608862052,14.0872,II/389/ps1_dr2
134590850153787288,85.0153528704,22.16399957686,13.8625,II/389/ps1_dr2
134630850196281246,85.01958548355,22.19226861034,13.7761,II/389/ps1_dr2
134630850320574325,85.03197107164,22.19480830472,13.135,II/389/ps1_dr2
134600849541789465,84.95416446956,22.17412045825,13.7168,II/389/ps1_dr2
134620849291351022,84.92913914165,22.18374715214,14.5803,II/389/ps1_dr2
134660849953852799,84.99532784451,22.21858528132,11.385,II/389/ps1_dr2
134630850043299938,85.00431148024,22.19952907749,14.6881,II/389/ps1_dr2
134630850917658198,85.09167872,22.19802821,14.8811,II/389/ps1_dr2
134720851428690940,85.14299707946,22.26705486112,12.001,II/389/ps1_dr2
134730851386232793,85.1386206743,22.27687227902,14.7945,II/389/ps1_dr2
134710850865503768,85.0864976658,22.26101835237,13.371,II/389/ps1_dr2
134750850947842830,85.09475019747,22.29358120138,14.3402,II/389/ps1_dr2
134750850998478878,85.09982576887,22.29862075754,14.7372,II/389/ps1_dr2
134750851031946930,85.10330574,22.29712051,12.4034,II/389/ps1_dr2
134750851040186701,85.10398906,22.29683468,9.9875,II/389/ps1_dr2
134750851034787192,85.10355013,22.29719002,14.1615,II/389/ps1_dr2
134750851040117107,85.10391627,22.29695656,10.074,II/389/ps1_dr2
134780850586222492,85.05854459,22.31829662,11.637,II/389/ps1_dr2
134780850586312870,85.05866971,22.31853455,12.947,II/389/ps1_dr2
134780850583202390,85.05829048,22.31838586,13.1806,II/389/ps1_dr2
134790850760770572,85.07573191,22.32504468,11.7174,II/389/ps1_dr2
134790850763641076,85.07649108,22.32555413,11.5704,II/389/ps1_dr2
134790850760501009,85.07635162,22.32537923,11.395,II/389/ps1_dr2
134770850846136615,85.08458923216,22.31340721976,14.7097,II/389/ps1_dr2
134770850804384934,85.08031812093,22.31195947823,12.956,II/389/ps1_dr2
134690852823043337,85.28230275876,22.24398481209,13.8135,II/389/ps1_dr2
134690853116138889,85.31161012632,22.24861352098,13.7844,II/389/ps1_dr2
134690852838933861,85.28389333378,22.24442460098,13.411,II/389/ps1_dr2
134720853289830039,85.32898846639,22.26624376669,13.109,II/389/ps1_dr2
134720852843740235,85.28438584689,22.26642034911,13.7608,II/389/ps1_dr2
134720852377625151,85.23790553,22.27049653,10.328,II/389/ps1_dr2
134720852387046230,85.23870922,22.2713988,13.6643,II/389/ps1_dr2
134720852371795186,85.23726125,22.27046083,14.338,II/389/ps1_dr2
134720852382215200,85.23844364,22.27044149,11.5327,II/389/ps1_dr2
134720852149119529,85.21490753217,22.27414877478,13.9942,II/389/ps1_dr2
134760852483135862,85.24836826313,22.3044530487,12.885,II/389/ps1_dr2
134780853284458594,85.32846829378,22.32337558952,13.38,II/389/ps1_dr2
134830854056385425,85.4057878878,22.36245837513,12.564,II/389/ps1_dr2
134810853896958658,85.38965390532,22.34836253604,11.621,II/389/ps1_dr2
134800853704656996,85.3704698246,22.33870742806,14.1415,II/389/ps1_dr2
134790853097301751,85.30965572571,22.32607321555,13.9464,II/389/ps1_dr2
134840853254139083,85.32541624278,22.37378157257,13.074,II/389/ps1_dr2
134780851430773603,85.14306904755,22.31921968196,14.5915,II/389/ps1_dr2
134830852378673991,85.2378818429,22.36122366346,13.7656,II/389/ps1_dr2
134810851808453865,85.18083023289,22.34444089539,14.9264,II/389/ps1_dr2
134850852102879451,85.21028098649,22.38243018397,14.3431,II/389/ps1_dr2
134770851236287428,85.12370867535,22.31410427363,12.899,II/389/ps1_dr2
134850852258512040,85.22585834153,22.37624893649,13.159,II/389/ps1_dr2
134880853027918293,85.30280807665,22.40645919789,14.0388,II/389/ps1_dr2
134900853019913323,85.30198748052,22.418976779,14.6229,II/389/ps1_dr2
134910853028542844,85.30287242444,22.42697240189,13.453,II/389/ps1_dr2
134890851956676955,85.19565046023,22.41368063085,14.8453,II/389/ps1_dr2
134910852269928024,85.22702064635,22.43124327881,13.697,II/389/ps1_dr2
134980852728628319,85.27285329025,22.48981821623,14.8556,II/389/ps1_dr2
134710849870769611,84.98705272575,22.26590640241,14.2234,II/389/ps1_dr2
134710849721761851,84.97215516036,22.25945143728,14.2993,II/389/ps1_dr2
134750848499542156,84.84995595133,22.29299071123,13.659,II/389/ps1_dr2
134770848968801134,84.89682941577,22.30881797098,13.463,II/389/ps1_dr2
134740849846260293,84.98459957119,22.28313497567,13.9403,II/389/ps1_dr2
134740849846300294,84.98462634,22.28314566,13.774,II/389/ps1_dr2
134770849678057335,84.96772408,22.31398373,13.05,II/389/ps1_dr2
134790849733972657,84.9733801977,22.32672632153,14.1203,II/389/ps1_dr2
134820850682284527,85.06819549545,22.35332993496,14.823,II/389/ps1_dr2
134840850290206610,85.02895367055,22.37170030641,14.0041,II/389/ps1_dr2
134820849647935028,84.96475885908,22.35374534887,12.746,II/389/ps1_dr2
134830849587887333,84.95875613498,22.36398837557,14.0697,II/389/ps1_dr2
134860849471590394,84.94713455558,22.38320877558,14.3784,II/389/ps1_dr2
134850849889389002,84.98884883509,22.38202374536,12.788,II/389/ps1_dr2
134760848329546948,84.83293632425,22.30536368978,13.187,II/389/ps1_dr2
134760848333568014,84.8333477269,22.30624994333,12.564,II/389/ps1_dr2
134760848502239790,84.85020932457,22.30771594509,14.8288,II/389/ps1_dr2
134770848215704726,84.82154383561,22.31182982002,13.496,II/389/ps1_dr2
134770848359268481,84.83590756155,22.31496062381,14.1355,II/389/ps1_dr2
134750847996807277,84.79966017672,22.29728799537,12.168,II/389/ps1_dr2
134780847833865922,84.78321141,22.32124617,10.715,II/389/ps1_dr2
134780847837166196,84.78345633,22.32129128,10.7181,II/389/ps1_dr2
134800847783953879,84.7783712943,22.33611301576,14.791,II/389/ps1_dr2
134800847896874158,84.78969849236,22.33635270908,14.2099,II/389/ps1_dr2
134840847707982159,84.77080896795,22.36800659638,13.4128,II/389/ps1_dr2
134870848176637250,84.81763824219,22.39726120721,13.9009,II/389/ps1_dr2
134880849274350085,84.92740511781,22.39960143394,13.566,II/389/ps1_dr2
134890849148427090,84.9148484669,22.41378620742,13.418,II/389/ps1_dr2
134880848976161846,84.89766321,22.40109169,11.569,II/389/ps1_dr2
134910849606986707,84.96064326945,22.43012794102,13.8085,II/389/ps1_dr2
134940849468243289,84.94679377972,22.45223800657,14.1422,II/389/ps1_dr2
134880848413747754,84.84137089761,22.40600103697,14.812,II/389/ps1_dr2
134910848764182538,84.87640314998,22.42667437796,14.6962,II/389/ps1_dr2
134930848532367832,84.85330812046,22.44773551319,13.6279,II/389/ps1_dr2
134970849286507600,84.92865247691,22.48084362889,14.6916,II/389/ps1_dr2
134950848714871954,84.87146323702,22.45950376891,13.232,II/389/ps1_dr2
134840850915273224,85.09163313226,22.36893705346,12.673,II/389/ps1_dr2
134840850612571822,85.0612336424,22.36773829859,14.9318,II/389/ps1_dr2
134870851092861602,85.10927317652,22.39250290246,12.925,II/389/ps1_dr2
134860850706153902,85.07053423889,22.38611183832,13.7564,II/389/ps1_dr2
134870851236329695,85.12362235993,22.39930481884,13.9819,II/389/ps1_dr2
134910851469501999,85.14696475418,22.4262353144,13.239,II/389/ps1_dr2
134930851189667854,85.1190164,22.44762365,10.954,II/389/ps1_dr2
134930851084343105,85.1084234612,22.44380632031,14.8409,II/389/ps1_dr2
134880850331348646,85.03304910112,22.4067230573,13.3947,II/389/ps1_dr2
134910850395972601,85.03959952993,22.42673300694,14.4323,II/389/ps1_dr2
134900850474159073,85.04740479996,22.42378767282,14.7115,II/389/ps1_dr2
134900850018773465,85.00180857487,22.41908877922,12.229,II/389/ps1_dr2
134900850128113412,85.01278683612,22.41905545455,13.7793,II/389/ps1_dr2
134900850016963045,85.00178564,22.41884339,14.5156,II/389/ps1_dr2
134940850220315136,85.02190568255,22.45382847328,14.9544,II/389/ps1_dr2
134940850228615085,85.02283558652,22.45378204406,12.694,II/389/ps1_dr2
134930850409624811,85.04093413504,22.44521601025,14.113,II/389/ps1_dr2
134930850643164973,85.06442241152,22.44516387786,13.738,II/389/ps1_dr2
135010851873513063,85.187327245,22.51044029744,14.9778,II/389/ps1_dr2
135030851925110102,85.19256979798,22.52467441934,12.479,II/389/ps1_dr2
135010850833632397,85.0833436942,22.50988906423,14.3791,II/389/ps1_dr2
135060852023081061,85.20232003723,22.55044689084,13.5345,II/389/ps1_dr2
135050851429402106,85.14286013258,22.54296782117,14.3266,II/389/ps1_dr2
135060851376701687,85.13763601279,22.55095908389,14.0136,II/389/ps1_dr2
134940849972024047,84.99717284759,22.4529148317,14.3486,II/389/ps1_dr2
135010850549986352,85.05466778,22.51326212,13.0702,II/389/ps1_dr2
135010850546436370,85.05464414,22.51316605,11.529,II/389/ps1_dr2
135010850295446000,85.02952480588,22.51287452493,14.7914,II/389/ps1_dr2
134970849547362222,84.95471234707,22.47638807158,14.2631,II/389/ps1_dr2
135000849221663389,84.92215388458,22.5023602822,13.9613,II/389/ps1_dr2
135030849420939403,84.94195711962,22.53259512452,14.545,II/389/ps1_dr2
135030849428897146,84.94286572761,22.53053189859,12.654,II/389/ps1_dr2
135040850130340137,85.01300973,22.53297778,14.3065,II/389/ps1_dr2
135050850160424755,85.0162251077,22.54522841099,14.2632,II/389/ps1_dr2
135040850127450713,85.01284893,22.53335465,10.177,II/389/ps1_dr2
135040850113583300,85.01149837,22.53542304,11.9159,II/389/ps1_dr2
135050850814466468,85.08141132614,22.54659923977,14.7038,II/389/ps1_dr2
135090851555147315,85.15548319588,22.58061109199,12.958,II/389/ps1_dr2
135090851048430556,85.10483460664,22.57499819665,12.946,II/389/ps1_dr2
135080850209337001,85.02087083645,22.57200552545,12.451,II/389/ps1_dr2
135090850061573705,85.00614744013,22.57761572655,14.2766,II/389/ps1_dr2
134480857981333431,85.7981351006,22.06906916022,14.9855,II/389/ps1_dr2
134510858080658364,85.80801002274,22.09822840556,14.5814,II/389/ps1_dr2
134500857458517980,85.74591175223,22.08961092308,14.3298,II/389/ps1_dr2
134510857502311182,85.75018696,22.0921779,14.4331,II/389/ps1_dr2
134510857498130804,85.74977578,22.09191676,11.553,II/389/ps1_dr2
134510857496410417,85.74943189,22.09170203,12.8624,II/389/ps1_dr2
134520857630494041,85.76294891628,22.10287073049,13.9962,II/389/ps1_dr2
134550857967712192,85.79677049817,22.12635639323,14.7985,II/389/ps1_dr2
134600857784969661,85.77848935923,22.17425709394,14.3347,II/389/ps1_dr2
134560858781356237,85.87810713715,22.13813561536,14.4382,II/389/ps1_dr2
134580858816735155,85.88159707895,22.15386836884,13.093,II/389/ps1_dr2
134600858707516195,85.87070755198,22.17141437349,14.6426,II/389/ps1_dr2
134590859180518039,85.91801050699,22.1646304223,13.8809,II/389/ps1_dr2
134610858348466189,85.83480501989,22.17971221138,14.7656,II/389/ps1_dr2
134620857981733774,85.79816817497,22.1860177669,14.4703,II/389/ps1_dr2
134650858361696246,85.8360976,22.2131744,13.3813,II/389/ps1_dr2
134650858362585454,85.83629267,22.21237458,7.7106,II/389/ps1_dr2
134650858373015846,85.83729502,22.21287029,12.7825,II/389/ps1_dr2
134650858365805745,85.83655852,22.21268831,9.343,II/389/ps1_dr2
134650858384496003,85.83844995,22.21273821,12.9025,II/389/ps1_dr2
134680858455964798,85.84558740448,22.23686719711,14.632,II/389/ps1_dr2
134700858785696883,85.87855926393,22.25527081736,13.7571,II/389/ps1_dr2
134690858787399504,85.87871882586,22.24912071092,12.336,II/389/ps1_dr2
134570856882740515,85.6882525326,22.14165594011,13.9001,II/389/ps1_dr2
134590856861938827,85.68619277593,22.16523438587,14.8631,II/389/ps1_dr2
134620857736991789,85.77368948214,22.18436419987,14.9979,II/389/ps1_dr2
134640857553168099,85.75531116925,22.20628790562,14.6145,II/389/ps1_dr2
134650857283515909,85.72827706999,22.21273411801,13.9658,II/389/ps1_dr2
134640856435425128,85.64352133,22.2037983,13.125,II/389/ps1_dr2
134660856573572047,85.65734722112,22.21791349838,14.6529,II/389/ps1_dr2
134640857943493947,85.79434185485,22.20282753643,14.0425,II/389/ps1_dr2
134660857628799559,85.76286857627,22.22417089272,13.378,II/389/ps1_dr2
134700857784624902,85.77846347253,22.25363724483,13.9377,II/389/ps1_dr2
134690858112889871,85.81143742,22.24943587,11.2201,II/389/ps1_dr2
134700858115500111,85.81158258,22.24962635,11.329,II/389/ps1_dr2
134740858385692450,85.83856313895,22.28490100088,14.3497,II/389/ps1_dr2
134690857320289004,85.73202669168,22.24870995832,14.8226,II/389/ps1_dr2
134690857396559490,85.73964614423,22.24910688419,13.9303,II/389/ps1_dr2
134740857863510967,85.78634053591,22.2836715764,14.1938,II/389/ps1_dr2
134760858166282055,85.81664257372,22.30123113689,13.288,II/389/ps1_dr2
134790857972272607,85.79722937439,22.32670240462,14.015,II/389/ps1_dr2
134660859750498296,85.97499267999,22.22316459259,13.8103,II/389/ps1_dr2
134670859678899449,85.96787826039,22.23238646054,13.58,II/389/ps1_dr2
134680859307416377,85.93073793133,22.23819094504,13.9311,II/389/ps1_dr2
134690859970548738,85.99705739478,22.24849357946,14.644,II/389/ps1_dr2
134710860434239921,86.04338774213,22.26621312514,13.9912,II/389/ps1_dr2
134740860235920817,86.02360768504,22.28358403396,13.317,II/389/ps1_dr2
134700859842963954,85.98428815384,22.25284857211,14.8135,II/389/ps1_dr2
134710859652291043,85.96511430616,22.25895224814,14.5342,II/389/ps1_dr2
134760860053250285,86.0052806987,22.29981928764,10.725,II/389/ps1_dr2
134770859697389835,85.96977147,22.31616508,13.4808,II/389/ps1_dr2
134780859700080185,85.96999146,22.31634968,13.112,II/389/ps1_dr2
134750859342946391,85.93428733982,22.29652791298,14.7597,II/389/ps1_dr2
134760859453906621,85.94538770307,22.30507649423,14.6635,II/389/ps1_dr2
134760860758130988,86.07582672179,22.30037963928,14.2297,II/389/ps1_dr2
134770860340059906,86.03400922852,22.31613439976,14.9806,II/389/ps1_dr2
134750860237034764,86.02371265435,22.29519075721,14.5806,II/389/ps1_dr2
134760860287247872,86.02874647121,22.30611954951,13.7064,II/389/ps1_dr2
134760860135494581,86.01355944802,22.30334255842,14.2053,II/389/ps1_dr2
134800860391037355,86.03910694362,22.33899778851,14.9281,II/389/ps1_dr2
134770860427521654,86.04276760826,22.30927876945,12.395,II/389/ps1_dr2
134790860179042136,86.01794126386,22.32633530628,13.187,II/389/ps1_dr2
134850860720693497,86.07206425682,22.3774553296,14.6154,II/389/ps1_dr2
134770858817401896,85.88174078301,22.30945427709,14.796,II/389/ps1_dr2
134760858326291365,85.8326374209,22.30067335805,12.734,II/389/ps1_dr2
134780859100704154,85.91006090234,22.3196610985,14.7098,II/389/ps1_dr2
134800859280510291,85.92801484,22.33322872,10.192,II/389/ps1_dr2
134800858125988967,85.8125907224,22.3403260764,13.5982,II/389/ps1_dr2
134820858624716922,85.86247956935,22.35530061927,13.041,II/389/ps1_dr2
134860858606206876,85.86069243,22.38880665,10.9951,II/389/ps1_dr2
134860858607177486,85.86074871,22.38893024,11.475,II/389/ps1_dr2
134850859549574006,85.95502156278,22.37790966292,11.673,II/389/ps1_dr2
134840859844079136,85.98441855414,22.37382190334,13.8791,II/389/ps1_dr2
134880860036806305,86.00368983779,22.40478848212,14.7632,II/389/ps1_dr2
134900860317016441,86.03169235325,22.42155554569,14.2208,II/389/ps1_dr2
134920860115835150,86.01160295354,22.43716656053,13.5923,II/389/ps1_dr2
134910860042368625,86.00426139046,22.43172118932,14.0858,II/389/ps1_dr2
134880859027396191,85.9027228038,22.40467875972,14.7369,II/389/ps1_dr2
134890859239655085,85.9239619541,22.41210404343,14.8633,II/389/ps1_dr2
134950859441631221,85.9442556196,22.45893487322,12.956,II/389/ps1_dr2
134650856236886317,85.62369704376,22.21312760071,14.6781,II/389/ps1_dr2
134670856302148572,85.6302049423,22.23168160332,14.4501,II/389/ps1_dr2
134660855769433616,85.5769420946,22.21921405908,13.5901,II/389/ps1_dr2
134690856136537179,85.61365547256,22.24717042151,14.1416,II/389/ps1_dr2
134700856201460055,85.62014212215,22.24957269351,12.866,II/389/ps1_dr2
134680856488832299,85.6488760805,22.23478976897,14.9948,II/389/ps1_dr2
134710856846912538,85.68467930864,22.25998203179,14.9831,II/389/ps1_dr2
134740856369289502,85.63692355244,22.29078055984,14.2155,II/389/ps1_dr2
134700855646486282,85.56464587942,22.25477056107,14.8513,II/389/ps1_dr2
134730855750341367,85.57506699,22.27569079,12.869,II/389/ps1_dr2
134730855577318711,85.55773432793,22.28179343075,14.2876,II/389/ps1_dr2
134730855990640384,85.59907794853,22.27485317974,12.052,II/389/ps1_dr2
134760856415742123,85.64156987901,22.30130740427,13.279,II/389/ps1_dr2
134770856787959773,85.67878405195,22.3160092566,14.3386,II/389/ps1_dr2
134820857667935002,85.76678389202,22.35369722849,14.4136,II/389/ps1_dr2
134820857111341975,85.71112231382,22.35118790568,14.2868,II/389/ps1_dr2
134790856763689475,85.67635794902,22.33242090852,12.861,II/389/ps1_dr2
134830856965652818,85.69653921,22.36020755,13.192,II/389/ps1_dr2
134860857020515300,85.70204445657,22.38728004499,14.1402,II/389/ps1_dr2
134840857178357384,85.71782520682,22.37235604196,14.4957,II/389/ps1_dr2
134880856786838621,85.67867693796,22.40673059775,13.6519,II/389/ps1_dr2
134900856873704274,85.68735534433,22.41975783008,13.38,II/389/ps1_dr2
134740855348647786,85.53489574472,22.28930780727,11.154,II/389/ps1_dr2
134780855307810494,85.53082121657,22.3166254338,12.968,II/389/ps1_dr2
134760855256152517,85.52561387464,22.30162239449,12.588,II/389/ps1_dr2
134760854872069857,85.48720678295,22.30774946903,14.4929,II/389/ps1_dr2
134750854971684320,85.49717865779,22.29480160421,14.2369,II/389/ps1_dr2
134770855104160089,85.51042296578,22.30793966984,13.4432,II/389/ps1_dr2
134780855140751217,85.51407388681,22.31720662317,14.0693,II/389/ps1_dr2
134790855721435698,85.57203180824,22.32932675531,14.1778,II/389/ps1_dr2
134840855606836262,85.56064983,22.37137977,8.652,II/389/ps1_dr2
134840855611226398,85.56111188,22.37162531,9.7068,II/389/ps1_dr2
134840855604845912,85.56034364,22.3710263,9.1431,II/389/ps1_dr2
134780854680912293,85.46809740712,22.31811357719,14.8816,II/389/ps1_dr2
134780854874194635,85.4874222743,22.32005809789,13.05,II/389/ps1_dr2
134800854476305186,85.44763792223,22.33718727236,13.494,II/389/ps1_dr2
134850854855667508,85.48556126218,22.38076795522,12.251,II/389/ps1_dr2
134870855267595980,85.52676208936,22.39618526277,13.1843,II/389/ps1_dr2
134870855056979625,85.5057331976,22.39922417504,14.6613,II/389/ps1_dr2
134900856160070614,85.61599824566,22.41672183341,14.6909,II/389/ps1_dr2
134880856098976063,85.6099032618,22.40460250023,13.6116,II/389/ps1_dr2
134880856711999726,85.67119104626,22.40764680166,14.301,II/389/ps1_dr2
134900856558836211,85.6558900875,22.42139194331,13.9231,II/389/ps1_dr2
134910855992030648,85.59920263035,22.4250841278,14.6126,II/389/ps1_dr2
134930855383160539,85.53833792289,22.44165729591,13.8931,II/389/ps1_dr2
134860857878842769,85.78787234838,22.38517065479,14.6435,II/389/ps1_dr2
134890858448015601,85.84478765826,22.41252136075,14.2976,II/389/ps1_dr2
134900857159882011,85.71597718526,22.41788142586,14.634,II/389/ps1_dr2
134910857239121076,85.72388880078,22.42540907066,12.977,II/389/ps1_dr2
134910857235981095,85.72364931,22.42543941,13.367,II/389/ps1_dr2
134890857174952195,85.7174806418,22.4096829956,13.7814,II/389/ps1_dr2
134960857899034968,85.78988775888,22.4703398945,14.3747,II/389/ps1_dr2
134950857489604976,85.74896901,22.46202165,13.4427,II/389/ps1_dr2
134950857471797322,85.74715130754,22.46396989093,13.9299,II/389/ps1_dr2
134970857885610911,85.78854839095,22.47528997159,14.6879,II/389/ps1_dr2
134990857802857566,85.78021654828,22.49744555049,13.4884,II/389/ps1_dr2
134970858450897257,85.84507430049,22.48057588509,14.0564,II/389/ps1_dr2
135020859059536823,85.90594705521,22.52188067095,14.91,II/389/ps1_dr2
135010858447065447,85.84469461131,22.51239314784,14.6863,II/389/ps1_dr2
135020858120333724,85.81196756244,22.51926499713,13.204,II/389/ps1_dr2
135050858463818769,85.8463994,22.54858277,12.779,II/389/ps1_dr2
135060858740825153,85.8740716246,22.55382094382,14.982,II/389/ps1_dr2
135080858641360586,85.86412146459,22.56669185249,13.9781,II/389/ps1_dr2
134930856895751292,85.68958243267,22.44227713027,14.7888,II/389/ps1_dr2
134960857446339909,85.74462741691,22.47445895223,13.477,II/389/ps1_dr2
134990857165200070,85.71651739973,22.49129887971,14.7964,II/389/ps1_dr2
135000857178459881,85.71787610421,22.50771244184,13.7486,II/389/ps1_dr2
135010856705254915,85.67051714038,22.51196138782,13.6558,II/389/ps1_dr2
135010856359957988,85.63599052691,22.51453516996,14.7499,II/389/ps1_dr2
135040856762336730,85.6762424567,22.53847831196,14.752,II/389/ps1_dr2
135040856686201087,85.66878383,22.53394006,14.0796,II/389/ps1_dr2
135040856688151349,85.66883871337,22.53400103829,12.954,II/389/ps1_dr2
135090856875426355,85.68753905613,22.57983765977,14.3973,II/389/ps1_dr2
135050857620767138,85.76206976547,22.54714750687,14.3129,II/389/ps1_dr2
135080858230995488,85.82345116,22.57077926,10.9975,II/389/ps1_dr2
135080858234555641,85.82333373,22.57076831,10.722,II/389/ps1_dr2
135080858356354551,85.83567443,22.57000425,11.987,II/389/ps1_dr2
135070858159742197,85.81596217394,22.55966065297,13.067,II/389/ps1_dr2
135100857904512787,85.79042888399,22.58518714366,14.3599,II/389/ps1_dr2
135110857745627044,85.77464767787,22.59713152149,13.036,II/389/ps1_dr2
135170857858748116,85.78592504104,22.64795110243,13.8355,II/389/ps1_dr2
134870861555452429,86.15553464479,22.39324455803,14.313,II/389/ps1_dr2
134890861290253674,86.12901906919,22.41095172754,14.0282,II/389/ps1_dr2
134880860952544728,86.09526876587,22.40350442378,12.145,II/389/ps1_dr2
134930860671211343,86.0671464113,22.44235683262,13.3606,II/389/ps1_dr2
134930860683081989,86.06830308073,22.44287047991,14.3991,II/389/ps1_dr2
134920860756302292,86.07562763963,22.43478624179,14.6291,II/389/ps1_dr2
134940862021270961,86.20223303255,22.45041766382,12.906,II/389/ps1_dr2
134940862376934798,86.23768744299,22.45353446652,14.968,II/389/ps1_dr2
134990862254360271,86.22528122,22.49161347,11.472,II/389/ps1_dr2
135030862770631397,86.27705414065,22.52571956792,14.6595,II/389/ps1_dr2
135010862047297742,86.20471552998,22.5143293572,14.0745,II/389/ps1_dr2
135020861536735987,86.1535928,22.52110727,11.6158,II/389/ps1_dr2
135020861539595721,86.15418795,22.52102321,13.2506,II/389/ps1_dr2
135030862321105708,86.23210164095,22.52931131013,14.0065,II/389/ps1_dr2
135060862423014093,86.24229746949,22.55296278536,14.8072,II/389/ps1_dr2
134960860592839649,86.05929596762,22.47427554456,13.059,II/389/ps1_dr2
134980860592495062,86.05925452856,22.48710932542,14.2449,II/389/ps1_dr2
135020861130832323,86.11308564393,22.51816435161,13.8947,II/389/ps1_dr2
135020861130822321,86.11306862834,22.51814829718,13.8953,II/389/ps1_dr2
135000860557130463,86.05569963508,22.49992505602,13.4151,II/389/ps1_dr2
135030859829382459,85.98294187228,22.52658902244,14.3874,II/389/ps1_dr2
135050860617111575,86.06170021594,22.54251606091,14.8339,II/389/ps1_dr2
135050860423029766,86.04230398018,22.54936060675,13.8488,II/389/ps1_dr2
135070860408500669,86.04087931421,22.55847162423,12.885,II/389/ps1_dr2
135060861033688517,86.10336824475,22.55664106715,14.6091,II/389/ps1_dr2
135080861252452726,86.12515351185,22.56851413587,14.9772,II/389/ps1_dr2
135090862076169250,86.20761634033,22.58225476296,14.418,II/389/ps1_dr2
135170861137441451,86.11374209044,22.64244034898,13.6727,II/389/ps1_dr2
135170861493855906,86.14936704712,22.64614085709,14.6882,II/389/ps1_dr2
135040863067098413,86.30671925506,22.53988577109,14.4565,II/389/ps1_dr2
135060863417890573,86.34186192085,22.55003962855,13.5292,II/389/ps1_dr2
135060863549445893,86.35493962328,22.55445063256,14.9868,II/389/ps1_dr2
135070862656135312,86.2656429515,22.56232576914,13.192,II/389/ps1_dr2
135100862592801217,86.25928485217,22.58390426702,13.371,II/389/ps1_dr2
135100862579440609,86.25794112864,22.5833892123,14.0737,II/389/ps1_dr2
135140862995714715,86.29955407866,22.62014343664,14.4518,II/389/ps1_dr2
135160863634582161,86.36343094052,22.63467782193,14.3128,II/389/ps1_dr2
135200862956160642,86.29557535,22.66677892,12.8408,II/389/ps1_dr2
135200862955050298,86.29543328,22.66650473,12.4182,II/389/ps1_dr2
135190862958679658,86.29608033,22.66601209,11.902,II/389/ps1_dr2
135230862582350119,86.25822201226,22.69131596431,14.2267,II/389/ps1_dr2
135240862663478963,86.26634798927,22.70702822615,13.617,II/389/ps1_dr2
135160861740765039,86.17407436395,22.6370793613,13.338,II/389/ps1_dr2
135160861690596456,86.16904394099,22.63826459724,14.3709,II/389/ps1_dr2
135250861948220584,86.19479520733,22.70836814747,14.7138,II/389/ps1_dr2
135240863172509881,86.31725210733,22.70778713452,13.4063,II/389/ps1_dr2
135260863312104544,86.33118943473,22.71999629165,14.3274,II/389/ps1_dr2
135220862867029075,86.28666957168,22.69045049162,12.779,II/389/ps1_dr2
135030859725971406,85.97260300721,22.52571040175,14.5344,II/389/ps1_dr2
135060859380007239,85.93795583,22.55555035,10.517,II/389/ps1_dr2
135060859376987103,85.93782863,22.55544166,9.843,II/389/ps1_dr2
135080859908233013,85.99085180748,22.56871941994,13.8164,II/389/ps1_dr2
135110860147372201,86.01478712393,22.59308527175,14.244,II/389/ps1_dr2
135130860154640963,86.01546753313,22.60867453228,14.8331,II/389/ps1_dr2
135110859312537496,85.93126706,22.59762264,11.4889,II/389/ps1_dr2
135110859313637854,85.931284,22.597692,11.357,II/389/ps1_dr2
135100859398966681,85.93990231262,22.58845642652,13.5911,II/389/ps1_dr2
135100859153799968,85.91542749505,22.59120968081,13.475,II/389/ps1_dr2
135130859312025717,85.93121204542,22.6126354397,14.7525,II/389/ps1_dr2
135130860416678226,86.04166044774,22.61472872512,14.3159,II/389/ps1_dr2
135150860435090808,86.04353382636,22.6252304629,14.7636,II/389/ps1_dr2
135150860354289435,86.03544418493,22.63242533887,13.1934,II/389/ps1_dr2
135140860143605017,86.01437336473,22.62039305529,13.898,II/389/ps1_dr2
135150860354399434,86.03545081285,22.63242818267,13.154,II/389/ps1_dr2
135200861140141243,86.11402317278,22.66724353147,14.297,II/389/ps1_dr2
135200861199285776,86.11992657001,22.67104040694,14.0107,II/389/ps1_dr2
135230860715341537,86.07160366,22.69252336,11.472,II/389/ps1_dr2
135230860829117714,86.08292290083,22.69765903984,14.6044,II/389/ps1_dr2
135180859976446772,85.99769845287,22.65518450005,14.7763,II/389/ps1_dr2
135170860128239001,86.0128258257,22.64871812455,14.8187,II/389/ps1_dr2
135210859713483143,85.97142009776,22.67721449369,12.97,II/389/ps1_dr2
135210859919993969,85.99199919553,22.67785152601,14.0245,II/389/ps1_dr2
135230860731077850,86.07313064,22.69774983,11.895,II/389/ps1_dr2
135160858907720898,85.89076559368,22.63360636011,14.3648,II/389/ps1_dr2
135170859099476206,85.90993862063,22.64637734299,14.4382,II/389/ps1_dr2
135180859186725644,85.91867502437,22.65424792644,14.1347,II/389/ps1_dr2
135190859441609772,85.94414916,22.66596515,10.748,II/389/ps1_dr2
135180858842638767,85.88425738726,22.65685751714,14.2441,II/389/ps1_dr2
135190858849757742,85.88496713743,22.66432538583,14.2533,II/389/ps1_dr2
135220859200062560,85.91999940562,22.68500144632,14.7997,II/389/ps1_dr2
135240858726796467,85.8726706657,22.70491538678,14.9008,II/389/ps1_dr2
135270858592196769,85.85920439036,22.73017446039,14.612,II/389/ps1_dr2
135210859575522930,85.95755182394,22.67698456992,13.9839,II/389/ps1_dr2
135250859777434283,85.97793205,22.71150559,11.909,II/389/ps1_dr2
135260859453956496,85.94540196818,22.72161708728,14.1662,II/389/ps1_dr2
135260859697639879,85.96975797426,22.72443732808,14.8899,II/389/ps1_dr2
135300860324748412,86.03246992058,22.75654355063,14.2733,II/389/ps1_dr2
135300859451741498,85.94517797636,22.75080305874,14.2897,II/389/ps1_dr2
135300859486717455,85.94866580463,22.75574712988,14.6877,II/389/ps1_dr2
135300859453541918,85.94518497,22.75080392,14.3053,II/389/ps1_dr2
135320859085716218,85.90866021366,22.77142959906,12.6,II/389/ps1_dr2
135350859303816530,85.93036171222,22.79664208431,12.812,II/389/ps1_dr2
135210861220746598,86.12209183902,22.68007538447,14.6531,II/389/ps1_dr2
135250861417531986,86.14173314312,22.70954322448,12.383,II/389/ps1_dr2
135310862073263371,86.20725496,22.76072939,12.788,II/389/ps1_dr2
135310861620416757,86.16205574,22.76349707,12.56,II/389/ps1_dr2
135320861621600597,86.16215756868,22.76671918155,13.9634,II/389/ps1_dr2
135260860966899651,86.09668735075,22.72425444339,14.5958,II/389/ps1_dr2
135270860759683971,86.075959847,22.72786058312,12.979,II/389/ps1_dr2
135270860765177102,86.07651297388,22.73046110396,13.7575,II/389/ps1_dr2
135280860802454986,86.08024711664,22.73703962311,14.7657,II/389/ps1_dr2
135290860719650594,86.07195178762,22.74171068701,14.4227,II/389/ps1_dr2
135320861278070841,86.12809284,22.76707191,11.7561,II/389/ps1_dr2
135310861194789700,86.11947992986,22.76596112646,13.9995,II/389/ps1_dr2
135350862377483234,86.23774824692,22.79389624116,13.406,II/389/ps1_dr2
135360862006883874,86.20071592784,22.80279244846,13.255,II/389/ps1_dr2
135340861930729536,86.19305628423,22.79082275946,14.6971,II/389/ps1_dr2
135400862080267822,86.20801328582,22.8393985157,14.9563,II/389/ps1_dr2
135360860627499228,86.06279627131,22.80726463208,12.345,II/389/ps1_dr2
135370860713937113,86.07138449744,22.81379304855,14.7826,II/389/ps1_dr2
135390860909749537,86.09096729484,22.83248457169,14.1353,II/389/ps1_dr2
135430860948863590,86.09494722904,22.86066243933,14.2727,II/389/ps1_dr2
135420861002059311,86.10019583694,22.85729760926,14.8897,II/389/ps1_dr2
135370860095431030,86.00957749175,22.80873217008,11.857,II/389/ps1_dr2
135390859805930224,85.98059389665,22.8247201801,14.0809,II/389/ps1_dr2
135400859830829818,85.98311163443,22.84103623865,13.9839,II/389/ps1_dr2
135410859866973257,85.98671682015,22.84390655826,13.86,II/389/ps1_dr2
135420860344826075,86.03444492,22.85454817,12.262,II/389/ps1_dr2
135420860390259157,86.03900131,22.85709474,10.736,II/389/ps1_dr2
135420860386078750,86.03860855,22.85667657,13.7716,II/389/ps1_dr2
135430860681037953,86.06811371141,22.86450165854,13.7139,II/389/ps1_dr2
135440860140235414,86.0141217389,22.87057720813,14.147,II/389/ps1_dr2
135440861601539405,86.16014727174,22.87405485179,14.9939,II/389/ps1_dr2
135480861430043546,86.14300586176,22.90250738566,14.6707,II/389/ps1_dr2
135470860891498559,86.08915656273,22.89832398285,13.251,II/389/ps1_dr2
135500861034344819,86.10342792,22.92028431,10.772,II/389/ps1_dr2
135500861036405085,86.10353715,22.92041171,10.7458,II/389/ps1_dr2
135500861032745365,86.1031542,22.9206939,10.7406,II/389/ps1_dr2
135500861029694493,86.10267159,22.92011168,13.4309,II/389/ps1_dr2
135500861299863497,86.13001003995,22.91914436737,13.394,II/389/ps1_dr2
135510861447045823,86.14474427,22.92940824,11.442,II/389/ps1_dr2
134830854375628758,85.43763470102,22.36527100103,11.593,II/389/ps1_dr2
134830854377999062,85.43782748,22.36550423,13.6593,II/389/ps1_dr2
134870854542367830,85.45424826003,22.39773412043,14.0289,II/389/ps1_dr2
134880854843539777,85.48441925054,22.40768022317,14.3175,II/389/ps1_dr2
134930854493951628,85.4493784018,22.44254477865,14.6021,II/389/ps1_dr2
134920853967742987,85.39678328808,22.43536172806,14.8868,II/389/ps1_dr2
134930853945184864,85.39452564802,22.44525016454,12.277,II/389/ps1_dr2
135010855984282158,85.59841844799,22.50966629148,14.1759,II/389/ps1_dr2
134990855409659926,85.54097438968,22.4994769718,14.1311,II/389/ps1_dr2
134980854798101651,85.4798527854,22.48426247762,13.6745,II/389/ps1_dr2
135030855186859489,85.51870622958,22.53244366233,12.998,II/389/ps1_dr2
135050855451140704,85.5451215853,22.5417966106,14.3083,II/389/ps1_dr2
135060854986172190,85.49853556,22.55144792,13.2546,II/389/ps1_dr2
135070854979688790,85.49800503598,22.56520071715,13.737,II/389/ps1_dr2
135070854981297383,85.49815306992,22.56402337288,14.5826,II/389/ps1_dr2
135060854979192781,85.49778743,22.55191252,8.637,II/389/ps1_dr2
134960853230805749,85.32307759217,22.47100638253,14.2849,II/389/ps1_dr2
135010854122701423,85.41229334749,22.50900812534,14.647,II/389/ps1_dr2
135000852894721950,85.2894610664,22.50117907984,14.125,II/389/ps1_dr2
135050853437561816,85.34374574153,22.54273463981,14.2616,II/389/ps1_dr2
135040853193651461,85.31934702194,22.53410692662,11.97,II/389/ps1_dr2
135080853273940169,85.32740543158,22.56636860111,12.946,II/389/ps1_dr2
135050854317874914,85.43179680663,22.54530730693,14.0575,II/389/ps1_dr2
135020854384218996,85.43842515689,22.5236988298,14.2902,II/389/ps1_dr2
135050854558374601,85.45584729124,22.54504147735,14.3264,II/389/ps1_dr2
135080854800729656,85.48010400787,22.5742309558,13.7694,II/389/ps1_dr2
135090854995569206,85.49955734601,22.58220341909,13.487,II/389/ps1_dr2
135110854625701132,85.46263244387,22.59217272663,12.734,II/389/ps1_dr2
135140854683138050,85.46834604168,22.62290834748,14.1364,II/389/ps1_dr2
135070853749926491,85.37500993,22.56326124,13.1552,II/389/ps1_dr2
135090853961941729,85.39619832384,22.57598641217,14.7552,II/389/ps1_dr2
135070853756096423,85.37534317,22.56315104,13.797,II/389/ps1_dr2
135070853752366767,85.37525176,22.56343491,11.741,II/389/ps1_dr2
135070853756126872,85.37543276,22.56367454,13.7042,II/389/ps1_dr2
135110853676031074,85.36766212743,22.59209813424,13.8248,II/389/ps1_dr2
135130854223798874,85.42238515736,22.61526966136,13.303,II/389/ps1_dr2
135020856000382469,85.60009360448,22.51827985031,12.491,II/389/ps1_dr2
135070856313653686,85.63136966578,22.56094241871,14.8238,II/389/ps1_dr2
135060855806856847,85.58043719,22.55540745,12.9646,II/389/ps1_dr2
135060855804646452,85.58052314866,22.55494719161,11.965,II/389/ps1_dr2
135030855831275595,85.58309775127,22.52923498653,14.6326,II/389/ps1_dr2
135080855962167745,85.59621706103,22.57265823696,14.0692,II/389/ps1_dr2
135100856111790317,85.6111799271,22.58314525107,12.722,II/389/ps1_dr2
135090856611983434,85.66115539,22.57750332,13.3276,II/389/ps1_dr2
135090856615063516,85.66147837,22.5774814,11.175,II/389/ps1_dr2
135090856614013068,85.66137999,22.57701506,12.9835,II/389/ps1_dr2
135090856615853879,85.66159758,22.57778043,13.7111,II/389/ps1_dr2
135120856331022766,85.63310648973,22.60184011066,14.0701,II/389/ps1_dr2
135120856291306587,85.62914161284,22.60503205927,14.0125,II/389/ps1_dr2
135110855713376786,85.57134597396,22.59686641231,14.0275,II/389/ps1_dr2
135100855741207761,85.57406493482,22.58933673356,13.6896,II/389/ps1_dr2
135090855874644487,85.58746341871,22.57827209275,14.8024,II/389/ps1_dr2
135110855399498045,85.5399628814,22.5979083078,13.9655,II/389/ps1_dr2
135110855508938487,85.55109091,22.59813151,9.7173,II/389/ps1_dr2
135110855513388506,85.55118589,22.59828168,9.536,II/389/ps1_dr2
135110855519958395,85.55220048,22.59835692,14.2084,II/389/ps1_dr2
135140855655816384,85.56565023208,22.62144945393,14.4824,II/389/ps1_dr2
135120855745013052,85.57450426375,22.60208571699,14.5395,II/389/ps1_dr2
135110855513758869,85.5514112,22.5986674,10.1315,II/389/ps1_dr2
135130856197531856,85.61975484085,22.60941511382,14.8764,II/389/ps1_dr2
135130855884966235,85.58848070769,22.61305416389,13.7945,II/389/ps1_dr2
135180856026579416,85.60267416702,22.65738034916,13.9074,II/389/ps1_dr2
135130856956856947,85.69564326777,22.6136692192,13.145,II/389/ps1_dr2
135130856950825571,85.6950751831,22.6125133548,13.13,II/389/ps1_dr2
135140857145493501,85.71454599785,22.61911869569,14.2739,II/389/ps1_dr2
135150857011427902,85.70114176843,22.63111157778,14.8805,II/389/ps1_dr2
135180856926205644,85.69266972476,22.65426804688,13.439,II/389/ps1_dr2
135170857012247216,85.70124421841,22.64722899339,13.418,II/389/ps1_dr2
135210857583671390,85.758409,22.675682,8.008,II/389/ps1_dr2
135210857587560932,85.75878372,22.67525693,13.1282,II/389/ps1_dr2
135210857578882045,85.75798116,22.67621553,13.1783,II/389/ps1_dr2
135260856633604516,85.66337008406,22.71996669505,14.0719,II/389/ps1_dr2
135150855120031617,85.5120455325,22.62589569424,14.1887,II/389/ps1_dr2
135190855176911740,85.51775039,22.65924897,13.598,II/389/ps1_dr2
135210855375588094,85.53756313,22.68125541,11.121,II/389/ps1_dr2
135210855490933961,85.54910816963,22.67783280988,12.92,II/389/ps1_dr2
135230855657317247,85.56574893424,22.6972422833,14.5765,II/389/ps1_dr2
135170854837679142,85.48380077747,22.64883082812,11.911,II/389/ps1_dr2
135160854799309467,85.47995998,22.64065294,11.109,II/389/ps1_dr2
135190854855246206,85.48554330545,22.66304012517,13.9791,II/389/ps1_dr2
135210854691099348,85.46912420625,22.68231997636,14.7688,II/389/ps1_dr2
135220854574446189,85.45751376,22.68791787,8.3489,II/389/ps1_dr2
135220854581955780,85.45825364,22.68780175,13.7361,II/389/ps1_dr2
135220854573215799,85.45740006,22.68771282,8.807,II/389/ps1_dr2
135220854574855513,85.45734373,22.6874904,8.75,II/389/ps1_dr2
135230854963004758,85.49632166673,22.69515805257,14.6501,II/389/ps1_dr2
135230855994354437,85.59945126908,22.6948985609,14.0889,II/389/ps1_dr2
135270855876619689,85.58768587708,22.73261059516,13.258,II/389/ps1_dr2
135250856003788492,85.60040800771,22.71494487763,13.6839,II/389/ps1_dr2
135260856465707201,85.64661483371,22.72213259252,11.847,II/389/ps1_dr2
135300856786376367,85.67872865032,22.75488081482,13.024,II/389/ps1_dr2
135320856669359070,85.66686001,22.77367561,10.531,II/389/ps1_dr2
135320856668228749,85.66675071,22.77354762,11.4736,II/389/ps1_dr2
135300855265412744,85.5265656392,22.7518128094,14.753,II/389/ps1_dr2
135330855530351730,85.55315027535,22.77599741153,12.607,II/389/ps1_dr2
135300856009339867,85.60090989815,22.75775873387,14.413,II/389/ps1_dr2
135310856145847888,85.61461134572,22.76444262164,13.21,II/389/ps1_dr2
135300856012318186,85.60125298481,22.75634549346,14.3593,II/389/ps1_dr2
135350856259585384,85.62594741,22.79567147,11.678,II/389/ps1_dr2
135380856127081713,85.61268924739,22.81760505794,14.444,II/389/ps1_dr2
135380856115861031,85.61159201063,22.81704484988,14.986,II/389/ps1_dr2
135080852577167891,85.25774475,22.57270943,11.288,II/389/ps1_dr2
135090852628563692,85.26283729299,22.57759426069,14.6527,II/389/ps1_dr2
135080852576707489,85.25768708,22.57250834,11.65,II/389/ps1_dr2
135110853249530077,85.32489518,22.5912624,11.51,II/389/ps1_dr2
135120852777252239,85.27773530268,22.60142840987,13.387,II/389/ps1_dr2
135070852076712713,85.20764865383,22.56014313131,14.6506,II/389/ps1_dr2
135120851952486968,85.19523867097,22.60534824989,14.8338,II/389/ps1_dr2
135140852147034909,85.21469575234,22.62027037392,14.2035,II/389/ps1_dr2
135120851974019161,85.19739086032,22.60717564327,14.7799,II/389/ps1_dr2
135160852213114204,85.22130974451,22.63638420772,13.8649,II/389/ps1_dr2
135170853221250744,85.32190252,22.64170156,11.505,II/389/ps1_dr2
135170853220551145,85.32207524,22.64207727,11.373,II/389/ps1_dr2
135200854174956039,85.41750666222,22.67122840916,14.7766,II/389/ps1_dr2
135190852859493156,85.28604791,22.66050307,10.543,II/389/ps1_dr2
135190852859852800,85.28583516,22.6600861,11.1313,II/389/ps1_dr2
135210852880458528,85.28805536479,22.68167073371,12.477,II/389/ps1_dr2
135130851840120968,85.18396740442,22.60868219588,14.5612,II/389/ps1_dr2
135250852087891027,85.20880681242,22.7087451944,13.5741,II/389/ps1_dr2
135240851245954673,85.12458422163,22.70343936352,13.7992,II/389/ps1_dr2
135240851731755464,85.17309854489,22.70407188298,12.196,II/389/ps1_dr2
135230852365200779,85.23650052872,22.69186047501,14.7143,II/389/ps1_dr2
135230852806574143,85.28066741342,22.69466635031,14.7121,II/389/ps1_dr2
135270852406137104,85.24059270463,22.7304651922,14.9186,II/389/ps1_dr2
135300853032815204,85.30319552,22.75399815,12.0516,II/389/ps1_dr2
135300853027284408,85.30288004,22.75317752,14.3563,II/389/ps1_dr2
135300853029004828,85.30263501,22.75374659,10.5295,II/389/ps1_dr2
135320853005673139,85.30054947264,22.76880967798,14.9195,II/389/ps1_dr2
135280852381357518,85.23811977069,22.73914315166,14.4502,II/389/ps1_dr2
135300851911119180,85.19110402609,22.75720037976,14.6381,II/389/ps1_dr2
135340852107711030,85.21103628,22.78373807,14.4501,II/389/ps1_dr2
135340852103440540,85.21038247,22.78334372,11.5784,II/389/ps1_dr2
135340852559697703,85.25599850169,22.78929474095,13.7731,II/389/ps1_dr2
135340852155644919,85.21555038417,22.78696872664,14.8272,II/389/ps1_dr2
135370852665062408,85.26649477443,22.80987155437,14.1766,II/389/ps1_dr2
135370852397783393,85.23980247861,22.81069147878,13.9939,II/389/ps1_dr2
135280854858520160,85.48586860354,22.73299065346,14.788,II/389/ps1_dr2
135310854941902802,85.49421296041,22.76018418204,13.9133,II/389/ps1_dr2
135290854475677861,85.44758667603,22.74774174429,14.5881,II/389/ps1_dr2
135300854657697674,85.46581066494,22.75591924232,12.489,II/389/ps1_dr2
135340854294336257,85.42947969931,22.78809121966,13.4816,II/389/ps1_dr2
135340853984407147,85.39843842763,22.78880574609,12.996,II/389/ps1_dr2
135330854017823855,85.40180021354,22.77774201904,14.2974,II/389/ps1_dr2
135360855527850613,85.55280915,22.8000446,12.1673,II/389/ps1_dr2
135380855564671302,85.55648153194,22.8172701851,14.5525,II/389/ps1_dr2
135380855719030193,85.57192394676,22.81634517362,14.1208,II/389/ps1_dr2
135360855524760219,85.55261442,22.79974482,11.451,II/389/ps1_dr2
135390855499324729,85.54999362977,22.82842734835,13.5207,II/389/ps1_dr2
135410855782149496,85.57838522,22.84910096,11.755,II/389/ps1_dr2
135420855688010994,85.56895502,22.85034004,12.482,II/389/ps1_dr2
135410855784999999,85.57851346,22.84951746,12.9124,II/389/ps1_dr2
135390855016084442,85.50162531702,22.82822139249,14.5084,II/389/ps1_dr2
135390854610423422,85.46108811274,22.8273664642,12.526,II/389/ps1_dr2
135440854755797952,85.47564639434,22.87285063152,13.227,II/389/ps1_dr2
135470855050799731,85.50508089483,22.89928432082,14.2404,II/389/ps1_dr2
135470854983793458,85.49839114534,22.89406028769,14.3462,II/389/ps1_dr2
135320853529371877,85.35295029798,22.76777325578,14.0398,II/389/ps1_dr2
135320853432574490,85.34327542445,22.76995417865,12.892,II/389/ps1_dr2
135340853086684797,85.30867433448,22.78684732014,12.77,II/389/ps1_dr2
135370853594608431,85.35946732416,22.81489519994,14.3946,II/389/ps1_dr2
135390853870770131,85.38705931449,22.82463031836,14.0817,II/389/ps1_dr2
135390853379619139,85.3379838137,22.83214856059,12.604,II/389/ps1_dr2
135410852968592862,85.29682870148,22.8435755102,13.6477,II/389/ps1_dr2
135420852877169885,85.28771064279,22.85777893246,14.8953,II/389/ps1_dr2
135410854372730130,85.43726821837,22.84129134356,14.6146,II/389/ps1_dr2
135440854453734163,85.44537573,22.8697574,8.5789,II/389/ps1_dr2
135440854464584148,85.44638694,22.86951979,13.8102,II/389/ps1_dr2
135440854516519816,85.45172068957,22.87440306536,13.354,II/389/ps1_dr2
135440854613593524,85.46141840737,22.86915070079,14.6466,II/389/ps1_dr2
135460854517529977,85.452023,22.891226,10.8669,II/389/ps1_dr2
135440854446664158,85.44466331,22.8696111,13.377,II/389/ps1_dr2
135470854522600163,85.45207861,22.89130335,10.859,II/389/ps1_dr2
135450854242659530,85.42424694001,22.88243491605,12.928,II/389/ps1_dr2
135500854478172556,85.44783051895,22.91831847299,14.8603,II/389/ps1_dr2
135510853947236587,85.39470074022,22.93000730158,12.461,II/389/ps1_dr2
135490853840888654,85.38381591,22.91509227,12.0971,II/389/ps1_dr2
135490853843468229,85.38466313,22.91486332,13.7966,II/389/ps1_dr2
135540854149536273,85.41495572414,22.95474982395,14.8009,II/389/ps1_dr2
135240857891951092,85.78905426,22.70071903,9.3772,II/389/ps1_dr2
135240857896801157,85.78966661,22.70032121,9.3041,II/389/ps1_dr2
135240857900520045,85.79010209,22.69952691,13.9618,II/389/ps1_dr2
135240857887390849,85.78880633,22.70022182,13.3632,II/389/ps1_dr2
135300858011645671,85.80123537376,22.75430555902,12.779,II/389/ps1_dr2
135280857249556740,85.72494863988,22.73848304303,13.461,II/389/ps1_dr2
135310857358438613,85.73582850322,22.76503016981,14.8864,II/389/ps1_dr2
135310857434741866,85.74348043561,22.7594328677,13.8275,II/389/ps1_dr2
135360857536982365,85.75372038113,22.80150365864,13.293,II/389/ps1_dr2
135320858693146787,85.86932535935,22.77185757886,13.8761,II/389/ps1_dr2
135340858824193080,85.88240567488,22.785433281,13.9923,II/389/ps1_dr2
135370859040028239,85.90399166471,22.81472962421,14.8052,II/389/ps1_dr2
135380858278430590,85.82780056139,22.81666879917,14.704,II/389/ps1_dr2
135400858580545044,85.85806171332,22.83704009662,13.9987,II/389/ps1_dr2
135380858036883877,85.803673319,22.81942958781,14.8125,II/389/ps1_dr2
135380857949856943,85.79496980972,22.82198678902,14.5948,II/389/ps1_dr2
135400858710984217,85.87109137137,22.83638866453,13.7875,II/389/ps1_dr2
135450858399558002,85.84000339,22.88122732,12.126,II/389/ps1_dr2
135480858702706661,85.87036688913,22.90512224003,13.151,II/389/ps1_dr2
135330857037912827,85.70380065489,22.77686958967,14.2795,II/389/ps1_dr2
135350856893561706,85.68936532896,22.7926182539,13.458,II/389/ps1_dr2
135360857257507608,85.72573664858,22.80587326767,14.7538,II/389/ps1_dr2
135380857370040092,85.73699367961,22.8162830334,14.4846,II/389/ps1_dr2
135390857297887436,85.72977744591,22.83073478577,14.2404,II/389/ps1_dr2
135390856497447307,85.64979554591,22.83062706528,12.213,II/389/ps1_dr2
135380856140899438,85.61410476825,22.82405213601,13.302,II/389/ps1_dr2
135410856473773465,85.64739393554,22.8440699496,13.321,II/389/ps1_dr2
135410856950384168,85.69506810913,22.84469189902,13.4522,II/389/ps1_dr2
135420856880340420,85.68809585381,22.84987247858,13.269,II/389/ps1_dr2
135430857114081325,85.71140065052,22.85896762785,14.9942,II/389/ps1_dr2
135470856748332689,85.67489931668,22.8934370254,13.067,II/389/ps1_dr2
135460856784035650,85.6783973827,22.8875667202,14.9949,II/389/ps1_dr2
135430858046301023,85.80462033379,22.85871519166,14.9806,II/389/ps1_dr2
135480858301563273,85.83024797897,22.90230468218,12.847,II/389/ps1_dr2
135480858401418057,85.84013308457,22.90624104337,14.5487,II/389/ps1_dr2
135450857433966400,85.74344557755,22.87987455713,12.63,II/389/ps1_dr2
135480857364549458,85.73645422,22.90753211,9.564,II/389/ps1_dr2
135480857366279754,85.73657653,22.90761684,8.9643,II/389/ps1_dr2
135480857361299406,85.73607905,22.90727725,9.8109,II/389/ps1_dr2
135500857818971512,85.7820107,22.91742962,11.1189,II/389/ps1_dr2
135500857811851047,85.78122602,22.916807,13.6865,II/389/ps1_dr2
135500857818181931,85.78185536,22.91769587,11.9954,II/389/ps1_dr2
135400859584926370,85.95852650035,22.83822617059,13.236,II/389/ps1_dr2
135440859627846325,85.96256916997,22.87132249809,14.8687,II/389/ps1_dr2
135440859625306125,85.96256780921,22.87131690711,14.888,II/389/ps1_dr2
135460860079326790,86.00793667925,22.8885150051,14.8818,II/389/ps1_dr2
135550859734447236,85.97347993427,22.96389548938,13.4823,II/389/ps1_dr2
135550859722088445,85.97220958923,22.96489377883,14.652,II/389/ps1_dr2
135550859615819071,85.96158506548,22.96541267476,14.8485,II/389/ps1_dr2
135530860579393456,86.05797638862,22.94405598594,13.7983,II/389/ps1_dr2
135530860179478054,86.01795477512,22.94789706472,14.6519,II/389/ps1_dr2
135570860541135447,86.05413690934,22.97905764119,14.8551,II/389/ps1_dr2
135570860723080128,86.07231263389,22.97464071254,14.6938,II/389/ps1_dr2
135570860958347285,86.09583289942,22.98060946063,12.586,II/389/ps1_dr2
135620860808942540,86.08090899314,23.0183116856,13.5061,II/389/ps1_dr2
135530858648944939,85.86497531,22.94525497,10.663,II/389/ps1_dr2
135580859157947021,85.91560094,22.98886285,10.4857,II/389/ps1_dr2
135580859161317172,85.916081,22.988804,9.701,II/389/ps1_dr2
135580859164656799,85.916574,22.98852749,10.2279,II/389/ps1_dr2
135620859118901523,85.91196052837,23.01743995743,14.8127,II/389/ps1_dr2
135630858710688228,85.87105823631,23.03137962432,13.378,II/389/ps1_dr2
135640859794751019,85.97953895758,23.03373671841,13.038,II/389/ps1_dr2
135660859410808708,85.94107083146,23.05678234548,13.9454,II/389/ps1_dr2
135700860163551541,86.01636251568,23.08413948347,14.5546,II/389/ps1_dr2
135700860132146227,86.01321642369,23.088046393,14.9514,II/389/ps1_dr2
135660858978002422,85.8978233608,23.05155457755,14.4347,II/389/ps1_dr2
135690859236329314,85.92363021925,23.08227117295,14.0098,II/389/ps1_dr2
135690859545267770,85.95452513969,23.08099818592,14.4013,II/389/ps1_dr2
135740859716822572,85.97180348,23.11835545,12.295,II/389/ps1_dr2
135740859712443100,85.97122708914,23.11876875847,13.1454,II/389/ps1_dr2
135730859172277644,85.91722662178,23.11422611426,14.3082,II/389/ps1_dr2
135740859377405507,85.93767315,23.12060099,9.883,II/389/ps1_dr2
135740859383795396,85.93830188,23.12067374,14.1692,II/389/ps1_dr2
135740859375314719,85.93754109,23.12011316,11.6427,II/389/ps1_dr2
135520855611091454,85.56111156185,22.93405662045,14.1341,II/389/ps1_dr2
135510855622481277,85.56226398882,22.92558330591,14.432,II/389/ps1_dr2
135560855925854906,85.59263014767,22.97028151613,14.8539,II/389/ps1_dr2
135570856966693245,85.69666976871,22.97723985734,14.313,II/389/ps1_dr2
135560856812691845,85.68126587294,22.96773436855,14.7458,II/389/ps1_dr2
135560857366581768,85.73662154293,22.96764562514,11.923,II/389/ps1_dr2
135590856368284944,85.63682471434,22.9953096928,11.866,II/389/ps1_dr2
135610856293083358,85.62921164,23.01066637,11.6493,II/389/ps1_dr2
135630856508466487,85.65100751,23.02971261,14.1553,II/389/ps1_dr2
135630856504486433,85.65026269,23.03011993,14.1622,II/389/ps1_dr2
135610856835507121,85.6835489718,23.01379666589,13.418,II/389/ps1_dr2
135630857338129997,85.73381770799,23.03284285755,14.479,II/389/ps1_dr2
135640857037672950,85.70376756869,23.03530957839,14.7694,II/389/ps1_dr2
135600855584951006,85.55850591951,23.00037224952,14.8897,II/389/ps1_dr2
135590855103218567,85.51026342,22.99853646,11.0766,II/389/ps1_dr2
135600854968699446,85.49691619212,23.00738990436,12.704,II/389/ps1_dr2
135580854421436492,85.44218332611,22.98827774732,14.127,II/389/ps1_dr2
135610855271906658,85.52736525,23.01334727,10.4388,II/389/ps1_dr2
135610855274506928,85.5273833,23.01353189,10.175,II/389/ps1_dr2
135610855354973876,85.53551534847,23.01109050646,14.7986,II/389/ps1_dr2
135610855274747287,85.52730543,23.01407477,11.5372,II/389/ps1_dr2
135640854806741184,85.48069691163,23.0338451253,14.4744,II/389/ps1_dr2
135670855020721313,85.50211339941,23.05896686694,14.3194,II/389/ps1_dr2
135610856203933532,85.62040807321,23.01080856492,12.51,II/389/ps1_dr2
135660856005888113,85.60060265987,23.05629113691,14.8248,II/389/ps1_dr2
135700855287650777,85.52882753726,23.08351535542,12.784,II/389/ps1_dr2
135700856191416939,85.61909398173,23.08869360667,13.475,II/389/ps1_dr2
135700856197836244,85.61976861441,23.08809882397,13.326,II/389/ps1_dr2
135740855794956364,85.57951450042,23.12150011788,14.6618,II/389/ps1_dr2
135750855895502029,85.58955928059,23.12621297856,12.253,II/389/ps1_dr2
135720855902864495,85.59025513427,23.10328440088,14.1123,II/389/ps1_dr2
135630857739860351,85.77394964106,23.02479764067,13.303,II/389/ps1_dr2
135650857636378513,85.76364562011,23.04827386303,13.786,II/389/ps1_dr2
135650857623706888,85.76233600351,23.04690876472,13.4522,II/389/ps1_dr2
135690858644021332,85.86440285575,23.07562528981,14.9764,II/389/ps1_dr2
135680857833248884,85.78332925366,23.073578859,13.449,II/389/ps1_dr2
135690857645868728,85.76457076723,23.08179618867,13.321,II/389/ps1_dr2
135710857393916180,85.73938499955,23.09634059491,13.369,II/389/ps1_dr2
135690857369935329,85.73699428477,23.07896738492,13.4863,II/389/ps1_dr2
135730858817710503,85.88177240195,23.10826371421,14.3969,II/389/ps1_dr2
135790859236627312,85.92367066,23.1639044,12.255,II/389/ps1_dr2
135780858936977455,85.89369702526,23.15573002449,14.473,II/389/ps1_dr2
135790859102194346,85.91021939709,23.16147228107,14.2109,II/389/ps1_dr2
135750858254845472,85.82546443307,23.12905849373,12.409,II/389/ps1_dr2
135750858390596480,85.8390594896,23.12991066733,13.7572,II/389/ps1_dr2
135790858209641904,85.82097969203,23.15945939332,12.267,II/389/ps1_dr2
135740856771532106,85.6771510438,23.11794147756,12.25,II/389/ps1_dr2
135740856779390807,85.67790532125,23.11691883745,12.821,II/389/ps1_dr2
135780857795965943,85.77958514202,23.15447521626,14.4788,II/389/ps1_dr2
135790856729852249,85.67298524337,23.15973138899,13.9267,II/389/ps1_dr2
135780856768842755,85.67688931656,23.15182700159,14.874,II/389/ps1_dr2
135770856158437138,85.6158651211,23.14714589406,13.67,II/389/ps1_dr2
135810856847718883,85.68477238021,23.18192351912,9.036,II/389/ps1_dr2
135850857182013555,85.71819992854,23.21081379638,13.8663,II/389/ps1_dr2
135830856565198014,85.6565273523,23.19786959574,14.18,II/389/ps1_dr2
135840856857425954,85.68589681707,23.20455499273,13.6171,II/389/ps1_dr2
135810857992804375,85.79927105943,23.17816608559,14.2144,II/389/ps1_dr2
135820857938440262,85.79383111704,23.18307388955,14.4604,II/389/ps1_dr2
135840858304075153,85.83045013,23.20375533,7.201,II/389/ps1_dr2
135870858243731235,85.82438526188,23.22553264531,14.2038,II/389/ps1_dr2
135840858302894707,85.83028058,23.20348473,12.9857,II/389/ps1_dr2
135840858308477415,85.8308404,23.20572114,13.7407,II/389/ps1_dr2
135840858295334235,85.8294526,23.2031689,13.2038,II/389/ps1_dr2
135900857599752824,85.76013726,23.25188223,11.031,II/389/ps1_dr2
135900857600903166,85.75985274,23.25222783,10.5735,II/389/ps1_dr2
135930858044447422,85.80452636,23.28082455,11.3041,II/389/ps1_dr2
135960857680452239,85.7680420797,23.30138705623,14.2995,II/389/ps1_dr2
132910829749990970,82.97485164,20.75889179,12.7235,II/389/ps1_dr2
132910829767282868,82.97680335,20.76026396,8.3414,II/389/ps1_dr2
132910829771672744,82.97704537,20.76021783,9.1023,II/389/ps1_dr2
132920829743912192,82.97437454566,20.76800436218,12.927,II/389/ps1_dr2
132920829774710963,82.97747305676,20.7670153909,14.2241,II/389/ps1_dr2
132910829769313801,82.97658938,20.76101244,13.0189,II/389/ps1_dr2
132950829441787943,82.94417715584,20.79781831166,14.9128,II/389/ps1_dr2
132940829424893769,82.94247537026,20.7859977137,14.0701,II/389/ps1_dr2
132960830072549058,83.00723637,20.80706383,13.079,II/389/ps1_dr2
132980830088751623,83.00886733012,20.8175665073,14.1436,II/389/ps1_dr2
132960830137030845,83.01368980225,20.8002219315,13.2984,II/389/ps1_dr2
132980830182372900,83.01824838889,20.81863692904,14.7901,II/389/ps1_dr2
132970830475519020,83.04755325129,20.81540589947,14.6797,II/389/ps1_dr2
132970829919425416,82.99193924642,20.81239696459,14.3798,II/389/ps1_dr2
133010829999980015,83.00001978249,20.84122951472,14.7246,II/389/ps1_dr2
133010830294365558,83.02944775625,20.84584665525,13.6279,II/389/ps1_dr2
133020830209401606,83.02094489309,20.85088793219,14.5116,II/389/ps1_dr2
133010830000220019,83.00002772202,20.84123132597,14.7324,II/389/ps1_dr2
132980829357216958,82.93571962062,20.82200207638,14.4486,II/389/ps1_dr2
133020829281185218,82.92812386894,20.85387968237,14.1885,II/389/ps1_dr2
132990829640027519,82.96400395787,20.83080006609,13.5681,II/389/ps1_dr2
133040829802303662,82.98023366989,20.86926185371,14.9202,II/389/ps1_dr2
133040829549652193,82.95497199861,20.86803419635,13.7883,II/389/ps1_dr2
132990830513083845,83.05131875562,20.82776196497,13.3132,II/389/ps1_dr2
133040830261782470,83.02618960698,20.86826901201,14.9695,II/389/ps1_dr2
133100830775753759,83.07757742621,20.91934113506,13.7481,II/389/ps1_dr2
133090830659353025,83.06594688763,20.91040468602,14.905,II/389/ps1_dr2
133050830307049832,83.03071479308,20.88274747139,13.215,II/389/ps1_dr2
133120830780546569,83.07809659,20.93854792,14.6975,II/389/ps1_dr2
133120830788857664,83.07878136,20.93923807,10.729,II/389/ps1_dr2
133130830447261303,83.04472611776,20.94229434679,14.4543,II/389/ps1_dr2
133040828987237658,82.89872231918,20.87257963961,13.13,II/389/ps1_dr2
133020828609414276,82.86094884452,20.85306980576,13.8398,II/389/ps1_dr2
133050829190087381,82.91894027,20.88054751,12.6769,II/389/ps1_dr2
133050829192467635,82.9192392,20.88081428,12.057,II/389/ps1_dr2
133080829395492045,82.93955201653,20.90124621428,14.8242,II/389/ps1_dr2
133100829359064603,82.93591178274,20.920044797,14.9829,II/389/ps1_dr2
133100829235496263,82.92350223,20.92152629,12.8406,II/389/ps1_dr2
133060828555208586,82.85553238284,20.89001728583,13.9331,II/389/ps1_dr2
133090828552581071,82.85526917145,20.90875414056,14.5814,II/389/ps1_dr2
133070828049419107,82.80496863292,20.89873771882,14.6861,II/389/ps1_dr2
133090828063792559,82.80643341,20.9099069,12.868,II/389/ps1_dr2
133100828946351356,82.89464057391,20.91733079382,14.5608,II/389/ps1_dr2
133100828924291901,82.89244367068,20.91778464634,13.076,II/389/ps1_dr2
133150828869287181,82.88693362759,20.96386022185,14.9389,II/389/ps1_dr2
133120829673627487,82.96736106609,20.93911875908,13.06,II/389/ps1_dr2
133110829907545844,82.99075708444,20.92941128188,14.0241,II/389/ps1_dr2
133120829638867409,82.96391868384,20.93903286737,12.27,II/389/ps1_dr2
133130829504385124,82.95044031957,20.94551775574,14.6537,II/389/ps1_dr2
133130829507085282,82.95047175826,20.945530143,14.8802,II/389/ps1_dr2
133130829682301254,82.96821901,20.9422159,11.498,II/389/ps1_dr2
133160830207642838,83.02076212031,20.96857392908,14.523,II/389/ps1_dr2
133210830208705447,83.02085000093,21.01248857371,14.3431,II/389/ps1_dr2
133230829841373227,82.9843089,21.02727231,12.5833,II/389/ps1_dr2
133230829842143631,82.98420441339,21.02752360702,11.307,II/389/ps1_dr2
133220829624515679,82.96245569618,21.02094903879,14.275,II/389/ps1_dr2
133260829711173710,82.97112000147,21.05263095771,12.918,II/389/ps1_dr2
133100831533102019,83.15319749,20.91790418,12.8089,II/389/ps1_dr2
133100831539980037,83.15401199881,20.91626358113,14.5795,II/389/ps1_dr2
133100831529092281,83.15293504,20.91797945,9.7013,II/389/ps1_dr2
133100831535861806,83.15361227,20.9176751,13.5147,II/389/ps1_dr2
133100831526761659,83.152712,20.917759,9.005,II/389/ps1_dr2
133100831521912876,83.15217549,20.91856845,13.0699,II/389/ps1_dr2
133140831572091445,83.15720867006,20.95080772431,14.7189,II/389/ps1_dr2
133140831606137923,83.16061210823,20.95621713326,14.9385,II/389/ps1_dr2
133120831720092187,83.17202165161,20.93469885771,13.5937,II/389/ps1_dr2
133120831195103540,83.11944376488,20.9358726943,14.3055,II/389/ps1_dr2
133120831151579177,83.11516985501,20.94053657054,14.9155,II/389/ps1_dr2
133160831343881388,83.13437396471,20.96728994339,14.9526,II/389/ps1_dr2
133170832152061779,83.21521346,20.97602172,14.4639,II/389/ps1_dr2
133170832146880557,83.21467738,20.97511754,10.267,II/389/ps1_dr2
133170832149171096,83.21496176,20.97528307,12.2969,II/389/ps1_dr2
133200831797374077,83.17972979952,21.00299372447,14.8092,II/389/ps1_dr2
133210831830810352,83.18307954653,21.00821571047,14.5589,II/389/ps1_dr2
133170831282614681,83.12820209,20.97853292,12.079,II/389/ps1_dr2
133170831284095144,83.12834702,20.97873262,13.1976,II/389/ps1_dr2
133180831319206972,83.13189585129,20.98873487978,14.1696,II/389/ps1_dr2
133190831489516784,83.14894713769,20.99691500773,14.5285,II/389/ps1_dr2
133210831440233578,83.14402181025,21.01091055692,14.8395,II/389/ps1_dr2
133210831285280723,83.12888347,21.00847575,11.5573,II/389/ps1_dr2
133210831289101190,83.12896913,21.00879329,11.1593,II/389/ps1_dr2
133210831288420862,83.12860323,21.00860675,11.008,II/389/ps1_dr2
133230831258941155,83.12588230763,21.02555663139,14.1622,II/389/ps1_dr2
133270831449650923,83.14490651744,21.05868092394,14.2345,II/389/ps1_dr2
133260832718752786,83.27178024365,21.05189991367,13.477,II/389/ps1_dr2
133260833096655446,83.30962841549,21.05412833182,14.5628,II/389/ps1_dr2
133300832635512353,83.26337442413,21.08482123997,12.979,II/389/ps1_dr2
133260831925851214,83.19257981644,21.05057993658,14.9386,II/389/ps1_dr2
133280831955240597,83.19552210411,21.0667557619,14.91,II/389/ps1_dr2
133280831763416971,83.17633408186,21.07205649989,14.7177,II/389/ps1_dr2
133300832184605920,83.21845300255,21.08785110493,14.7174,II/389/ps1_dr2
133310832667206036,83.26668713715,21.09627283451,14.8979,II/389/ps1_dr2
133320832115686209,83.21145402,21.10473311,12.673,II/389/ps1_dr2
133340832280966812,83.22799622047,21.12191724733,12.307,II/389/ps1_dr2
133340832281147382,83.22817857,21.12249383,14.4405,II/389/ps1_dr2
133210830512552317,83.05123829604,21.00986840836,14.6786,II/389/ps1_dr2
133250830580588595,83.05804940962,21.04843484606,14.9302,II/389/ps1_dr2
133290831217226343,83.12175401,21.07978459,13.9174,II/389/ps1_dr2
133290831221266023,83.12207798,21.07953016,13.1681,II/389/ps1_dr2
133290831217095794,83.12172565,21.07943304,11.557,II/389/ps1_dr2
133290831214405494,83.12143977,21.0791313,12.587,II/389/ps1_dr2
133280830850596868,83.08505006841,21.07198834864,14.848,II/389/ps1_dr2
133270830872458597,83.08723055404,21.06508362392,14.5225,II/389/ps1_dr2
133260830246149429,83.02485487,21.05756048,13.7764,II/389/ps1_dr2
133260830248548783,83.0249324,21.05692805,10.3887,II/389/ps1_dr2
133280830325563503,83.03255217343,21.06918621973,14.7152,II/389/ps1_dr2
133260830256399425,83.02554111,21.05749209,12.4572,II/389/ps1_dr2
133270830344675439,83.03465585,21.06234129,14.8813,II/389/ps1_dr2
133260830258349943,83.02578317,21.05788938,14.0475,II/389/ps1_dr2
133270830342735027,83.03433242,21.06218209,14.3055,II/389/ps1_dr2
133260830251789565,83.0251734,21.05738931,11.5234,II/389/ps1_dr2
133290830014245292,83.00142076167,21.07901393095,14.6358,II/389/ps1_dr2
133340830598843009,83.05981824459,21.1187419951,14.0111,II/389/ps1_dr2
133330831348907993,83.13482132783,21.11463017493,13.8281,II/389/ps1_dr2
133390832113641760,83.2113561608,21.15940088989,14.9752,II/389/ps1_dr2
133360831809092393,83.18081756086,21.13501324697,13.7057,II/389/ps1_dr2
133390831805975873,83.18068545,21.1627019,13.5142,II/389/ps1_dr2
133390831809815990,83.18094362828,21.16290856279,12.142,II/389/ps1_dr2
133390831811586292,83.18123506,21.1629204,13.4161,II/389/ps1_dr2
133320831045157465,83.1045048792,21.10581126928,14.5082,II/389/ps1_dr2
133360831338921039,83.1338347818,21.13377064077,14.2844,II/389/ps1_dr2
133390830974333241,83.09730220918,21.16063296565,13.2045,II/389/ps1_dr2
133390830962793716,83.0962820905,21.16102316011,14.3497,II/389/ps1_dr2
133390831371936342,83.13734518,21.16315703,13.7905,II/389/ps1_dr2
133390831377586158,83.1376408,21.16309931,14.0491,II/389/ps1_dr2
133450831518017743,83.15176335679,21.21439209122,13.6519,II/389/ps1_dr2
133440831491310879,83.14911816332,21.20031959026,14.4181,II/389/ps1_dr2
133160828676176001,82.86762412867,20.97120746005,14.9641,II/389/ps1_dr2
133180828735571056,82.87356132088,20.98375302793,14.8896,II/389/ps1_dr2
133170828150682933,82.8150836617,20.97697956582,12.687,II/389/ps1_dr2
133180827125354690,82.71257218313,20.98671590266,14.7112,II/389/ps1_dr2
133180827514353379,82.7514729463,20.98562450739,14.7427,II/389/ps1_dr2
133240827743149602,82.77432309208,21.04086934418,14.4917,II/389/ps1_dr2
133230828576258846,82.85762159774,21.03192189811,14.5518,II/389/ps1_dr2
133230828666340092,82.86663766662,21.02461942032,14.1672,II/389/ps1_dr2
133230828860654136,82.88606818103,21.02798383369,14.7016,II/389/ps1_dr2
133260829335093880,82.93353180533,21.0527803105,13.246,II/389/ps1_dr2
133270829320846805,82.9320988352,21.06354696697,14.3121,II/389/ps1_dr2
133260828869808677,82.88694642,21.05685526,12.939,II/389/ps1_dr2
133270828482378253,82.84822025275,21.06482544664,14.1919,II/389/ps1_dr2
133310828376699513,82.837602,21.098993,12.232,II/389/ps1_dr2
133320828378490131,82.83785244,21.09966444,14.1285,II/389/ps1_dr2
133310828376929131,82.83752956,21.09889061,13.0083,II/389/ps1_dr2
133320828793152153,82.87929450841,21.10141900946,14.3077,II/389/ps1_dr2
133200827101109363,82.71015306514,21.00728383306,14.0257,II/389/ps1_dr2
133220826774799646,82.67751511323,21.02419318576,13.187,II/389/ps1_dr2
133250827644553758,82.76453630736,21.04419665783,12.911,II/389/ps1_dr2
133260827423002497,82.74232034909,21.05161046401,14.6791,II/389/ps1_dr2
133280826872374322,82.68726770459,21.06975384165,14.4764,II/389/ps1_dr2
133290826850193675,82.68504592657,21.07755630171,14.507,II/389/ps1_dr2
133270826892886428,82.68935819446,21.06317911264,13.199,II/389/ps1_dr2
133260826793941390,82.67940517635,21.05070096351,14.3205,II/389/ps1_dr2
133320827243727409,82.72434906776,21.10576989136,14.4191,II/389/ps1_dr2
133320827389060394,82.73889143994,21.09992573578,14.7027,II/389/ps1_dr2
133330826840165656,82.683986657,21.11263388225,14.1483,II/389/ps1_dr2
133330827123817059,82.71236110785,21.11381194199,14.2493,II/389/ps1_dr2
133300827728594948,82.77283771213,21.08706452977,14.2443,II/389/ps1_dr2
133300827766476264,82.77662491464,21.08816079965,14.7679,II/389/ps1_dr2
133350828001976141,82.80011350918,21.12971826649,13.3848,II/389/ps1_dr2
133350827998496485,82.80012226,21.1297128,13.3617,II/389/ps1_dr2
133350828252043239,82.8251720391,21.12730698878,13.347,II/389/ps1_dr2
133340827543883220,82.75437247548,21.11895927425,14.1183,II/389/ps1_dr2
133340827660819096,82.76602989456,21.12384527403,13.237,II/389/ps1_dr2
133370827630421903,82.76302060132,21.14286341142,14.4125,II/389/ps1_dr2
133390827655130674,82.76547932891,21.15850140093,12.942,II/389/ps1_dr2
133390827516697648,82.75164681981,21.16431926132,14.7913,II/389/ps1_dr2
133390827655711030,82.76553507,21.15862898,13.2489,II/389/ps1_dr2
133410828284500092,82.8284242106,21.17469161784,13.8606,II/389/ps1_dr2
133420827911827465,82.79115779315,21.18916460061,14.8921,II/389/ps1_dr2
133280829724669547,82.97241933,21.0742523,12.342,II/389/ps1_dr2
133280829729084964,82.97289176001,21.07041650733,13.401,II/389/ps1_dr2
133340829735680097,82.973589961,21.11629121174,14.3574,II/389/ps1_dr2
133360830411144415,83.04107894438,21.13661133484,13.7054,II/389/ps1_dr2
133380830260742814,83.02603057266,21.15194470275,13.7351,II/389/ps1_dr2
133350830337271411,83.03386530781,21.12568755516,12.8899,II/389/ps1_dr2
133360829852494429,82.98531939788,21.13667807594,13.8002,II/389/ps1_dr2
133370829891760843,82.98916956335,21.14204593837,14.717,II/389/ps1_dr2
133410830115621947,83.01154117772,21.17624451827,12.689,II/389/ps1_dr2
133360829171900738,82.91720250972,21.13350370465,13.8595,II/389/ps1_dr2
133370829690956270,82.96916569155,21.14656504882,12.979,II/389/ps1_dr2
133390829522560065,82.95227866,21.15785141,11.859,II/389/ps1_dr2
133390829774862162,82.97739104149,21.15972276783,12.817,II/389/ps1_dr2
133410829755956871,82.97559234177,21.18026341573,14.81,II/389/ps1_dr2
133450829755928629,82.97556499632,21.21508977876,14.4449,II/389/ps1_dr2
133440829869542251,82.98693150086,21.20148873663,14.9416,II/389/ps1_dr2
133390830406450075,83.04064866094,21.15790671404,14.0903,II/389/ps1_dr2
133430830324967350,83.03247543434,21.19740564628,13.194,II/389/ps1_dr2
133420830596144599,83.05959126744,21.18678562078,11.736,II/389/ps1_dr2
133420830598525395,83.05973927,21.18751213,13.8211,II/389/ps1_dr2
133430830479900799,83.04782067428,21.19187683619,13.5874,II/389/ps1_dr2
133420830593074424,83.05930569,21.18658652,13.9862,II/389/ps1_dr2
133420830594334913,83.05965583,21.18700291,13.8906,II/389/ps1_dr2
133430830475230519,83.04766048,21.19171163,13.8925,II/389/ps1_dr2
133430831044727661,83.1044409036,21.19766004662,14.2854,II/389/ps1_dr2
133490830588463922,83.05879342,21.24451542,12.402,II/389/ps1_dr2
133500830488733253,83.04884502009,21.25231231269,14.8753,II/389/ps1_dr2
133510830332236904,83.03318979035,21.2636838969,14.9985,II/389/ps1_dr2
133390828976243621,82.89797659,21.16102809,13.0851,II/389/ps1_dr2
133420828722795991,82.87228772195,21.18788127788,14.7369,II/389/ps1_dr2
133450829389628600,82.9389322804,21.21511168159,14.2059,II/389/ps1_dr2
133480829439767896,82.94389665986,21.23951276522,14.6956,II/389/ps1_dr2
133460828545616325,82.85457525436,21.22149323273,14.6606,II/389/ps1_dr2
133450828536664668,82.85361932492,21.21184266728,13.9154,II/389/ps1_dr2
133500828288653378,82.82883279773,21.25242748971,13.7665,II/389/ps1_dr2
133490828728582412,82.87281083924,21.24328880571,14.1758,II/389/ps1_dr2
133500828927811023,82.89275282989,21.25046980861,14.8153,II/389/ps1_dr2
133500828655284055,82.86549849397,21.25300504741,14.879,II/389/ps1_dr2
133530828802358641,82.8802009675,21.28181573945,14.4459,II/389/ps1_dr2
133490829744249451,82.97440102994,21.24914416296,14.9266,II/389/ps1_dr2
133490829675818908,82.96755283873,21.2487087203,13.6114,II/389/ps1_dr2
133490829518048202,82.95178107372,21.24812279446,14.9889,II/389/ps1_dr2
133520829590733159,82.95904333273,21.26891508616,14.6321,II/389/ps1_dr2
133500829334847001,82.93345236822,21.25544111716,14.4819,II/389/ps1_dr2
133550830254982032,83.02546263273,21.29293003755,14.2518,II/389/ps1_dr2
133560829730125353,82.97296070954,21.30406525432,13.6085,II/389/ps1_dr2
133520829259366279,82.92590194807,21.27150655885,14.8655,II/389/ps1_dr2
133540829274153128,82.92737386437,21.2855436907,14.6994,II/389/ps1_dr2
133550829255891401,82.92555137014,21.29243893667,14.8105,II/389/ps1_dr2
133560829430395291,82.94299532636,21.30401986442,14.0488,II/389/ps1_dr2
133550829592525516,82.95917514996,21.29586403355,14.2059,II/389/ps1_dr2
133560828904583896,82.89041480058,21.3028540704,13.402,II/389/ps1_dr2
133640829586023889,82.95857455939,21.36952022357,14.9882,II/389/ps1_dr2
133320832919848493,83.29197424878,21.1066530964,14.7622,II/389/ps1_dr2
133350833289861312,83.32901479226,21.12573948235,12.406,II/389/ps1_dr2
133350833276890687,83.32761889554,21.12514676331,13.8028,II/389/ps1_dr2
133350833292811729,83.32927378,21.12595141,13.4061,II/389/ps1_dr2
133340833786285729,83.37861770115,21.12104507066,14.6823,II/389/ps1_dr2
133370833950683727,83.39503689554,21.14440835486,13.9295,II/389/ps1_dr2
133350833441395173,83.34406963199,21.12887420138,13.5473,II/389/ps1_dr2
133350833521979959,83.35221492805,21.13283976107,14.4682,II/389/ps1_dr2
133370832977007084,83.29765610936,21.14714692551,12.314,II/389/ps1_dr2
133370833014208902,83.30137018,21.14866398,12.307,II/389/ps1_dr2
133370832374152695,83.23739917132,21.14352127082,14.4592,II/389/ps1_dr2
133400832792589470,83.27922658287,21.17415838706,14.311,II/389/ps1_dr2
133440833232210608,83.32323765576,21.20005091802,14.4132,II/389/ps1_dr2
133450833199007693,83.31990429353,21.21435879823,14.1222,II/389/ps1_dr2
133440834163922158,83.41656681307,21.20110124968,13.283,II/389/ps1_dr2
133440834165991801,83.41655047032,21.20108149189,13.177,II/389/ps1_dr2
133440834481451316,83.44816075309,21.20063651912,14.9623,II/389/ps1_dr2
133460834689234333,83.46893633974,21.21982064083,14.94,II/389/ps1_dr2
133450834648216515,83.46480064,21.21333931,10.803,II/389/ps1_dr2
133450834649386891,83.46495695,21.21347798,10.8367,II/389/ps1_dr2
133450834258216765,83.42580659202,21.21353689947,14.8136,II/389/ps1_dr2
133460834409739771,83.44095117528,21.22438906842,14.7695,II/389/ps1_dr2
133470834513675129,83.4513041916,21.22883314404,13.9575,II/389/ps1_dr2
133430833693669451,83.36936684047,21.1991493202,14.9971,II/389/ps1_dr2
133450833647798320,83.36470845061,21.21483328831,13.083,II/389/ps1_dr2
133430833667264456,83.3666499964,21.19494962658,14.2802,II/389/ps1_dr2
133470833260201694,83.32601574648,21.22602475965,14.9014,II/389/ps1_dr2
133460833318033446,83.33178906063,21.21914715386,14.7951,II/389/ps1_dr2
133490834113511449,83.41134628196,21.24247233568,14.9964,II/389/ps1_dr2
133510834197118896,83.41969425146,21.26532772733,14.3922,II/389/ps1_dr2
133510834015141564,83.40147611128,21.25922397874,14.1479,II/389/ps1_dr2
133550834157051889,83.41568880501,21.29282941648,14.5137,II/389/ps1_dr2
133390832156431543,83.2154992768,21.15917328821,13.4912,II/389/ps1_dr2
133450832357584174,83.23576796812,21.21136465494,14.793,II/389/ps1_dr2
133470833107533111,83.310829,21.2272428,10.215,II/389/ps1_dr2
133470833110893525,83.31089408,21.22750231,10.3798,II/389/ps1_dr2
133450832480076036,83.24799155706,21.21296384912,13.9672,II/389/ps1_dr2
133450831927446004,83.192671259,21.212919432,14.2334,II/389/ps1_dr2
133420831854076455,83.1854220008,21.18826160531,14.7467,II/389/ps1_dr2
133490831849323552,83.1848846266,21.24429487224,14.0771,II/389/ps1_dr2
133490831923912637,83.19235856206,21.24346453736,13.7988,II/389/ps1_dr2
133500831892198935,83.18917295,21.25702788,12.975,II/389/ps1_dr2
133530832266394364,83.22691039,21.27804288,11.9617,II/389/ps1_dr2
133550832235152366,83.22349045779,21.29323887806,12.218,II/389/ps1_dr2
133550832238542594,83.22375425,21.29337829,13.9221,II/389/ps1_dr2
133530832269874587,83.22704784,21.27831429,13.1458,II/389/ps1_dr2
133520833385212077,83.33848276,21.26798886,12.9663,II/389/ps1_dr2
133510833593572446,83.35933406064,21.25997713933,14.2611,II/389/ps1_dr2
133520833386872468,83.33868676,21.26830327,11.842,II/389/ps1_dr2
133530833347842267,83.33476483617,21.2764888368,14.7972,II/389/ps1_dr2
133550833722203961,83.3722110884,21.29455157487,14.9569,II/389/ps1_dr2
133530833696791884,83.36961573919,21.27615724535,14.2993,II/389/ps1_dr2
133560833524675154,83.35245949294,21.30388364936,14.7848,II/389/ps1_dr2
133550832721772764,83.27219048936,21.2935227839,13.1,II/389/ps1_dr2
133580833199137452,83.31990074423,21.32248407602,14.3243,II/389/ps1_dr2
133620833473032260,83.34730609,21.35143526,11.7438,II/389/ps1_dr2
133610833020231440,83.30198574283,21.3424460777,13.808,II/389/ps1_dr2
133630833365035424,83.3365424,21.36247601,12.736,II/389/ps1_dr2
133490835031387479,83.50310703936,21.24748570433,14.0912,II/389/ps1_dr2
133530835373774846,83.53734461787,21.27862861847,14.2089,II/389/ps1_dr2
133540835522829352,83.55223990942,21.29071628776,14.5508,II/389/ps1_dr2
133530835422273623,83.54220680945,21.27762385402,14.7291,II/389/ps1_dr2
133590835361721548,83.53616315586,21.3258872321,14.7316,II/389/ps1_dr2
133570835440459536,83.54401601229,21.31587724828,13.4804,II/389/ps1_dr2
133540834587709498,83.45873184271,21.29084252459,13.5537,II/389/ps1_dr2
133550834816113809,83.48159235883,21.29444818518,14.7725,II/389/ps1_dr2
133580834866833110,83.48666590795,21.31887098355,12.326,II/389/ps1_dr2
133590834803710458,83.48038397,21.32498371,12.616,II/389/ps1_dr2
133580834799862966,83.47996877882,21.31873507205,13.7967,II/389/ps1_dr2
133600835217120518,83.52170486324,21.33335065783,13.378,II/389/ps1_dr2
133600834732121368,83.47321037257,21.33404008195,13.9455,II/389/ps1_dr2
133640835031517396,83.50321938,21.3723836,11.9374,II/389/ps1_dr2
133640835028656726,83.50282021,21.37199365,11.041,II/389/ps1_dr2
133690836344469706,83.63445553,21.4159715428,14.4902,II/389/ps1_dr2
133650835399183709,83.53988001547,21.37769102932,13.314,II/389/ps1_dr2
133690835340302260,83.53403230676,21.40980526684,13.442,II/389/ps1_dr2
133680835209734143,83.52096893722,21.40305425412,14.8962,II/389/ps1_dr2
133680835406919588,83.54069624861,21.40758023675,14.7672,II/389/ps1_dr2
133680835914278093,83.59142754953,21.40635500221,14.668,II/389/ps1_dr2
133700836091092553,83.60911665226,21.41840287849,14.7251,II/389/ps1_dr2
133700835487376387,83.54878148596,21.42159193747,14.6304,II/389/ps1_dr2
133720835730043600,83.57300884721,21.4359312984,14.8488,II/389/ps1_dr2
133610834198886874,83.41988655152,21.3469757962,14.7492,II/389/ps1_dr2
133610833899689323,83.38993825497,21.34904557936,14.2111,II/389/ps1_dr2
133670834697714854,83.46975229161,21.39531674598,14.3332,II/389/ps1_dr2
133670833921363941,83.39209648937,21.39459867724,14.4854,II/389/ps1_dr2
133660833976806620,83.39767261274,21.38845696529,14.9865,II/389/ps1_dr2
133710834372902943,83.43728325996,21.42708001075,12.755,II/389/ps1_dr2
133740834061105597,83.40610731813,21.45426195514,13.5864,II/389/ps1_dr2
133710835184438724,83.51843981502,21.43187415891,14.0525,II/389/ps1_dr2
133750835185225720,83.51851491866,21.46269662726,14.466,II/389/ps1_dr2
133730834629195549,83.46290666909,21.44589862573,14.3162,II/389/ps1_dr2
133740834503025290,83.45030211197,21.4540030129,14.5154,II/389/ps1_dr2
133740834729566263,83.4729495481,21.45482470856,14.1664,II/389/ps1_dr2
133760834404786537,83.4404970351,21.47171807192,14.1733,II/389/ps1_dr2
133810835089103233,83.50890468189,21.51061063133,13.8278,II/389/ps1_dr2
133810835134151873,83.51342673046,21.50947538095,14.699,II/389/ps1_dr2
133790834859409395,83.4859024,21.49901402,12.633,II/389/ps1_dr2
133500831423904364,83.14230978368,21.25322480335,13.6538,II/389/ps1_dr2
133510831668501761,83.16682255895,21.25940660615,14.5359,II/389/ps1_dr2
133510831751718200,83.17510013,21.26471729,11.038,II/389/ps1_dr2
133520831251857689,83.12513147414,21.27265440951,13.336,II/389/ps1_dr2
133560831904060864,83.19027376452,21.30029159154,13.6207,II/389/ps1_dr2
133550831736979596,83.17367856716,21.29925501573,14.2243,II/389/ps1_dr2
133540830856845151,83.08564535193,21.28721514002,14.5584,II/389/ps1_dr2
133580831164147471,83.11633301426,21.32246987929,13.9106,II/389/ps1_dr2
133560830972628259,83.09723216135,21.30648154622,14.714,II/389/ps1_dr2
133590831294651598,83.12942256198,21.32593113932,14.1592,II/389/ps1_dr2
133610831722804595,83.17224357252,21.34502115873,14.0359,II/389/ps1_dr2
133610831616367390,83.16153729,21.34739092,10.647,II/389/ps1_dr2
133610831612387023,83.16136483,21.34715046,10.6018,II/389/ps1_dr2
133620831522511027,83.15213502283,21.35043171269,12.711,II/389/ps1_dr2
133640831559841061,83.15588628663,21.36713845464,14.185,II/389/ps1_dr2
133590832329498958,83.23295190722,21.33201283747,12.597,II/389/ps1_dr2
133610832088916633,83.20885909,21.34674918,12.9595,II/389/ps1_dr2
133610832082365988,83.20825694,21.34621357,11.6115,II/389/ps1_dr2
133610832085126161,83.20841659,21.34640208,10.468,II/389/ps1_dr2
133610832717517338,83.27174040963,21.34739721876,14.4737,II/389/ps1_dr2
133650832882533625,83.28824383123,21.37763925668,14.898,II/389/ps1_dr2
133660832649248001,83.26504429,21.3897749,14.0004,II/389/ps1_dr2
133660832648457595,83.26480927093,21.38927767584,13.626,II/389/ps1_dr2
133640831832340596,83.18324388,21.36668194,10.128,II/389/ps1_dr2
133640831834990799,83.18357548,21.36673896,12.3371,II/389/ps1_dr2
133640831830930270,83.18310255,21.36651797,10.7174,II/389/ps1_dr2
133670832119925424,83.21199822509,21.39573529054,14.8135,II/389/ps1_dr2
133660831953413504,83.19530911124,21.38585984528,14.1846,II/389/ps1_dr2
133660831678999551,83.16788920558,21.39089470903,14.3915,II/389/ps1_dr2
133650831589920567,83.1589649,21.37507004,11.885,II/389/ps1_dr2
133690831841094119,83.18410057682,21.41137138378,14.8132,II/389/ps1_dr2
133690831865142551,83.18649548783,21.41007217954,14.3723,II/389/ps1_dr2
133690832162237191,83.21623784924,21.41388481357,14.5051,II/389/ps1_dr2
133710832148108274,83.21483318907,21.43144913388,14.7725,II/389/ps1_dr2
133570830562887927,83.05620465066,21.31452006777,13.008,II/389/ps1_dr2
133620830719037246,83.07186590727,21.35565061215,12.859,II/389/ps1_dr2
133650831035503034,83.10353007328,21.37714253772,14.8636,II/389/ps1_dr2
133640830968269930,83.09680668926,21.37455666866,14.2579,II/389/ps1_dr2
133660831090157266,83.10896360199,21.38898992097,14.1005,II/389/ps1_dr2
133650830975809462,83.09757639566,21.38247615921,14.8825,II/389/ps1_dr2
133690831057229760,83.10564663882,21.4160454887,13.5686,II/389/ps1_dr2
133660830967057494,83.09668654948,21.38919407811,13.27,II/389/ps1_dr2
133670830931477652,83.09312451102,21.39765880221,14.5782,II/389/ps1_dr2
133670830181410805,83.01810172864,21.39192861732,13.7553,II/389/ps1_dr2
133690830482191437,83.0481940237,21.40914337938,14.7531,II/389/ps1_dr2
133720830291493291,83.02913280653,21.43567262717,14.8647,II/389/ps1_dr2
133730830643465288,83.06431791259,21.44568447656,14.9719,II/389/ps1_dr2
133670831352914485,83.13515325991,21.39496144016,12.564,II/389/ps1_dr2
133710831272785839,83.12724889818,21.42947433218,13.969,II/389/ps1_dr2
133720831449939203,83.14493121859,21.44058873727,12.109,II/389/ps1_dr2
133780831898162553,83.18969109545,21.48500198954,14.3562,II/389/ps1_dr2
133730831285438469,83.12848449886,21.44831166875,13.7634,II/389/ps1_dr2
133770831530387744,83.15304447919,21.48100483732,12.366,II/389/ps1_dr2
133770831517427040,83.15174283143,21.48042607371,14.031,II/389/ps1_dr2
133820831622294605,83.16223103919,21.52008033733,13.6348,II/389/ps1_dr2
133690833356312295,83.33572008,21.40998458,11.704,II/389/ps1_dr2
133690833359962603,83.33580157,21.41007497,11.1824,II/389/ps1_dr2
133690833351392075,83.33532111,21.40959231,13.1794,II/389/ps1_dr2
133700833380444478,83.33803845783,21.42001256582,14.8824,II/389/ps1_dr2
133710832879028877,83.28788575371,21.43201464608,12.758,II/389/ps1_dr2
133710833119010804,83.31181357,21.42533751,11.241,II/389/ps1_dr2
133710833131571354,83.31308471,21.4256352,13.1506,II/389/ps1_dr2
133710833126421312,83.3128389,21.42577626,10.0867,II/389/ps1_dr2
133750832826443173,83.2824735,21.46028323,11.1012,II/389/ps1_dr2
133750832823912623,83.28249447,21.46031894,11.104,II/389/ps1_dr2
133780833389512173,83.33892634335,21.48475752621,11.77,II/389/ps1_dr2
133820833155547843,83.31553756926,21.52281565256,14.2165,II/389/ps1_dr2
133840833202408652,83.32022285707,21.54016120015,12.489,II/389/ps1_dr2
133820833255827806,83.32556140779,21.52278196145,13.7557,II/389/ps1_dr2
133800834222983765,83.42229814237,21.50272830574,14.5331,II/389/ps1_dr2
133800834254931647,83.42542925,21.50097812,11.461,II/389/ps1_dr2
133790833965998043,83.39657312309,21.49797306477,13.5902,II/389/ps1_dr2
133850834209882438,83.4209828313,21.54330061293,14.3649,II/389/ps1_dr2
133870834309744080,83.43097450134,21.561323297,14.9098,II/389/ps1_dr2
133880833690964172,83.36909388344,21.56975353516,14.9911,II/389/ps1_dr2
133930834001844352,83.40018290289,21.61154631086,13.8597,II/389/ps1_dr2
133800832452761420,83.24524791503,21.50078757938,14.8065,II/389/ps1_dr2
133870832843260211,83.28433076664,21.55811158591,14.8011,II/389/ps1_dr2
133830831770104314,83.17700826025,21.52818833508,14.6219,II/389/ps1_dr2
133880832218921064,83.22187454406,21.56714477854,13.4655,II/389/ps1_dr2
133870832469391591,83.24692430381,21.55926978502,14.382,II/389/ps1_dr2
133910832631452227,83.26312929464,21.59312332601,14.7769,II/389/ps1_dr2
133900832058766843,83.20586038485,21.58863038198,14.8854,II/389/ps1_dr2
133900832224004694,83.22238120698,21.58684673346,13.402,II/389/ps1_dr2
133910832273629079,83.22733608934,21.5988375821,13.371,II/389/ps1_dr2
133870833024467669,83.30242545769,21.56433489987,14.8593,II/389/ps1_dr2
133900833018271321,83.30180299828,21.58404380628,14.8906,II/389/ps1_dr2
133930833654183586,83.36540409843,21.6108972523,13.097,II/389/ps1_dr2
133960833867709019,83.38676471823,21.64042252093,14.3507,II/389/ps1_dr2
133930833766504298,83.37663211342,21.61149314998,13.9544,II/389/ps1_dr2
133950833552591677,83.35525040038,21.62598551727,14.6017,II/389/ps1_dr2
133940833624238202,83.36239991925,21.62308632248,13.6444,II/389/ps1_dr2
133950833265150069,83.32650555175,21.62464127969,14.8576,II/389/ps1_dr2
133960832969452657,83.29687154,21.63510766,11.847,II/389/ps1_dr2
133930832539771453,83.25398056,21.60890069,13.8278,II/389/ps1_dr2
133950832599285969,83.2599327965,21.62953315794,14.6622,II/389/ps1_dr2
133980833438523773,83.34383165195,21.65272800394,14.7836,II/389/ps1_dr2
133990832919505603,83.29189551219,21.66257835584,13.8463,II/389/ps1_dr2
133990833173067060,83.31727896351,21.66379706507,14.5834,II/389/ps1_dr2
134030833229244157,83.3228931752,21.69471750891,14.0278,II/389/ps1_dr2
133300826084514656,82.60848666729,21.08669818741,14.5253,II/389/ps1_dr2
133340826407663836,82.64084710065,21.11935228944,12.93,II/389/ps1_dr2
133350825988190007,82.59888865589,21.12448907944,13.324,II/389/ps1_dr2
133340826127890373,82.6128151995,21.11646759214,12.154,II/389/ps1_dr2
133370826929160002,82.69289062123,21.14126388846,14.0741,II/389/ps1_dr2
133370826240977403,82.62405086689,21.1474289036,14.3083,II/389/ps1_dr2
133320825699886639,82.57002165303,21.10502456,14.7448,II/389/ps1_dr2
133370825655470795,82.56558397263,21.14181875583,13.9665,II/389/ps1_dr2
133370825509319511,82.55095408865,21.14907303067,14.4053,II/389/ps1_dr2
133390825998993290,82.59984784496,21.16066746002,13.237,II/389/ps1_dr2
133410826274888309,82.62747008764,21.18152243122,14.5359,II/389/ps1_dr2
133410826293832514,82.62936051458,21.17669817138,14.0299,II/389/ps1_dr2
133400826323123599,82.63227046651,21.16930011749,14.5943,II/389/ps1_dr2
133420825986637183,82.59863019662,21.18891402538,13.144,II/389/ps1_dr2
133430826866798499,82.68663807148,21.19834788101,13.491,II/389/ps1_dr2
133450826944833690,82.69426122,21.21103452,11.8481,II/389/ps1_dr2
133450827059059539,82.7058871462,21.21589303206,14.8637,II/389/ps1_dr2
133430827597378452,82.75975759749,21.19822479353,14.0113,II/389/ps1_dr2
133450827472392430,82.74719542221,21.20992856782,14.2017,II/389/ps1_dr2
133440827540838181,82.75406652497,21.2064047159,14.9889,II/389/ps1_dr2
133460827648081383,82.76478106277,21.21742194355,14.8906,II/389/ps1_dr2
133480827729054377,82.77287779771,21.2366130969,14.6923,II/389/ps1_dr2
133460827263404576,82.72635389085,21.21999742124,14.3374,II/389/ps1_dr2
133490827397545483,82.73972405,21.24590852,10.791,II/389/ps1_dr2
133490827399076013,82.73986278,21.24601115,12.3059,II/389/ps1_dr2
133500827460657062,82.74604565169,21.25549630246,14.7575,II/389/ps1_dr2
133470826711840377,82.67116035841,21.2249190679,14.8809,II/389/ps1_dr2
133470826745150317,82.67446894576,21.22485294145,13.7255,II/389/ps1_dr2
133450826749194847,82.67489236303,21.21197552319,14.2253,II/389/ps1_dr2
133450826402554949,82.64023443527,21.21205607641,14.1307,II/389/ps1_dr2
133490827251381383,82.72511272295,21.24242757438,14.392,II/389/ps1_dr2
133500827140300226,82.71400546537,21.24978732078,14.9806,II/389/ps1_dr2
133500827240993716,82.72405833848,21.25268119337,13.9091,II/389/ps1_dr2
133510827314866236,82.73146451034,21.26313664222,14.7041,II/389/ps1_dr2
133510827189665413,82.71892943301,21.26244519965,13.6945,II/389/ps1_dr2
133500827238566179,82.72385047744,21.25470058662,12.314,II/389/ps1_dr2
133450825354117039,82.53527444354,21.21374548403,13.142,II/389/ps1_dr2
133450825352047288,82.53529362532,21.21375379945,13.3045,II/389/ps1_dr2
133450825271542616,82.5272279,21.20997447,11.8895,II/389/ps1_dr2
133440824943899489,82.49435988659,21.20750685677,14.3061,II/389/ps1_dr2
133440824708334339,82.47084689,21.20307362,12.583,II/389/ps1_dr2
133420824814724717,82.48152409158,21.18674958433,13.774,II/389/ps1_dr2
133470825012761291,82.50124014939,21.22567240183,14.588,II/389/ps1_dr2
133490825429676755,82.5428880214,21.24688212049,13.8914,II/389/ps1_dr2
133520825442071456,82.54416799383,21.26746784304,14.835,II/389/ps1_dr2
133510825216320510,82.52159698577,21.25836683842,13.038,II/389/ps1_dr2
133520826396728441,82.63964481584,21.27329201233,14.1777,II/389/ps1_dr2
133540826621775708,82.66216245418,21.28769392204,14.1598,II/389/ps1_dr2
133530825771721574,82.57711838871,21.2759043459,14.1652,II/389/ps1_dr2
133550825394814304,82.53951054,21.29476104,14.4776,II/389/ps1_dr2
133560825656800581,82.56566520703,21.30005869885,14.4271,II/389/ps1_dr2
133550825396423474,82.53969958,21.29407282,14.0351,II/389/ps1_dr2
133590826069724571,82.60699716524,21.32829058679,13.7799,II/389/ps1_dr2
133580826126339539,82.61257224814,21.32417672904,13.439,II/389/ps1_dr2
133590826037242033,82.60373442738,21.32620927134,14.9058,II/389/ps1_dr2
133600826567317775,82.65670361921,21.33938077856,13.7722,II/389/ps1_dr2
133620826336023480,82.63353362484,21.35246995373,14.6758,II/389/ps1_dr2
133510827979199059,82.79789094058,21.26549735022,14.2612,II/389/ps1_dr2
133510827867886525,82.78676279,21.26348402,10.9778,II/389/ps1_dr2
133510827863776254,82.78629779,21.26314165,13.5313,II/389/ps1_dr2
133510827678295242,82.76778911386,21.26230334205,13.7312,II/389/ps1_dr2
133510827872426735,82.7871374,21.26335017,14.2571,II/389/ps1_dr2
133560828062120885,82.80622754556,21.30026569152,13.18,II/389/ps1_dr2
133580828206233052,82.82074838,21.31870375,12.7589,II/389/ps1_dr2
133580828209352908,82.82085703,21.31876659,11.899,II/389/ps1_dr2
133540827404617858,82.74041764482,21.28946379905,13.345,II/389/ps1_dr2
133560827595300288,82.75951289869,21.29984969148,14.596,II/389/ps1_dr2
133560827806523829,82.78060939758,21.30279171273,14.0949,II/389/ps1_dr2
133570827289615591,82.72893943292,21.31261965527,13.943,II/389/ps1_dr2
133580827453652314,82.74534212188,21.31817070479,12.208,II/389/ps1_dr2
133580827456002541,82.74561511,21.31833815,13.9177,II/389/ps1_dr2
133580827841841876,82.78418321,21.31782298,10.963,II/389/ps1_dr2
133590828129651589,82.81296172696,21.32591004014,14.6016,II/389/ps1_dr2
133600828291019559,82.82914846,21.34091608,14.0409,II/389/ps1_dr2
133600827587061951,82.75866885644,21.33455490088,13.5573,II/389/ps1_dr2
133620828631626418,82.86314799444,21.35494427296,14.6844,II/389/ps1_dr2
133610828601392717,82.86011505128,21.3435456294,14.2252,II/389/ps1_dr2
133630829189722648,82.91892726759,21.36015173533,14.1744,II/389/ps1_dr2
133630829098674720,82.90984431887,21.36189740075,11.553,II/389/ps1_dr2
133620829129457511,82.91291182668,21.3558855362,14.7201,II/389/ps1_dr2
133670829162139116,82.91613203364,21.39884807169,14.2399,II/389/ps1_dr2
133630828314052731,82.83140434,21.36016715,12.114,II/389/ps1_dr2
133630828315963049,82.83139338,21.36020601,13.1102,II/389/ps1_dr2
133630828507468984,82.85073651892,21.36541380698,14.999,II/389/ps1_dr2
133640828247547464,82.82473620476,21.37248722221,14.6178,II/389/ps1_dr2
133650828056555854,82.80564359278,21.37947332944,14.8375,II/389/ps1_dr2
133670828282400252,82.82830423737,21.3915350891,13.449,II/389/ps1_dr2
133670828847044858,82.88465636,21.39536603,12.6512,II/389/ps1_dr2
133690828775867498,82.87756216147,21.41418866146,14.7089,II/389/ps1_dr2
133670828846295181,82.88467306,21.39537477,12.984,II/389/ps1_dr2
133690828803931507,82.88035617473,21.40920395442,14.429,II/389/ps1_dr2
133700828943950338,82.89437169543,21.41655820776,14.664,II/389/ps1_dr2
133730828646826662,82.86474178,21.44659739,12.3272,II/389/ps1_dr2
133730828649806553,82.86494516,21.4468224,10.477,II/389/ps1_dr2
133710828833418659,82.88331787071,21.43182686308,14.7712,II/389/ps1_dr2
133640827003830770,82.70025014307,21.36681801818,13.255,II/389/ps1_dr2
133660827215484818,82.7215420885,21.3869363053,14.4304,II/389/ps1_dr2
133650827319700321,82.73189889243,21.37483023676,13.7144,II/389/ps1_dr2
133670827433702497,82.74336749301,21.39333319556,14.8074,II/389/ps1_dr2
133700827442110777,82.74424559223,21.41686820942,13.9295,II/389/ps1_dr2
133680827425883357,82.74258120296,21.40237969241,14.7886,II/389/ps1_dr2
133630826757148628,82.67566773407,21.36510130494,13.9343,II/389/ps1_dr2
133640826589055752,82.65888227785,21.37104633809,14.3905,II/389/ps1_dr2
133620826662439639,82.66626577656,21.35756948237,14.1474,II/389/ps1_dr2
133660826648401435,82.66481019948,21.38410552,13.9217,II/389/ps1_dr2
133650826305342297,82.63045429776,21.37647912917,13.343,II/389/ps1_dr2
133660826629954745,82.66301118617,21.38681812364,12.979,II/389/ps1_dr2
133660827091839374,82.70919927413,21.39072789241,14.838,II/389/ps1_dr2
133690827121188555,82.7121029657,21.41502464278,14.3192,II/389/ps1_dr2
133710827315794139,82.7315648,21.42800973,12.232,II/389/ps1_dr2
133690827226461781,82.7226829,21.40942952,11.744,II/389/ps1_dr2
133700827206325749,82.72063092601,21.4210412666,14.584,II/389/ps1_dr2
133730826956812008,82.69565912702,21.44293445515,14.9887,II/389/ps1_dr2
133660827973627418,82.79730678495,21.38910392143,13.8921,II/389/ps1_dr2
133720828120704802,82.81204730388,21.43692449108,12.987,II/389/ps1_dr2
133690827856729161,82.78560775232,21.4155363897,13.244,II/389/ps1_dr2
133710827790156427,82.77898601699,21.42994535901,14.4772,II/389/ps1_dr2
133680827704034362,82.77038741124,21.4032177124,13.463,II/389/ps1_dr2
133730828125662921,82.81253375943,21.44368458074,13.9556,II/389/ps1_dr2
133760828445201052,82.84451522028,21.46714329261,14.9743,II/389/ps1_dr2
133770828469754073,82.84697091052,21.47798113503,14.6249,II/389/ps1_dr2
133730827542623644,82.75425937201,21.44428045082,14.6887,II/389/ps1_dr2
133740827167055745,82.71667334025,21.45436759963,14.0433,II/389/ps1_dr2
133800827631568366,82.76329127916,21.50668209184,12.232,II/389/ps1_dr2
133820827919028597,82.79188370618,21.52341582796,14.3848,II/389/ps1_dr2
133490824182417611,82.41822677163,21.24752516483,14.1448,II/389/ps1_dr2
133500824142627536,82.41432689265,21.2557728539,13.5599,II/389/ps1_dr2
133510824054106480,82.40540025344,21.26325432689,14.4776,II/389/ps1_dr2
133520824388519939,82.43881810764,21.27450955769,14.6683,II/389/ps1_dr2
133520824837970210,82.4837988487,21.2663724259,14.6884,II/389/ps1_dr2
133580824751438161,82.47509049117,21.32299487005,14.1752,II/389/ps1_dr2
133530823830288007,82.38302579053,21.28114787219,14.7216,II/389/ps1_dr2
133540824134554796,82.41345990419,21.28680572284,14.7711,II/389/ps1_dr2
133550823890952572,82.38911239742,21.2932922434,14.8949,II/389/ps1_dr2
133560824292595975,82.42927933988,21.30446092929,13.038,II/389/ps1_dr2
133600823879420305,82.38794870941,21.33306035842,14.6939,II/389/ps1_dr2
133600824621239092,82.46214443,21.34043785,13.5965,II/389/ps1_dr2
133600824622808774,82.46217524229,21.34019444477,12.737,II/389/ps1_dr2
133610824090802780,82.40909185493,21.34345479546,13.9681,II/389/ps1_dr2
133610824214832450,82.42140327,21.34339268,11.616,II/389/ps1_dr2
133610824211312756,82.4211355,21.34348892,14.1579,II/389/ps1_dr2
133570825341517239,82.53416991813,21.31384348432,14.5728,II/389/ps1_dr2
133590825586617261,82.55852041111,21.33055062475,12.6344,II/389/ps1_dr2
133600825505581116,82.55045047328,21.33380906093,12.713,II/389/ps1_dr2
133600825532919706,82.5532594503,21.34100715667,14.8532,II/389/ps1_dr2
133650825320665130,82.53211702,21.37891982,14.5946,II/389/ps1_dr2
133620825678143190,82.56780696397,21.35224606598,14.7818,II/389/ps1_dr2
133660826050298372,82.60502317083,21.38988907874,14.853,II/389/ps1_dr2
133650825326456558,82.53256785,21.38020697,8.8795,II/389/ps1_dr2
133640825423157208,82.54230588,21.37244321,10.7036,II/389/ps1_dr2
133650825323256550,82.53262348,21.38019656,8.6724,II/389/ps1_dr2
133680825710244457,82.57099780556,21.40328562101,14.0449,II/389/ps1_dr2
133680825563244314,82.55630491323,21.40316892582,14.694,II/389/ps1_dr2
133650824856121799,82.485614,21.3760975,11.27,II/389/ps1_dr2
133650824858721623,82.48577812,21.37606055,11.2353,II/389/ps1_dr2
133650824852302041,82.48509283,21.37633851,12.0595,II/389/ps1_dr2
133680824967309297,82.49675122,21.40735058,11.934,II/389/ps1_dr2
133680824900516945,82.49001847491,21.40536775908,13.741,II/389/ps1_dr2
133670825336160429,82.53362881,21.39149035,12.548,II/389/ps1_dr2
133670825429914741,82.54306203802,21.39523113045,14.9829,II/389/ps1_dr2
133700825442661066,82.54423668623,21.41714296358,14.6126,II/389/ps1_dr2
133710825542497784,82.55425345255,21.43102964233,13.6771,II/389/ps1_dr2
133730825376548711,82.53763930181,21.44851573709,14.8275,II/389/ps1_dr2
133570823530521157,82.35305619973,21.30878490227,14.9542,II/389/ps1_dr2
133610823628150433,82.36282575226,21.3415000915,14.928,II/389/ps1_dr2
133610823874311799,82.38748728701,21.34260031748,14.8017,II/389/ps1_dr2
133590823233946323,82.32342668096,21.32971249125,14.5538,II/389/ps1_dr2
133630823845244812,82.38453255792,21.36187699589,13.324,II/389/ps1_dr2
133630823838145526,82.38379474282,21.36249803167,14.7061,II/389/ps1_dr2
133660824206230873,82.42056643699,21.3836351357,13.7239,II/389/ps1_dr2
133660824284223039,82.42837405,21.38540612,11.687,II/389/ps1_dr2
133640824143828790,82.41435583397,21.37355418241,14.479,II/389/ps1_dr2
133660823672630748,82.36719637467,21.3835050269,13.9917,II/389/ps1_dr2
133670823310874507,82.33110441776,21.39487419624,13.7388,II/389/ps1_dr2
133660823183760640,82.31838338399,21.38333849628,14.9191,II/389/ps1_dr2
133660822733572245,82.27338376135,21.38466859676,14.0484,II/389/ps1_dr2
133650822827678995,82.28277553692,21.38195385109,14.9727,II/389/ps1_dr2
133690823190032334,82.31901220104,21.40973489406,13.8799,II/389/ps1_dr2
133720823541833957,82.35415682736,21.43618419405,14.3022,II/389/ps1_dr2
133740823565074075,82.35647038597,21.45295177993,13.6256,II/389/ps1_dr2
133720823558005346,82.35578064916,21.4373537527,14.7355,II/389/ps1_dr2
133660824440731919,82.44406584,21.38447613,12.359,II/389/ps1_dr2
133690824674458089,82.46738845882,21.4146464042,13.7396,II/389/ps1_dr2
133690824751419700,82.47513892415,21.41602201749,13.118,II/389/ps1_dr2
133710824667161144,82.46668114615,21.42554828422,12.812,II/389/ps1_dr2
133740825175546306,82.51760578,21.45485107,13.7758,II/389/ps1_dr2
133740825173386003,82.51733612509,21.45459892672,12.147,II/389/ps1_dr2
133760824708921154,82.47085786356,21.46720152085,12.489,II/389/ps1_dr2
133790824823274060,82.48230516463,21.49463941718,14.4987,II/389/ps1_dr2
133720824005614067,82.40041357871,21.43623790632,12.432,II/389/ps1_dr2
133730823958234406,82.39567572646,21.44484862199,13.5048,II/389/ps1_dr2
133750823786551819,82.37863283541,21.45940337214,14.6782,II/389/ps1_dr2
133770823978231391,82.39779435244,21.4757147473,13.478,II/389/ps1_dr2
133690826268494544,82.62682084708,21.41171356849,14.1396,II/389/ps1_dr2
133680825959066124,82.59599352332,21.40454387879,14.9714,II/389/ps1_dr2
133710826242226120,82.62411340299,21.42959406534,12.9119,II/389/ps1_dr2
133730826174072183,82.6173512515,21.44304372394,12.937,II/389/ps1_dr2
133750826545997018,82.65457149496,21.46376630095,14.3775,II/389/ps1_dr2
133780826106513144,82.6106478887,21.48555209085,13.7251,II/389/ps1_dr2
133790826134915553,82.61348801159,21.49587236201,14.4823,II/389/ps1_dr2
133800827083976360,82.7084087797,21.50489387442,14.2827,II/389/ps1_dr2
133820827278296039,82.72783173516,21.52130142416,12.149,II/389/ps1_dr2
133790826900597190,82.69010307844,21.49715542018,14.3818,II/389/ps1_dr2
133810826875578512,82.68753816,21.51496922,12.9246,II/389/ps1_dr2
133810827435894114,82.7435807502,21.51136029009,14.4751,II/389/ps1_dr2
133840827542857024,82.75429314282,21.53876658704,14.8539,II/389/ps1_dr2
133820826767722532,82.67677877724,21.51835098187,14.9589,II/389/ps1_dr2
133870826587174508,82.65875002655,21.56164567553,12.993,II/389/ps1_dr2
133880827140548954,82.71403150194,21.57369709531,13.6929,II/389/ps1_dr2
133910827036142917,82.70359305,21.5934825,10.807,II/389/ps1_dr2
133910827036772248,82.7038171,21.59335328,10.8491,II/389/ps1_dr2
133910827034772584,82.70351816,21.59340686,10.8892,II/389/ps1_dr2
133790825467774921,82.54676414599,21.49533138817,12.725,II/389/ps1_dr2
133800825018026588,82.50177075776,21.50506488281,14.6899,II/389/ps1_dr2
133820825368987167,82.53682468,21.52216708,12.524,II/389/ps1_dr2
133830825397541135,82.53991773,21.52542824,13.385,II/389/ps1_dr2
133830825400810950,82.54005735,21.52537217,13.3706,II/389/ps1_dr2
133820825754938932,82.57549992,21.52375132,11.586,II/389/ps1_dr2
133850825320843694,82.53203849055,21.54430959916,13.8734,II/389/ps1_dr2
133850825618191682,82.5618332692,21.54261317506,14.6964,II/389/ps1_dr2
133840825491117268,82.54910646305,21.53895719559,14.8954,II/389/ps1_dr2
133870825126141580,82.51260375318,21.55918946187,14.9021,II/389/ps1_dr2
133880825476593670,82.54765546311,21.56931096303,14.2008,II/389/ps1_dr2
133900825617219126,82.56162766037,21.59049507685,13.9678,II/389/ps1_dr2
133910825505070040,82.55050200828,21.59126384862,14.6409,II/389/ps1_dr2
133890825199757471,82.51996126235,21.58078242579,14.5774,II/389/ps1_dr2
133900825056305696,82.50556787567,21.58772843914,14.8803,II/389/ps1_dr2
133920825362829541,82.53625822191,21.60752005211,13.354,II/389/ps1_dr2
133880826255508408,82.62546875584,21.57323194568,13.4307,II/389/ps1_dr2
133920826273085943,82.62728508215,21.60450570784,13.4497,II/389/ps1_dr2
133920826768193009,82.6767980294,21.60208143667,14.3971,II/389/ps1_dr2
133930826716443217,82.67160473832,21.61059957036,14.5774,II/389/ps1_dr2
133900826564669287,82.65648665513,21.59062093148,14.5266,II/389/ps1_dr2
133960826449943691,82.64496617162,21.63600082738,14.1622,II/389/ps1_dr2
133950826611999879,82.66114517094,21.63281520519,13.3,II/389/ps1_dr2
133950826565576214,82.65649629797,21.62986369912,14.2028,II/389/ps1_dr2
133910825761754777,82.57616008223,21.59521320035,13.9685,II/389/ps1_dr2
133910825808810606,82.58092048,21.59167591,10.142,II/389/ps1_dr2
133930825497116509,82.54983423968,21.61307339863,14.5299,II/389/ps1_dr2
134000825970809426,82.59710021108,21.67408061753,12.614,II/389/ps1_dr2
133990826108995162,82.61089198106,21.66214799249,13.258,II/389/ps1_dr2
134000825837973937,82.5837399385,21.66948662709,13.435,II/389/ps1_dr2
133720829898229631,82.989767429,21.44095010909,13.418,II/389/ps1_dr2
133750830536186010,83.05359420751,21.46295680474,14.299,II/389/ps1_dr2
133740829759399801,82.97583963012,21.45775801726,13.8688,II/389/ps1_dr2
133750829984906891,82.99847375618,21.46369202549,13.5839,II/389/ps1_dr2
133770829964525966,82.99641084224,21.4795775071,14.4798,II/389/ps1_dr2
133720829152563598,82.91522007718,21.43594653589,14.205,II/389/ps1_dr2
133760829369733493,82.93696760771,21.46915322946,14.9468,II/389/ps1_dr2
133740829540580752,82.9540304027,21.45022193721,14.4615,II/389/ps1_dr2
133760829555510284,82.95552690145,21.46650982171,14.8856,II/389/ps1_dr2
133750829336126059,82.93361699793,21.46293832267,14.3137,II/389/ps1_dr2
133750829109239469,82.9108585693,21.46582814666,13.319,II/389/ps1_dr2
133730829038404968,82.90380005344,21.44542054314,14.7003,II/389/ps1_dr2
133770829573470251,82.95735043075,21.47475717641,13.307,II/389/ps1_dr2
133780829725944267,82.97259897594,21.48644284616,13.475,II/389/ps1_dr2
133760829650084468,82.96495551727,21.46999786081,14.0755,II/389/ps1_dr2
133830829655079850,82.96546663429,21.53280765874,14.226,II/389/ps1_dr2
133760830523107590,83.05226643872,21.47259576873,14.8174,II/389/ps1_dr2
133790830633866555,83.06330191165,21.49670919087,13.477,II/389/ps1_dr2
133780830429538095,83.04292655603,21.48967146208,14.6606,II/389/ps1_dr2
133790830205159289,83.02052832091,21.49889955837,14.8956,II/389/ps1_dr2
133810830415528540,83.04155133065,21.5149961439,14.0764,II/389/ps1_dr2
133840830938145870,83.09380544202,21.5378021004,13.01,II/389/ps1_dr2
133840830943244717,83.09430101656,21.5368522308,14.7577,II/389/ps1_dr2
133900830499421314,83.04988440001,21.58400764081,12.225,II/389/ps1_dr2
133930830645058236,83.06444677605,21.6147756368,14.3845,II/389/ps1_dr2
133780828623505054,82.86224728038,21.4871235845,12.68,II/389/ps1_dr2
133830829504297964,82.95029684,21.53121552,12.63,II/389/ps1_dr2
133840829018119494,82.90182278937,21.5408377976,14.8757,II/389/ps1_dr2
133890829254162763,82.92525151739,21.576841134,13.031,II/389/ps1_dr2
133810828380348014,82.8380170385,21.5145928821,14.1875,II/389/ps1_dr2
133850828653404558,82.86529696642,21.54505956697,12.946,II/389/ps1_dr2
133840828658891673,82.86585676151,21.53432549267,14.258,II/389/ps1_dr2
133840828238077258,82.82376777576,21.53897347591,12.225,II/389/ps1_dr2
133880828994481247,82.89941234011,21.56729166632,14.6802,II/389/ps1_dr2
133900829009586334,82.90093228157,21.58818160316,14.1371,II/389/ps1_dr2
133900829067875096,82.90674552447,21.58715998416,14.6177,II/389/ps1_dr2
133890828721381640,82.87200010572,21.57592027046,13.7654,II/389/ps1_dr2
133910828838220826,82.88377792535,21.59191056006,13.4444,II/389/ps1_dr2
133870829800356840,82.97998687885,21.56362399466,14.0475,II/389/ps1_dr2
133910829771152625,82.97716651321,21.5935041698,13.8399,II/389/ps1_dr2
133920830285405325,83.02848423571,21.60403640078,11.744,II/389/ps1_dr2
133920830036643861,83.00361600082,21.60280791701,12.916,II/389/ps1_dr2
133910829176287689,82.91769743,21.59776822,13.8345,II/389/ps1_dr2
133910829180857997,82.9178913998,21.59785904848,12.758,II/389/ps1_dr2
133950829527483414,82.95273769531,21.62740499435,13.338,II/389/ps1_dr2
133960829414963604,82.94160623,21.63588943,11.6779,II/389/ps1_dr2
133960829419864214,82.94216515,21.63654618,11.087,II/389/ps1_dr2
133960829417753837,82.94180363,21.63607008,10.637,II/389/ps1_dr2
133930829036424343,82.9036073705,21.61151842056,14.3394,II/389/ps1_dr2
133930829036444328,82.90360949334,21.61152037015,14.34,II/389/ps1_dr2
134010829612929952,82.96155011581,21.68278819004,13.6297,II/389/ps1_dr2
134010829785518644,82.97842787,21.6818575,8.5737,II/389/ps1_dr2
134010829787288148,82.97870581,21.68110309,9.5955,II/389/ps1_dr2
134020829768345474,82.97680235582,21.68747660712,14.7248,II/389/ps1_dr2
133870831293446625,83.12927046,21.56344075,12.769,II/389/ps1_dr2
133870831506588357,83.15063923403,21.5648892983,13.9728,II/389/ps1_dr2
133910831853726031,83.18534620816,21.59627818432,14.1735,II/389/ps1_dr2
133930831984575813,83.19839370963,21.6127485374,13.474,II/389/ps1_dr2
133930831905617016,83.19054028888,21.6137692573,14.5688,II/389/ps1_dr2
133990831912870210,83.19125167662,21.65810429075,14.8032,II/389/ps1_dr2
133910831174028763,83.11737779909,21.59855737214,14.7879,II/389/ps1_dr2
133930831151916744,83.11514310346,21.61354740736,14.4399,II/389/ps1_dr2
133930830737718447,83.07376222409,21.61491817269,13.338,II/389/ps1_dr2
133930830934959810,83.09346715103,21.61609736384,14.1138,II/389/ps1_dr2
133980831376441400,83.13770096,21.65051411,13.9008,II/389/ps1_dr2
133980831372560815,83.13727653,21.65013739,10.998,II/389/ps1_dr2
133970831308357597,83.13080817442,21.64758535706,14.9325,II/389/ps1_dr2
133980831370270479,83.13731446,21.64995498,12.139,II/389/ps1_dr2
133980831375011059,83.13726106,21.65042017,11.6803,II/389/ps1_dr2
134000831155891170,83.11556538301,21.6672236632,14.5253,II/389/ps1_dr2
133980831151464381,83.11512367403,21.65323928209,14.3915,II/389/ps1_dr2
133990831253163865,83.1252814034,21.66113141084,13.397,II/389/ps1_dr2
133990832121558399,83.21211020564,21.66491455671,14.4841,II/389/ps1_dr2
134000832314877990,83.23145046655,21.67292523036,13.123,II/389/ps1_dr2
134050832949863771,83.29496281963,21.71105491288,14.9229,II/389/ps1_dr2
134070832673096212,83.26724078375,21.72974595675,14.8459,II/389/ps1_dr2
134000831820037280,83.18188391,21.67215279,13.9563,II/389/ps1_dr2
134020831873428843,83.18720954,21.69029901,10.829,II/389/ps1_dr2
134050832201155872,83.22008269242,21.7128061792,14.1196,II/389/ps1_dr2
134050832003484273,83.2003299208,21.71147337693,14.5373,II/389/ps1_dr2
134050831710027202,83.17095733605,21.71389298931,12.317,II/389/ps1_dr2
134080832206641093,83.22055276256,21.73380252319,12.805,II/389/ps1_dr2
133970830482402057,83.0481836999,21.64294216461,13.7972,II/389/ps1_dr2
133950830600941932,83.06006705784,21.62619623253,14.8443,II/389/ps1_dr2
133950830506538680,83.05062777677,21.63181114656,14.9672,II/389/ps1_dr2
134020830999464011,83.09988614517,21.68628945012,12.88,II/389/ps1_dr2
134000830980078997,83.09796595151,21.6737417354,14.4196,II/389/ps1_dr2
134020831008391118,83.10080821548,21.68384500741,14.6671,II/389/ps1_dr2
134030831293150494,83.12926256779,21.69164704365,14.5911,II/389/ps1_dr2
134030830442528703,83.0442303481,21.69848411114,12.913,II/389/ps1_dr2
134040830025152502,83.00247186736,21.70164982414,14.9898,II/389/ps1_dr2
134040829941119404,82.99399954456,21.7074016994,12.994,II/389/ps1_dr2
134070830443998158,83.04431783216,21.73135984819,13.46,II/389/ps1_dr2
134080830477453750,83.04770940701,21.73603266172,14.5855,II/389/ps1_dr2
134050831454328469,83.14541622021,21.71497690005,13.121,II/389/ps1_dr2
134050831472048279,83.14729536,21.71486348,12.9837,II/389/ps1_dr2
134050831471317458,83.14712066,21.71410069,11.255,II/389/ps1_dr2
134160832015602216,83.20154067491,21.80143329747,14.5802,II/389/ps1_dr2
134120830951116063,83.09488281,21.77100937,12.4767,II/389/ps1_dr2
134130831321950789,83.1321011,21.77492557,13.2894,II/389/ps1_dr2
134120830810800242,83.08104191382,21.76643967001,14.4391,II/389/ps1_dr2
134170831056413575,83.10560893887,21.81088631406,14.8578,II/389/ps1_dr2
134160830883147088,83.08823731203,21.80546386447,13.265,II/389/ps1_dr2
133860827907606511,82.79075608816,21.55503079934,14.4796,II/389/ps1_dr2
133890827753724697,82.77538008498,21.5784983436,14.6713,II/389/ps1_dr2
133920828121606275,82.81218337835,21.60484826293,14.5279,II/389/ps1_dr2
133910828018307475,82.80181551521,21.59749464179,14.7643,II/389/ps1_dr2
133920828431721410,82.8431135198,21.60075560644,14.2403,II/389/ps1_dr2
133920827320562985,82.73199011971,21.60205546535,13.677,II/389/ps1_dr2
133900827455785495,82.74560794,21.58752497,12.175,II/389/ps1_dr2
133950827578671082,82.75779441,21.62526878,11.2626,II/389/ps1_dr2
133950827574890634,82.75771857,21.62515202,10.979,II/389/ps1_dr2
133940827188747412,82.71886676202,21.62243075951,14.8269,II/389/ps1_dr2
133950827258239113,82.72576666019,21.6321751425,13.305,II/389/ps1_dr2
133960827469420388,82.74694332722,21.63324809196,14.948,II/389/ps1_dr2
133970828119651564,82.81195486549,21.64254364988,13.9516,II/389/ps1_dr2
133970827960150967,82.79600745181,21.64205765207,14.4133,II/389/ps1_dr2
133970827974730499,82.79743983571,21.64167170033,13.199,II/389/ps1_dr2
134020828051247123,82.80511963818,21.68884653864,14.8925,II/389/ps1_dr2
134000828815006087,82.88148588078,21.6713312829,13.6775,II/389/ps1_dr2
134020828834055450,82.88337327634,21.68746275985,11.63,II/389/ps1_dr2
134020829482923760,82.94820734778,21.68607608097,12.769,II/389/ps1_dr2
134030829112994249,82.91124013479,21.69476742955,13.6898,II/389/ps1_dr2
134060829439409602,82.94391970042,21.72425184705,14.925,II/389/ps1_dr2
134080829292774062,82.9292002758,21.73628489013,13.7622,II/389/ps1_dr2
134000828360876779,82.836078126,21.67189001978,14.2033,II/389/ps1_dr2
134020828456738514,82.8459556,21.68996155,11.2776,II/389/ps1_dr2
134020828460538680,82.84594388,21.69016688,10.604,II/389/ps1_dr2
134040828533927866,82.85345069813,21.70607845961,13.5584,II/389/ps1_dr2
134050828257791119,82.82565791,21.70888056,11.854,II/389/ps1_dr2
134050828254781042,82.82553947,21.70882697,12.203,II/389/ps1_dr2
134020828156670550,82.8156553939,21.68337924396,14.5831,II/389/ps1_dr2
134100829018890349,82.90186702276,21.74988375105,14.3453,II/389/ps1_dr2
134070828610217469,82.86096734169,21.73080886549,13.8928,II/389/ps1_dr2
133960826857099684,82.68580039211,21.64105777042,13.366,II/389/ps1_dr2
134000827191213120,82.71910901088,21.66885400215,14.5189,II/389/ps1_dr2
134020827413204438,82.74129177375,21.68660444668,14.1534,II/389/ps1_dr2
134010827629478239,82.76305983782,21.68126157249,13.088,II/389/ps1_dr2
134050827192486688,82.71923412529,21.71347833951,14.7922,II/389/ps1_dr2
134060827525600553,82.752643,21.716793,10.354,II/389/ps1_dr2
134070827356391375,82.73562439804,21.7257285292,14.9193,II/389/ps1_dr2
134060827528580451,82.7529579,21.71652552,10.4103,II/389/ps1_dr2
134080826559883824,82.65593208186,21.73610545162,14.0447,II/389/ps1_dr2
134080826553462165,82.65535335862,21.73466075522,13.288,II/389/ps1_dr2
134060826942112231,82.69420663035,21.71810702808,13.222,II/389/ps1_dr2
134110826928701044,82.6928531811,21.75878759109,14.9763,II/389/ps1_dr2
134100828112505665,82.81138303,21.7543371,12.8878,II/389/ps1_dr2
134070828168832146,82.8166795,21.72613099,12.4122,II/389/ps1_dr2
134100828114755263,82.81146622,21.75405343,12.267,II/389/ps1_dr2
134080827680050253,82.76799941916,21.73313445631,14.7792,II/389/ps1_dr2
134130828403413459,82.84033926306,21.77744709875,14.6573,II/389/ps1_dr2
134110827580166083,82.75798893289,21.76298407982,14.2095,II/389/ps1_dr2
134150827634785026,82.7634471837,21.79544549779,13.5669,II/389/ps1_dr2
134150827613517369,82.76133384556,21.79740671448,13.8879,II/389/ps1_dr2
134160827864843843,82.78642699505,21.80276854434,13.6354,II/389/ps1_dr2
134200827862489491,82.78624195038,21.84083421981,14.5504,II/389/ps1_dr2
134080829620103200,82.96198325118,21.73558486991,14.8057,II/389/ps1_dr2
134070829950475252,82.9949798,21.72892609,12.694,II/389/ps1_dr2
134090829748639201,82.97482824252,21.74891662495,14.6856,II/389/ps1_dr2
134120830168132625,83.01676766178,21.76843069188,12.512,II/389/ps1_dr2
134140830221062173,83.02207099172,21.78472374295,14.942,II/389/ps1_dr2
134150830330005129,83.03295542582,21.79550910782,14.0096,II/389/ps1_dr2
134130829918184482,82.99180706,21.77829605,10.008,II/389/ps1_dr2
134130829919404809,82.99200852,21.77858606,9.8231,II/389/ps1_dr2
134140830059164766,83.00586311298,21.78688454408,13.9899,II/389/ps1_dr2
134160830224688529,83.02241275206,21.8066492613,12.199,II/389/ps1_dr2
134140829316234234,82.93158029049,21.78644150785,14.1575,II/389/ps1_dr2
134150828996657705,82.89946524,21.79757383,11.581,II/389/ps1_dr2
134130829192926202,82.9190952213,21.77968705084,13.375,II/389/ps1_dr2
134130828976787330,82.89757590191,21.78065774567,13.402,II/389/ps1_dr2
134150828999787973,82.90018324,21.797957,12.0564,II/389/ps1_dr2
134160829270987543,82.92702489702,21.80584161431,12.718,II/389/ps1_dr2
134160829436106608,82.94347288295,21.80505200767,12.821,II/389/ps1_dr2
134160829408073742,82.9407449454,21.80268594026,14.1499,II/389/ps1_dr2
134160829504907075,82.95045406278,21.80546571161,14.9745,II/389/ps1_dr2
134190830075050227,83.00747009782,21.82475692272,14.778,II/389/ps1_dr2
134170829536799831,82.95345028135,21.81602588982,13.35,II/389/ps1_dr2
134190829453611706,82.94532692793,21.82598617165,14.9451,II/389/ps1_dr2
134210829776386202,82.9775921718,21.84640151886,14.4754,II/389/ps1_dr2
134160830415944897,83.0415577894,21.80366202479,14.8587,II/389/ps1_dr2
134200830586314538,83.0585907387,21.83668207286,14.3872,II/389/ps1_dr2
134240830902078295,83.09015213153,21.87314479799,14.6089,II/389/ps1_dr2
134200830156888139,83.01563519258,21.83970308088,14.1933,II/389/ps1_dr2
134230830452236696,83.04518539582,21.86348130808,14.5634,II/389/ps1_dr2
134230829929133417,82.99305172,21.86081665,14.0674,II/389/ps1_dr2
134230829742431214,82.97420603408,21.85891880179,14.8821,II/389/ps1_dr2
134230829931193769,82.99300354168,21.86101933373,13.6518,II/389/ps1_dr2
134260830071383762,83.00710462667,21.88603698453,14.6828,II/389/ps1_dr2
134270830158866648,83.01585014235,21.89677147959,14.2489,II/389/ps1_dr2
134290830688833807,83.06875647374,21.91103450331,12.737,II/389/ps1_dr2
134290830416124288,83.04158370225,21.91147111703,14.7902,II/389/ps1_dr2
134170828703811945,82.87041068,21.80934225,12.2318,II/389/ps1_dr2
134170828702971420,82.87025701,21.80911673,11.3056,II/389/ps1_dr2
134230829233433255,82.92330749768,21.86060092532,13.074,II/389/ps1_dr2
134240829575671128,82.95752437699,21.86718634279,14.9239,II/389/ps1_dr2
134230829524977322,82.95228983829,21.86385475722,14.2714,II/389/ps1_dr2
134240828960862769,82.89599014662,21.86853177948,13.071,II/389/ps1_dr2
134240829137023630,82.9136630719,21.86927131999,14.6483,II/389/ps1_dr2
134240828908113335,82.89074918644,21.86902826506,14.5005,II/389/ps1_dr2
134280829253163258,82.92531537591,21.90226189356,14.5763,II/389/ps1_dr2
134220828586766453,82.85865506362,21.85497419471,14.7231,II/389/ps1_dr2
134220828525222843,82.85248084243,21.85197598058,13.13,II/389/ps1_dr2
134230828681129016,82.86808890834,21.86544369074,14.867,II/389/ps1_dr2
134210828151828723,82.81520905,21.84846845,11.8611,II/389/ps1_dr2
134210828152128308,82.81514984,21.84822131,11.038,II/389/ps1_dr2
134230828292932613,82.82926293596,21.8601396694,13.071,II/389/ps1_dr2
134230828214848658,82.82151384728,21.8651014663,14.968,II/389/ps1_dr2
134300829037774188,82.90376661648,21.91969843747,14.6729,II/389/ps1_dr2
134300829888408974,82.98876425252,21.92370848762,14.0597,II/389/ps1_dr2
134300830170497310,83.01700939214,21.92235155684,14.8362,II/389/ps1_dr2
134360830204270352,83.02038941795,21.96653761213,14.6588,II/389/ps1_dr2
134330829304740198,82.93042795682,21.94139322289,14.2061,II/389/ps1_dr2
134320829105290320,82.91074767671,21.93334814239,13.3762,II/389/ps1_dr2
134320829107920563,82.9107844,21.93335516,13.213,II/389/ps1_dr2
134350829079583887,82.90795483,21.96112116,12.543,II/389/ps1_dr2
134350829788149610,82.97868700707,21.96588063596,13.6414,II/389/ps1_dr2
134380829954182503,82.99537070238,21.98500454343,13.6047,II/389/ps1_dr2
134390829906008667,82.99053999844,21.99847995099,13.13,II/389/ps1_dr2
134360829488826756,82.9488256679,21.97188327261,13.173,II/389/ps1_dr2
133760837367533681,83.73673024105,21.46931905546,14.3048,II/389/ps1_dr2
133770837090552288,83.70903959729,21.47649697237,14.4407,II/389/ps1_dr2
133750835944478607,83.5944571401,21.46510355439,13.9364,II/389/ps1_dr2
133750836210673485,83.62107508415,21.46078623137,13.225,II/389/ps1_dr2
133880837402879621,83.74023892913,21.57426696025,14.6353,II/389/ps1_dr2
133810836028482005,83.60284620818,21.50959522245,14.6702,II/389/ps1_dr2
133800835571601366,83.55718008235,21.5007287802,14.8243,II/389/ps1_dr2
133840836572174725,83.65718916237,21.5368487232,13.8329,II/389/ps1_dr2
133840835608517267,83.5609107445,21.53894762854,13.8681,II/389/ps1_dr2
133860835910293796,83.59104095231,21.55274026312,14.8652,II/389/ps1_dr2
133890835924520645,83.5924585627,21.57510619266,12.904,II/389/ps1_dr2
133910835584949075,83.5584856943,21.59881059992,12.751,II/389/ps1_dr2
133910835582389280,83.55826977,21.59895261,13.7993,II/389/ps1_dr2
133890836764434403,83.67638835086,21.57826327803,11.807,II/389/ps1_dr2
133930836689670563,83.66892392547,21.60837358193,14.1173,II/389/ps1_dr2
133940836805485035,83.68056042,21.62041654,11.704,II/389/ps1_dr2
133950836519601230,83.65201633,21.62549679,12.932,II/389/ps1_dr2
133940836523716935,83.65229371,21.62200946,8.5184,II/389/ps1_dr2
133940836526517287,83.652456,21.622313,8.902,II/389/ps1_dr2
134010836942102020,83.69410880697,21.67623837943,13.491,II/389/ps1_dr2
133850838449286485,83.84490529509,21.54667854895,13.7396,II/389/ps1_dr2
133940838931214905,83.89310314677,21.62035825807,14.7781,II/389/ps1_dr2
133950838990619131,83.89906708586,21.63222234248,13.437,II/389/ps1_dr2
133940838411489265,83.84110808819,21.62398750241,14.1786,II/389/ps1_dr2
133960838254476619,83.82541880722,21.63844863611,12.045,II/389/ps1_dr2
133980838491061801,83.8490764901,21.65110482672,13.9286,II/389/ps1_dr2
134000838800092923,83.88002596,21.66871736,12.166,II/389/ps1_dr2
134000838800753299,83.88027421,21.66901945,13.0302,II/389/ps1_dr2
134000838797052720,83.87998971,21.66872528,12.8247,II/389/ps1_dr2
133970839193381229,83.91930345056,21.64228304316,13.8976,II/389/ps1_dr2
133990839324210144,83.93239086687,21.65803804521,13.6085,II/389/ps1_dr2
133980839473124013,83.94735672989,21.65287639685,13.8968,II/389/ps1_dr2
133980839462577492,83.94629665829,21.65578610732,13.8961,II/389/ps1_dr2
133990839397156221,83.93974577353,21.66306467591,14.0615,II/389/ps1_dr2
133990839317546419,83.93173399824,21.66327508622,14.5955,II/389/ps1_dr2
134020839160661167,83.91607664612,21.68391369031,14.9516,II/389/ps1_dr2
134020839701014408,83.97005292793,21.68651521544,13.6896,II/389/ps1_dr2
134020839732365054,83.97317253603,21.68704806743,12.817,II/389/ps1_dr2
134030839644554077,83.96440902522,21.69458132549,12.949,II/389/ps1_dr2
134070839676413608,83.96766089156,21.72755684127,14.5321,II/389/ps1_dr2
134060839967358052,83.99671505845,21.72290732426,14.148,II/389/ps1_dr2
134060838661500058,83.86614098073,21.7163180691,14.9483,II/389/ps1_dr2
134100839682650901,83.96863944,21.75042125,12.085,II/389/ps1_dr2
134100839319659035,83.93197791225,21.75706893958,13.6699,II/389/ps1_dr2
133970837395961441,83.73956025345,21.64245561446,12.449,II/389/ps1_dr2
133980837894291378,83.789609,21.650621,11.588,II/389/ps1_dr2
134000837791207312,83.77910028496,21.67235127771,13.9813,II/389/ps1_dr2
133980837897381659,83.78964815,21.65098996,12.8951,II/389/ps1_dr2
133980837900171268,83.78991662,21.65064683,11.8475,II/389/ps1_dr2
133980837897401065,83.78970901,21.65048259,12.0588,II/389/ps1_dr2
134010837719555267,83.77179505,21.67916208,12.3666,II/389/ps1_dr2
134010837722685045,83.77217722,21.67886381,12.107,II/389/ps1_dr2
134020837660105110,83.76600181072,21.68718506906,13.9132,II/389/ps1_dr2
134030838163381450,83.81632870763,21.69247885843,13.9061,II/389/ps1_dr2
134050837910150886,83.7910170861,21.70865469483,14.887,II/389/ps1_dr2
134060838137718345,83.81376848177,21.7232123057,14.4514,II/389/ps1_dr2
134030837364149070,83.73646102,21.69880909,12.1512,II/389/ps1_dr2
134030837362408745,83.7362848,21.69857167,12.913,II/389/ps1_dr2
134090837768131415,83.77681258515,21.7424371113,14.9075,II/389/ps1_dr2
134080837344116906,83.73443513108,21.7386288398,14.9396,II/389/ps1_dr2
134110837681449721,83.76810464737,21.76600720829,13.175,II/389/ps1_dr2
134100838262675854,83.82626018813,21.75446072304,14.1251,II/389/ps1_dr2
134070838304035209,83.83039957345,21.72893773261,14.739,II/389/ps1_dr2
134120838521959642,83.85219642226,21.77428918032,14.928,II/389/ps1_dr2
134120838848766157,83.88494581214,21.77132623809,14.7835,II/389/ps1_dr2
134140839312461208,83.9312534,21.78385308,12.675,II/389/ps1_dr2
134140838651679014,83.86525100768,21.79037036487,12.991,II/389/ps1_dr2
134100837990581558,83.79893709,21.75081146,13.9679,II/389/ps1_dr2
134100837987861738,83.79876223834,21.75103898466,12.255,II/389/ps1_dr2
134100837985241487,83.79857313,21.7507818,14.5411,II/389/ps1_dr2
134160838681275593,83.86820579153,21.80418171084,14.0701,II/389/ps1_dr2
134170838644464580,83.86452392505,21.81167689551,14.1648,II/389/ps1_dr2
134210838471384588,83.84710492,21.8451582,13.2981,II/389/ps1_dr2
133870834913904595,83.49139370146,21.56175569183,14.6633,II/389/ps1_dr2
133870834957335029,83.4957414922,21.56211901947,13.9427,II/389/ps1_dr2
133940834956984805,83.4957131587,21.62025084133,14.9716,II/389/ps1_dr2
133940835822369187,83.58225971673,21.62386684672,12.336,II/389/ps1_dr2
133950835429197242,83.54293565101,21.63060320182,14.7838,II/389/ps1_dr2
133930834752961043,83.47530534946,21.60878240956,13.5552,II/389/ps1_dr2
133980834970564996,83.49703796992,21.65372477357,14.6171,II/389/ps1_dr2
133980834816525394,83.48164141334,21.6540716626,13.4724,II/389/ps1_dr2
134000834944782718,83.49449204823,21.66848192583,13.446,II/389/ps1_dr2
134020834913839134,83.49139626579,21.69049591036,13.9212,II/389/ps1_dr2
133950835820660452,83.58207657237,21.62497340129,12.34,II/389/ps1_dr2
133980835961995486,83.59617269905,21.65414516675,13.432,II/389/ps1_dr2
133980836092372459,83.60921243818,21.65161531268,13.5908,II/389/ps1_dr2
133980835982615700,83.59824253059,21.65432708894,13.5564,II/389/ps1_dr2
134020835748412495,83.57484805362,21.68499095915,14.3925,II/389/ps1_dr2
134000836371676361,83.63711486904,21.67154946687,13.5519,II/389/ps1_dr2
134020836271185625,83.62712297947,21.68759701645,14.753,II/389/ps1_dr2
134020836494701450,83.64947032614,21.68412342548,14.9741,II/389/ps1_dr2
134030835560914876,83.55608800234,21.6953146186,14.9466,II/389/ps1_dr2
134040835012963216,83.50128016768,21.70227948619,13.9596,II/389/ps1_dr2
134040835198110267,83.51992815854,21.69982430987,13.291,II/389/ps1_dr2
134040835062339572,83.50619389842,21.70756529877,12.034,II/389/ps1_dr2
134070835259763538,83.52599382505,21.72750134655,14.794,II/389/ps1_dr2
134070835982382849,83.59831731619,21.72689813832,13.4534,II/389/ps1_dr2
134090836107161525,83.61072112587,21.74251186059,14.7295,II/389/ps1_dr2
134080835740162854,83.57408339595,21.73534491391,14.5614,II/389/ps1_dr2
134100835657373988,83.56581549057,21.75284866223,12.411,II/389/ps1_dr2
133960834188591927,83.41886691463,21.63451145669,13.7622,II/389/ps1_dr2
134000834352598914,83.43526466387,21.67364238937,13.38,II/389/ps1_dr2
134000834154652073,83.41545315695,21.667969322,13.5279,II/389/ps1_dr2
133990833722157253,83.37220838077,21.66395233863,14.947,II/389/ps1_dr2
134010834073607603,83.40735149558,21.68087544919,11.663,II/389/ps1_dr2
134040834657402314,83.46583908,21.70143288,11.7747,II/389/ps1_dr2
134040834660062532,83.46599301,21.7015468,11.34,II/389/ps1_dr2
134040834705976886,83.47061450024,21.70528592514,13.071,II/389/ps1_dr2
134040833917852657,83.39153593,21.70175875,11.399,II/389/ps1_dr2
134040833914111872,83.39131277,21.70114731,12.8614,II/389/ps1_dr2
134040833917872138,83.39166237,21.70137278,11.22,II/389/ps1_dr2
134070834338805965,83.43387724939,21.72954850302,14.9801,II/389/ps1_dr2
134070834290099856,83.42891132787,21.73274761749,13.237,II/389/ps1_dr2
134080833890867014,83.38905106382,21.73874050511,13.8877,II/389/ps1_dr2
134090833931918045,83.39318513,21.74792535,12.7906,II/389/ps1_dr2
134090833934238497,83.3934095,21.74823552,11.588,II/389/ps1_dr2
134080834665511880,83.46656603619,21.73444261457,13.307,II/389/ps1_dr2
134120835437344518,83.54374712,21.77002284,13.3285,II/389/ps1_dr2
134120835434224721,83.54353826691,21.77010004601,13.225,II/389/ps1_dr2
134150835552673768,83.55525081086,21.7943882846,14.036,II/389/ps1_dr2
134140835331497134,83.53321028,21.78889184,11.7736,II/389/ps1_dr2
134140835434019046,83.54339153945,21.79045370879,13.383,II/389/ps1_dr2
134180834725714261,83.47244393058,21.8197601641,12.864,II/389/ps1_dr2
134090836440669402,83.64404810169,21.74907811873,14.2962,II/389/ps1_dr2
134140837440351935,83.74403962395,21.78453040893,14.7349,II/389/ps1_dr2
134120836972200817,83.69721736499,21.76692267132,14.2786,II/389/ps1_dr2
134150836865292375,83.68649242895,21.79318981963,13.281,II/389/ps1_dr2
134110836277240859,83.62772256387,21.75863486368,14.2769,II/389/ps1_dr2
134130836659236503,83.66591137627,21.78000230723,14.3686,II/389/ps1_dr2
134140836254653561,83.62554233488,21.78582847246,14.4402,II/389/ps1_dr2
134170836961364991,83.69627887,21.81230482,11.3829,II/389/ps1_dr2
134170836957875276,83.69602238,21.81220092,11.173,II/389/ps1_dr2
134210836650948488,83.66512114505,21.84828849155,14.2164,II/389/ps1_dr2
134200836634057006,83.66339067445,21.83875683123,14.1718,II/389/ps1_dr2
134200836634067006,83.66339416883,21.83875198128,14.1711,II/389/ps1_dr2
134150837495551995,83.74942014192,21.79286093155,12.673,II/389/ps1_dr2
134190837830198792,83.78302316433,21.83190912526,14.1395,II/389/ps1_dr2
134170837307099743,83.7305901805,21.81599673498,13.428,II/389/ps1_dr2
134190837567481813,83.75675305919,21.82609489286,14.3992,II/389/ps1_dr2
134190838059342165,83.80594125315,21.82639266673,14.6557,II/389/ps1_dr2
134230838024802512,83.80264918,21.85991628,13.8345,II/389/ps1_dr2
134230838025703532,83.80245606,21.86065313,13.8692,II/389/ps1_dr2
134230838023202207,83.80228184982,21.85970447245,11.689,II/389/ps1_dr2
134240837781347599,83.77811608428,21.87261552478,13.8255,II/389/ps1_dr2
134200837233909261,83.72337380148,21.84065441095,14.7237,II/389/ps1_dr2
134230836965026053,83.69650751442,21.86295887679,14.3469,II/389/ps1_dr2
134270837210592913,83.72101002429,21.89368217055,13.9707,II/389/ps1_dr2
134260837778342371,83.77786679,21.88491059,13.01,II/389/ps1_dr2
134260837779832801,83.77796098,21.88502408,12.9194,II/389/ps1_dr2
134270837445926530,83.74459036161,21.89669700211,14.1773,II/389/ps1_dr2
134300837436936808,83.74362318,21.92164999,12.8951,II/389/ps1_dr2
134300837432556286,83.74345281,21.9215078,13.3422,II/389/ps1_dr2
134300837429236536,83.74321307,21.92180395,14.0466,II/389/ps1_dr2
134160835783222405,83.57834749,21.80160969,11.965,II/389/ps1_dr2
134150835841916583,83.58413129799,21.79671560445,13.5786,II/389/ps1_dr2
134180835779204229,83.57785529026,21.81977869611,13.2706,II/389/ps1_dr2
134230836370538883,83.63704730269,21.86531990642,14.4125,II/389/ps1_dr2
134250836511430540,83.65114137607,21.87504262267,14.7456,II/389/ps1_dr2
134250836369934783,83.63698996093,21.87857107695,14.224,II/389/ps1_dr2
134210835220671344,83.5220630073,21.84236879394,12.571,II/389/ps1_dr2
134210835228216707,83.52281563129,21.84684246775,14.0416,II/389/ps1_dr2
134230835505321785,83.5505237446,21.85939998321,14.8916,II/389/ps1_dr2
134240835609624968,83.56095575,21.8704373,11.637,II/389/ps1_dr2
134220835144787843,83.51447208262,21.85612819618,14.2352,II/389/ps1_dr2
134270835821985018,83.58208420966,21.89539291491,12.434,II/389/ps1_dr2
134280835600134309,83.56005661,21.90319489,11.677,II/389/ps1_dr2
134270836655105042,83.66548866072,21.89545614765,14.2705,II/389/ps1_dr2
134270836353639298,83.63536282693,21.89900317515,14.648,II/389/ps1_dr2
134320837492843817,83.74927045593,21.93609819627,14.291,II/389/ps1_dr2
134330837277186264,83.72770099,21.94634302,13.6234,II/389/ps1_dr2
134340837374055949,83.7373954973,21.95454294181,14.1011,II/389/ps1_dr2
134330837274265255,83.72730053,21.94576596,10.1877,II/389/ps1_dr2
134330837271425144,83.7271829,21.94573129,9.9227,II/389/ps1_dr2
134340837526480599,83.75264227462,21.9500899556,14.6758,II/389/ps1_dr2
134330837056575880,83.70561769414,21.94618870273,14.5477,II/389/ps1_dr2
134340836224219852,83.62241712271,21.95778558033,14.6705,II/389/ps1_dr2
134130840551325873,84.05513960289,21.77944693025,13.4952,II/389/ps1_dr2
134160840663976998,84.0664080182,21.80538715991,14.6932,II/389/ps1_dr2
134140839816774008,83.98169172041,21.78622799618,14.6713,II/389/ps1_dr2
134180840467907149,84.04680392413,21.82217312099,14.1234,II/389/ps1_dr2
134180840480287617,84.04800889115,21.82254071099,12.409,II/389/ps1_dr2
134220841704081263,84.17043017097,21.85058768893,13.14,II/389/ps1_dr2
134220841715800093,84.17158811799,21.84960486303,12.967,II/389/ps1_dr2
134230841618745398,84.16188413749,21.86236788661,13.178,II/389/ps1_dr2
134240841498745320,84.14988612918,21.87065235661,14.9441,II/389/ps1_dr2
134230841013072872,84.10131669629,21.86028340389,14.829,II/389/ps1_dr2
134230840317242362,84.03173391379,21.85984887154,14.6684,II/389/ps1_dr2
134240840357198345,84.03565343726,21.87312722359,13.444,II/389/ps1_dr2
134260840582193127,84.05823679709,21.88548911935,14.1754,II/389/ps1_dr2
134250841005096765,84.10048977896,21.8802363097,14.0468,II/389/ps1_dr2
134270841251873925,84.12504831,21.89462861,11.9364,II/389/ps1_dr2
134280841462206680,84.14623453561,21.90513545812,13.4564,II/389/ps1_dr2
134160839373588390,83.93735805273,21.80653138035,14.5124,II/389/ps1_dr2
134160839304136179,83.9304513206,21.80469191811,13.4347,II/389/ps1_dr2
134220839348219395,83.93482672134,21.85739342551,13.7661,II/389/ps1_dr2
134220839802123946,83.98023139071,21.85282989825,14.6132,II/389/ps1_dr2
134240839988970468,83.99891727478,21.8666089396,14.7355,II/389/ps1_dr2
134250839931480560,83.99319316924,21.87500727891,14.175,II/389/ps1_dr2
134240839949304484,83.99491917368,21.86993003034,13.4711,II/389/ps1_dr2
134250839917071271,83.99158177,21.87553775,12.262,II/389/ps1_dr2
134250838744888545,83.87447286686,21.88164383848,13.8276,II/389/ps1_dr2
134270839633203198,83.96328235068,21.89384246448,13.404,II/389/ps1_dr2
134300839333628786,83.93337862,21.92354074,12.184,II/389/ps1_dr2
134240840226356654,84.0225978578,21.87174306794,13.7422,II/389/ps1_dr2
134290840680204942,84.06803408601,21.91200639192,14.2529,II/389/ps1_dr2
134340840965895744,84.09654068207,21.95430836637,13.043,II/389/ps1_dr2
134330839843624844,83.98435488,21.94520039,11.838,II/389/ps1_dr2
134330840158880044,84.01589817418,21.94125522034,14.2152,II/389/ps1_dr2
134380840340416711,84.03417619,21.9884965,13.0856,II/389/ps1_dr2
134370839853708466,83.98538550608,21.98159778374,14.056,II/389/ps1_dr2
134290842288510857,84.22886180521,21.90858893915,14.9807,II/389/ps1_dr2
134270841859648686,84.18596367918,21.89845033109,14.6572,II/389/ps1_dr2
134310842105278414,84.21053308673,21.93155702289,14.9382,II/389/ps1_dr2
134310842085476872,84.20848986175,21.93023549819,13.8482,II/389/ps1_dr2
134330842269782517,84.22698991386,21.94331811944,14.933,II/389/ps1_dr2
134330842477398288,84.24775828201,21.94812178678,13.479,II/389/ps1_dr2
134320841571467229,84.15713563779,21.93889838089,13.215,II/389/ps1_dr2
134310841309347085,84.13094336657,21.93045309234,14.2091,II/389/ps1_dr2
134340841610576921,84.16106915698,21.95531785658,14.6964,II/389/ps1_dr2
134350841976172178,84.1976092218,21.95968537175,13.8128,II/389/ps1_dr2
134360842099937835,84.21004498671,21.97272253856,14.8384,II/389/ps1_dr2
134380841626878671,84.16269670982,21.99011774347,14.7665,II/389/ps1_dr2
134400841914852160,84.19150269035,22.00134463653,14.7742,II/389/ps1_dr2
134360842972090186,84.29721631378,21.96640651351,13.321,II/389/ps1_dr2
134390843368007153,84.33681647707,21.99717192222,14.6591,II/389/ps1_dr2
134390843351903617,84.33519205052,21.99421615206,13.404,II/389/ps1_dr2
134410843513467000,84.35127086614,22.01365096345,13.182,II/389/ps1_dr2
134420843373982874,84.33738958659,22.01858114113,14.0051,II/389/ps1_dr2
134420843516450218,84.35162018554,22.01636932963,12.078,II/389/ps1_dr2
134420842932559868,84.29331865122,22.02439159453,14.7961,II/389/ps1_dr2
134390842400164295,84.23998267756,21.99477860672,13.069,II/389/ps1_dr2
134420842798216696,84.279793503,22.02176813171,13.6631,II/389/ps1_dr2
134450842839598392,84.28388926,22.04839308,13.366,II/389/ps1_dr2
134430842879012741,84.28792168203,22.0268348128,14.59,II/389/ps1_dr2
134450842836358188,84.28386527,22.04814525,13.4074,II/389/ps1_dr2
134350841124656199,84.11247378012,21.96304028906,13.7343,II/389/ps1_dr2
134370841222903203,84.12226714486,21.97720808449,13.7526,II/389/ps1_dr2
134390841101430995,84.11038712,21.99203536,12.8222,II/389/ps1_dr2
134390841083382974,84.10826587,21.99370225,13.1715,II/389/ps1_dr2
134440841563606463,84.15635105,22.03824989,12.236,II/389/ps1_dr2
134400840707690505,84.07070407497,21.99993486572,13.787,II/389/ps1_dr2
134420840892701341,84.08921987612,22.01736454417,13.383,II/389/ps1_dr2
134440841082046355,84.10821007271,22.03817525344,14.6516,II/389/ps1_dr2
134480841349683320,84.1349792772,22.06899388704,14.7374,II/389/ps1_dr2
134470840911936302,84.09119980822,22.06313766466,14.7573,II/389/ps1_dr2
134510841010234558,84.10102081314,22.09499171671,13.8744,II/389/ps1_dr2
134470842285307401,84.22856936717,22.06404395662,14.4075,II/389/ps1_dr2
134470841956327697,84.19565752199,22.06430687682,14.9196,II/389/ps1_dr2
134500841935453669,84.19357379069,22.08596243191,13.9087,II/389/ps1_dr2
134500841859954124,84.18602188495,22.08634672274,14.4642,II/389/ps1_dr2
134500842509207982,84.25093793819,22.08952591379,14.2958,II/389/ps1_dr2
134540842728590940,84.27280796,22.11695306,8.6464,II/389/ps1_dr2
134520842847106846,84.28472929773,22.10524381842,14.2258,II/389/ps1_dr2
134540842730901157,84.27300251,22.11718648,9.3383,II/389/ps1_dr2
134520842032377226,84.20324226,22.10556168,11.784,II/389/ps1_dr2
134520842036632214,84.20368759309,22.10139795947,13.446,II/389/ps1_dr2
134570842452130224,84.24522765098,22.14140891851,14.6144,II/389/ps1_dr2
134550842471498414,84.24715687611,22.13155163569,14.5356,II/389/ps1_dr2
134530841323193264,84.13228746927,22.1105852203,13.5815,II/389/ps1_dr2
134550841444776124,84.14450018041,22.12967922361,14.7511,II/389/ps1_dr2
134540841713516282,84.17134129274,22.12147329559,14.706,II/389/ps1_dr2
134560841651949991,84.16521482918,22.14123073116,13.307,II/389/ps1_dr2
134560841650274284,84.16501337374,22.13644792492,11.442,II/389/ps1_dr2
134310838342151337,83.83424741798,21.92566755505,13.184,II/389/ps1_dr2
134350838486214861,83.8486486,21.96192057,12.67,II/389/ps1_dr2
134360838570973796,83.85707566105,21.96936185397,13.9768,II/389/ps1_dr2
134370838795641030,83.87958363,21.97541274,12.633,II/389/ps1_dr2
134370838798281367,83.87980589,21.97568046,12.6232,II/389/ps1_dr2
134350839275789569,83.92760521602,21.96585246561,14.5719,II/389/ps1_dr2
134390839094062857,83.90943188147,21.99358298509,13.9664,II/389/ps1_dr2
134390839174001056,83.91742064625,21.99209678543,14.5706,II/389/ps1_dr2
134400839150384102,83.91505822079,22.00296976497,14.9367,II/389/ps1_dr2
134430840029773585,84.00301557,22.02751939,11.223,II/389/ps1_dr2
134430840032813090,84.00348297,22.02719987,13.9473,II/389/ps1_dr2
134410839157558711,83.91577319886,22.01514440145,14.4428,II/389/ps1_dr2
134420839097829321,83.90980387712,22.02398611041,14.7287,II/389/ps1_dr2
134450838773234380,83.87734371504,22.0448642379,13.7587,II/389/ps1_dr2
134450839023096570,83.90232859,22.04667967,11.89,II/389/ps1_dr2
134460839369795999,83.93700203192,22.05455003778,13.463,II/389/ps1_dr2
134490839182426921,83.91825549087,22.08031462334,13.13,II/389/ps1_dr2
134500839502690581,83.950225,22.083214,9.725,II/389/ps1_dr2
134500839505251127,83.9505444,22.08363721,13.1857,II/389/ps1_dr2
134500839501680051,83.95017835,22.08317707,9.3153,II/389/ps1_dr2
134400837719584211,83.77194439032,22.00305940175,14.494,II/389/ps1_dr2
134400837866359141,83.78665793124,22.00716551624,12.935,II/389/ps1_dr2
134400838214497203,83.82147580217,22.00554802332,13.8615,II/389/ps1_dr2
134430838350896011,83.83510880774,22.02955401441,13.5822,II/389/ps1_dr2
134430838045132956,83.80453363059,22.02700687303,14.4601,II/389/ps1_dr2
134450838065844097,83.80660187519,22.04462970848,13.133,II/389/ps1_dr2
134450838042035986,83.80423032547,22.04621295348,12.383,II/389/ps1_dr2
134400837312224275,83.73120317271,22.00314540059,13.77,II/389/ps1_dr2
134400837312234275,83.73121017791,22.0031467135,13.775,II/389/ps1_dr2
134460837215837163,83.72157888542,22.05553619481,14.2999,II/389/ps1_dr2
134510837560310571,83.75602516036,22.09166690632,14.7347,II/389/ps1_dr2
134490838276159365,83.82775526,22.08239378,12.255,II/389/ps1_dr2
134470838199869853,83.82001120567,22.06608983266,14.7573,II/389/ps1_dr2
134470838267285622,83.82675449069,22.06256337636,13.352,II/389/ps1_dr2
134500838278420359,83.82764535,22.0830044,13.771,II/389/ps1_dr2
134510838872348494,83.88725572757,22.09830160297,12.571,II/389/ps1_dr2
134520839251466961,83.92516595415,22.10536064008,14.6072,II/389/ps1_dr2
134520839155013502,83.91552614525,22.10247341373,14.2581,II/389/ps1_dr2
134530839094807105,83.90950835566,22.11380796761,14.1281,II/389/ps1_dr2
134550838867088905,83.8867256913,22.13198127671,14.0854,II/389/ps1_dr2
134530838271406278,83.82716323783,22.11311649522,14.2147,II/389/ps1_dr2
134510837880833972,83.7880911201,22.094530899,13.373,II/389/ps1_dr2
134540838402910358,83.84031124749,22.11651593885,14.2629,II/389/ps1_dr2
134560838445114068,83.84452757323,22.13626836537,14.0246,II/389/ps1_dr2
134560838446102556,83.84463326552,22.13501740219,13.498,II/389/ps1_dr2
134550838645768446,83.86459813162,22.13159277868,14.0822,II/389/ps1_dr2
134590838406169238,83.84064274001,22.165593475,12.762,II/389/ps1_dr2
134440840331131162,84.0328373,22.03397964,14.5077,II/389/ps1_dr2
134450840364972841,84.03650849966,22.04359460528,14.0877,II/389/ps1_dr2
134440840328261315,84.03283804013,22.03398081504,14.4881,II/389/ps1_dr2
134450840457717895,84.04577832028,22.04780329299,14.951,II/389/ps1_dr2
134480840204687668,84.02047765279,22.07261314894,14.8534,II/389/ps1_dr2
134480840241787318,84.02419354366,22.07231301273,13.081,II/389/ps1_dr2
134500840184812886,84.01849131005,22.08528705173,14.174,II/389/ps1_dr2
134540840928054845,84.09280961285,22.12026141178,14.5753,II/389/ps1_dr2
134500840927129150,84.0927220011,22.0905163165,14.0011,II/389/ps1_dr2
134530840105154556,84.0107297,22.11183104,11.5054,II/389/ps1_dr2
134530840107214803,84.01062023,22.11177592,11.194,II/389/ps1_dr2
134540839632876802,83.96331219865,22.12189158124,13.8798,II/389/ps1_dr2
134580839933546102,83.9933696514,22.15464016127,14.8099,II/389/ps1_dr2
134600840280544245,84.02806697409,22.16975867722,13.274,II/389/ps1_dr2
134590841676322843,84.16759191853,22.16020976208,12.777,II/389/ps1_dr2
134600841546187363,84.15463519572,22.17237005213,14.2519,II/389/ps1_dr2
134610841241874614,84.12420511307,22.17842730768,14.5882,II/389/ps1_dr2
134640840978972743,84.09788514451,22.20185546643,14.7535,II/389/ps1_dr2
134650840870411234,84.08699947322,22.20891249342,12.708,II/389/ps1_dr2
134530839299024102,83.92992552764,22.11131753683,13.095,II/389/ps1_dr2
134570838943455324,83.89436833232,22.14566212506,13.001,II/389/ps1_dr2
134590839758657598,83.9760009,22.16431158,13.2758,II/389/ps1_dr2
134590839764347623,83.97624799,22.16420038,12.9586,II/389/ps1_dr2
134590839761687274,83.9762432782,22.1640314429,11.541,II/389/ps1_dr2
134600840020552540,84.00207094734,22.16833805144,14.2901,II/389/ps1_dr2
134630839473033872,83.94732057853,22.19444616751,14.5209,II/389/ps1_dr2
134610838722106087,83.87222640056,22.17962999804,14.8482,II/389/ps1_dr2
134650838908695001,83.89087926189,22.21204611554,12.927,II/389/ps1_dr2
134640839309312193,83.93097590774,22.20137769433,14.9279,II/389/ps1_dr2
134620840223994231,84.02241412684,22.18641299592,14.732,II/389/ps1_dr2
134650840103403826,84.01036018018,22.21107719751,13.8975,II/389/ps1_dr2
134670840027628830,84.0027944,22.23167845,13.1622,II/389/ps1_dr2
134670840153701038,84.01538187887,22.22542849762,13.211,II/389/ps1_dr2
134670840025308527,84.00257307,22.23167639,13.095,II/389/ps1_dr2
134690840364659118,84.03647166266,22.24881709781,13.9113,II/389/ps1_dr2
134680840539588212,84.05397641457,22.23972967399,13.7901,II/389/ps1_dr2
134750840670374973,84.06701679974,22.29533131066,14.1702,II/389/ps1_dr2
134750840822281317,84.08216336567,22.29226080986,13.142,II/389/ps1_dr2
134710839856147241,83.98563184659,22.26392195115,14.6148,II/389/ps1_dr2
134720840204031177,84.02042021354,22.26720323016,14.908,II/389/ps1_dr2
134710839596722478,83.959669767,22.25994704063,12.152,II/389/ps1_dr2
134720839565000548,83.95652033801,22.26667612802,14.9421,II/389/ps1_dr2
134730839754517222,83.97547141808,22.28056785561,14.6519,II/389/ps1_dr2
134770840147768491,84.01478224,22.31495315,12.406,II/389/ps1_dr2
134780840170560830,84.01702037633,22.31693666436,14.0258,II/389/ps1_dr2
134070833280268365,83.32791224064,21.73152508344,12.854,II/389/ps1_dr2
134110833331899094,83.3331395472,21.76550902556,13.7674,II/389/ps1_dr2
134100833538148278,83.35378898452,21.75649406647,12.689,II/389/ps1_dr2
134160833813844891,83.38133004254,21.80363425776,12.876,II/389/ps1_dr2
134130833060945038,83.30596497538,21.77867058459,13.9304,II/389/ps1_dr2
134150832686826643,83.26863605676,21.79680048867,12.024,II/389/ps1_dr2
134170832764826636,83.27644374856,21.81343349451,13.479,II/389/ps1_dr2
134150832732390931,83.27319204882,21.79202384085,13.446,II/389/ps1_dr2
134170833072750635,83.30723420982,21.80844319668,13.5756,II/389/ps1_dr2
134180834232214349,83.42324819514,21.81982771344,13.5849,II/389/ps1_dr2
134190834011119442,83.40103238,21.8323642,13.06,II/389/ps1_dr2
134210834322112869,83.43219523101,21.84364041,14.7405,II/389/ps1_dr2
134250834661750760,83.46613120027,21.87520237369,13.7987,II/389/ps1_dr2
134260834671842651,83.46716839485,21.88513732335,13.4738,II/389/ps1_dr2
134210833645622895,83.36445558815,21.84362342896,13.7883,II/389/ps1_dr2
134270833927714579,83.39275840226,21.89505889214,14.427,II/389/ps1_dr2
134150832241113522,83.22405233485,21.79417419603,13.8846,II/389/ps1_dr2
134190832653241421,83.26522233598,21.82574281684,13.095,II/389/ps1_dr2
134190832261821544,83.22614607022,21.82587797599,13.857,II/389/ps1_dr2
134180832182296771,83.21820985613,21.82188454876,14.5211,II/389/ps1_dr2
134190832326624854,83.23261427304,21.82859905226,13.7799,II/389/ps1_dr2
134200832913527632,83.2912359,21.83895051,12.7109,II/389/ps1_dr2
134200832912697201,83.29115343,21.83891702,12.722,II/389/ps1_dr2
134210832678681419,83.26784171606,21.84242224248,14.1621,II/389/ps1_dr2
134250832881361201,83.28813236402,21.87555893223,14.9591,II/389/ps1_dr2
134240832831595087,83.28310602085,21.87048017654,14.3896,II/389/ps1_dr2
134260832889910843,83.28896254983,21.8836056093,14.0995,II/389/ps1_dr2
134200832032079336,83.20318893186,21.8406853115,14.9289,II/389/ps1_dr2
134300833058920566,83.30583382841,21.91669939681,12.862,II/389/ps1_dr2
134310833914575011,83.39147586081,21.9287027134,14.168,II/389/ps1_dr2
134360833546871962,83.35459673,21.96777464,12.086,II/389/ps1_dr2
134360833547482323,83.35469635,21.96814715,13.5458,II/389/ps1_dr2
134330832539572958,83.25392759724,21.94369695847,14.7319,II/389/ps1_dr2
134360833180575115,83.31802428654,21.97049946379,14.4023,II/389/ps1_dr2
134350833414357453,83.34144361959,21.96407731308,14.4153,II/389/ps1_dr2
134390833396871977,83.33970031501,21.99286106988,12.821,II/389/ps1_dr2
134370833002503742,83.30019783759,21.97767483542,13.123,II/389/ps1_dr2
134390833296353592,83.3295780108,21.99422839674,13.4563,II/389/ps1_dr2
134270834845991088,83.48458728765,21.89216523385,14.2361,II/389/ps1_dr2
134250835056114788,83.50560841001,21.87857230617,14.9422,II/389/ps1_dr2
134280835338145027,83.53380921414,21.9037680917,14.1989,II/389/ps1_dr2
134300834796648080,83.47966757236,21.92297858899,14.7135,II/389/ps1_dr2
134340835160959114,83.51606880813,21.9571725671,13.6244,II/389/ps1_dr2
134320834613989596,83.46142410815,21.94086155378,13.5898,II/389/ps1_dr2
134360834652481531,83.46524093626,21.96752845979,13.468,II/389/ps1_dr2
134380835161697688,83.51614849397,21.98931468556,14.4833,II/389/ps1_dr2
134390834962289830,83.49621639262,21.99944904753,14.9605,II/389/ps1_dr2
134410835050738387,83.50505269959,22.0149048172,14.1526,II/389/ps1_dr2
134360835938738591,83.59385608613,21.97340797044,14.1549,II/389/ps1_dr2
134340835866028066,83.58659437276,21.95631193719,14.5885,II/389/ps1_dr2
134340835926482935,83.59264735904,21.95202845418,14.3628,II/389/ps1_dr2
134370836136880716,83.61368322212,21.97518054021,14.5022,II/389/ps1_dr2
134370836253789794,83.62536731895,21.98274281,14.2362,II/389/ps1_dr2
134390835878031843,83.58780156201,21.99278078423,14.533,II/389/ps1_dr2
134410836267776613,83.6267703,22.01334087,14.612,II/389/ps1_dr2
134440836430720971,83.64306585629,22.03371990812,14.5511,II/389/ps1_dr2
134440836432273830,83.6433192,22.03608227,14.342,II/389/ps1_dr2
134420836539286005,83.653937461,22.0212379502,14.59,II/389/ps1_dr2
134430836464514172,83.64652462,22.02802962,14.538,II/389/ps1_dr2
134460836345408345,83.63451986632,22.05654742619,14.8073,II/389/ps1_dr2
134470836320290249,83.63201139412,22.05813680413,14.3864,II/389/ps1_dr2
134400835418602125,83.54184859058,22.00135663393,13.5482,II/389/ps1_dr2
134410835301880506,83.53001837312,22.0081257518,13.9613,II/389/ps1_dr2
134450835448744525,83.54481770024,22.04500694583,13.458,II/389/ps1_dr2
134440835915738846,83.59157004288,22.04028888538,14.8855,II/389/ps1_dr2
134460835790185891,83.57900637371,22.05449901366,14.9231,II/389/ps1_dr2
134510835901869104,83.59016839825,22.0988470246,14.6594,II/389/ps1_dr2
134340834042508471,83.40423023562,21.95664023181,14.175,II/389/ps1_dr2
134360833913772443,83.39140071362,21.96822486421,14.9285,II/389/ps1_dr2
134420834165565692,83.41662110212,22.02099480306,13.449,II/389/ps1_dr2
134390833758346666,83.37584610711,21.99675134582,14.872,II/389/ps1_dr2
134430833593040554,83.3592598539,22.02504718454,14.6834,II/389/ps1_dr2
134450833730017381,83.37311223,22.04745777,11.281,II/389/ps1_dr2
134450833733667536,83.37330971,22.04751527,11.6047,II/389/ps1_dr2
134470834196830781,83.41962355884,22.05855645868,13.9884,II/389/ps1_dr2
134500834154909349,83.41549029448,22.09066279238,14.4602,II/389/ps1_dr2
134480834724144337,83.47239462963,22.06986566661,14.3825,II/389/ps1_dr2
134470834720161498,83.47199607771,22.05916410778,14.9309,II/389/ps1_dr2
134490834956008577,83.49554340063,22.08173938977,14.4621,II/389/ps1_dr2
134500835614917744,83.56154916,22.08939362,12.3889,II/389/ps1_dr2
134500835616718160,83.5618508,22.09030762,11.9889,II/389/ps1_dr2
134510834614604339,83.46145887355,22.09483559135,13.6251,II/389/ps1_dr2
134540834503409384,83.45036067962,22.12397603254,14.9753,II/389/ps1_dr2
134560834766325515,83.47664240162,22.13747100947,14.9368,II/389/ps1_dr2
134570834601414863,83.46012400066,22.14528716367,14.7728,II/389/ps1_dr2
134290831165270230,83.11650533853,21.90809150717,14.9816,II/389/ps1_dr2
134300832019345476,83.20188512025,21.92079132306,12.635,II/389/ps1_dr2
134330831883762504,83.18835703903,21.94332221257,14.8754,II/389/ps1_dr2
134300832055333860,83.20550336897,21.91946442838,14.973,II/389/ps1_dr2
134310831899422779,83.18993137489,21.92687687638,14.9665,II/389/ps1_dr2
134340832201723376,83.2201764532,21.9523919968,14.7389,II/389/ps1_dr2
134330832120208964,83.21197911641,21.94873060686,14.3139,II/389/ps1_dr2
134340831592563931,83.159241569,21.95283765429,14.906,II/389/ps1_dr2
134340831213312751,83.12130546566,21.9518630762,14.1607,II/389/ps1_dr2
134330830795681542,83.07956656921,21.94250113289,14.4205,II/389/ps1_dr2
134360831057546135,83.10572286,21.97134503,12.274,II/389/ps1_dr2
134360831058456493,83.10586457,21.97169072,13.3398,II/389/ps1_dr2
134340832332983583,83.23327267175,21.95255494788,14.9283,II/389/ps1_dr2
134390832587038574,83.25865996525,21.99841684477,12.154,II/389/ps1_dr2
134410832700071606,83.26988727617,22.00922513733,12.97,II/389/ps1_dr2
134410832835185884,83.28342492238,22.01277209918,13.446,II/389/ps1_dr2
134400832597164988,83.25966611852,22.00373099295,14.407,II/389/ps1_dr2
134460832797031359,83.27964002129,22.05068162941,12.989,II/389/ps1_dr2
134420832289418880,83.22883482411,22.02356141576,13.4205,II/389/ps1_dr2
134420832289328877,83.22884636015,22.02358922735,13.415,II/389/ps1_dr2
134460832572691577,83.25719564513,22.05084808747,13.4216,II/389/ps1_dr2
134370830679115529,83.0678265308,21.97917411724,13.8422,II/389/ps1_dr2
134370830826547377,83.08260916842,21.98070652418,13.8621,II/389/ps1_dr2
134370830690846743,83.06905779,21.98004414,11.0073,II/389/ps1_dr2
134370830671226793,83.06714288963,21.98020122829,14.5163,II/389/ps1_dr2
134390830360016235,83.03591972651,21.99643804799,14.9632,II/389/ps1_dr2
134390830425889397,83.04255052881,21.99908872685,14.3946,II/389/ps1_dr2
134430831362141199,83.13616409527,22.02559259235,13.321,II/389/ps1_dr2
134420830994538341,83.09933440912,22.02318135272,12.88,II/389/ps1_dr2
134420830128933067,83.0128558855,22.01880094357,14.4807,II/389/ps1_dr2
134420830465063007,83.04647018835,22.01874694289,14.8608,II/389/ps1_dr2
134420829733698121,82.97331966026,22.02301805762,13.461,II/389/ps1_dr2
134420830097408785,83.00970372146,22.02357850028,14.8353,II/389/ps1_dr2
134440829989865356,82.99895311255,22.03736513593,14.6957,II/389/ps1_dr2
134440830165133401,83.01647202391,22.0357526316,14.2224,II/389/ps1_dr2
134480830710944133,83.07102843768,22.06968321164,13.079,II/389/ps1_dr2
134470830786496847,83.07848573,22.06356476,12.0887,II/389/ps1_dr2
134470830792357175,83.07902994,22.0637791,12.362,II/389/ps1_dr2
134470830791828170,83.0791911,22.06469925,13.8066,II/389/ps1_dr2
134500831767381979,83.17667204159,22.08456128172,11.43,II/389/ps1_dr2
134560831964602112,83.19644151528,22.13467441459,14.8674,II/389/ps1_dr2
134550831877356331,83.18771643722,22.12985333637,14.7761,II/389/ps1_dr2
134550831777858738,83.1777487001,22.13187791496,13.9305,II/389/ps1_dr2
134480831034003087,83.10335708333,22.06882252248,13.9683,II/389/ps1_dr2
134580831541700027,83.1541150806,22.14960212847,12.833,II/389/ps1_dr2
134570831573801727,83.15719184495,22.14263940369,12.644,II/389/ps1_dr2
134550831207709166,83.12075874382,22.13223172477,14.8466,II/389/ps1_dr2
134580831447829810,83.14473965349,22.15776213705,13.594,II/389/ps1_dr2
134590831488572198,83.14884315038,22.15975683109,14.7909,II/389/ps1_dr2
134460833122278145,83.31222035915,22.05636177768,14.4774,II/389/ps1_dr2
134450833356798349,83.33567427437,22.04816678066,14.0848,II/389/ps1_dr2
134480832921133407,83.29207994332,22.06907614076,14.2705,II/389/ps1_dr2
134530833409854130,83.34094652893,22.11134177823,14.1324,II/389/ps1_dr2
134530833628640966,83.362812672,22.10871603595,14.0677,II/389/ps1_dr2
134490832646503782,83.26459874289,22.07771416429,14.1763,II/389/ps1_dr2
134540832837756815,83.28375001793,22.12191027116,14.663,II/389/ps1_dr2
134560833232686712,83.32320349598,22.13849310355,14.5648,II/389/ps1_dr2
134620834774680011,83.47743000236,22.18289965976,14.1571,II/389/ps1_dr2
134620834774640009,83.4774056023,22.1828960338,14.1884,II/389/ps1_dr2
134610833773374493,83.37727390446,22.1782992112,14.348,II/389/ps1_dr2
134630833987463902,83.39871767039,22.19448086101,14.9768,II/389/ps1_dr2
134640833904363143,83.3903204,22.20221104,11.989,II/389/ps1_dr2
134640833901712958,83.39025302,22.20211898,11.8079,II/389/ps1_dr2
134690833956709444,83.39565391262,22.24909081251,14.7949,II/389/ps1_dr2
134690834181067888,83.41808685313,22.2477734584,14.4027,II/389/ps1_dr2
134560832159340748,83.21595205,22.13347684,13.1221,II/389/ps1_dr2
134600832208505932,83.22076761807,22.17116957285,14.6345,II/389/ps1_dr2
134580832731600081,83.27312597159,22.14965513883,14.7933,II/389/ps1_dr2
134610832747843764,83.27476376326,22.17771036704,14.4785,II/389/ps1_dr2
134610832619116412,83.26188650113,22.17990814096,14.6737,II/389/ps1_dr2
134640832678022961,83.26778223475,22.2020335093,14.8701,II/389/ps1_dr2
134630832182355962,83.21821806,22.19626142,11.376,II/389/ps1_dr2
134600832052804747,83.20525225777,22.17018771105,12.753,II/389/ps1_dr2
134600832084377006,83.20843938204,22.17205364322,14.2466,II/389/ps1_dr2
134610831790384020,83.17899317111,22.17793426287,14.2675,II/389/ps1_dr2
134640831653821701,83.16533419662,22.20100516857,14.3785,II/389/ps1_dr2
134660831860786885,83.18608701623,22.22195681891,14.4569,II/389/ps1_dr2
134640831929221400,83.19292078464,22.20070485585,13.6845,II/389/ps1_dr2
134650832290219921,83.22892842786,22.21613439881,12.9271,II/389/ps1_dr2
134650832530084116,83.25281031202,22.21128427008,13.114,II/389/ps1_dr2
134660832137880119,83.21371841964,22.2163332033,13.6381,II/389/ps1_dr2
134670832233260076,83.22330033783,22.22464752677,14.8961,II/389/ps1_dr2
134720833943092891,83.39425694496,22.268641802,14.6058,II/389/ps1_dr2
134720833075369333,83.30751144561,22.27401374258,14.7612,II/389/ps1_dr2
134750832850693302,83.28500074,22.2941128,10.5627,II/389/ps1_dr2
134750832881750810,83.28818723654,22.29186052555,13.9554,II/389/ps1_dr2
134750833262557542,83.32623137596,22.29751739725,14.7054,II/389/ps1_dr2
134480836407726633,83.64073061069,22.07178125049,13.8357,II/389/ps1_dr2
134480836516203119,83.65160638814,22.06885239981,14.5259,II/389/ps1_dr2
134520837326486082,83.73259671484,22.10459188182,13.3762,II/389/ps1_dr2
134530837410468681,83.74106034941,22.11510903748,14.9502,II/389/ps1_dr2
134530837139788159,83.71399310037,22.11467032993,14.0284,II/389/ps1_dr2
134510835923518469,83.59232907,22.09827139,14.3415,II/389/ps1_dr2
134510835920558334,83.59202855942,22.09820682112,13.6715,II/389/ps1_dr2
134530836770378058,83.67700820098,22.11462774874,14.3789,II/389/ps1_dr2
134550836870452837,83.68700723605,22.12693479822,14.0954,II/389/ps1_dr2
134550836943253836,83.69427207282,22.12777263714,12.954,II/389/ps1_dr2
134610836763252096,83.67629382,22.17628732,10.361,II/389/ps1_dr2
134610836763852553,83.67651932,22.17652551,10.7991,II/389/ps1_dr2
134610836762531622,83.67621985,22.17601632,10.9631,II/389/ps1_dr2
134610836758551910,83.67603863,22.17611059,10.4758,II/389/ps1_dr2
134540837775428214,83.77756089291,22.12306115648,13.9843,II/389/ps1_dr2
134580837703209142,83.77023702,22.15711782,11.7366,II/389/ps1_dr2
134580837706879204,83.77068695,22.15724678,11.192,II/389/ps1_dr2
134600838157808788,83.81579937303,22.17354275954,13.9363,II/389/ps1_dr2
134630838144939435,83.81449272049,22.19907125008,12.095,II/389/ps1_dr2
134640838005903358,83.80060018222,22.20234919638,13.6783,II/389/ps1_dr2
134630838142339198,83.81430867,22.19893135,13.294,II/389/ps1_dr2
134670837279410679,83.72797435484,22.22508996572,13.842,II/389/ps1_dr2
134690837393956580,83.73943800806,22.24666976305,14.5351,II/389/ps1_dr2
134690837537687791,83.75380666547,22.2476894364,14.8951,II/389/ps1_dr2
134570835460662760,83.54590416252,22.14349490665,12.673,II/389/ps1_dr2
134550835646708078,83.56461258485,22.13132278126,13.7229,II/389/ps1_dr2
134590835248759251,83.524858951,22.16561031486,14.8365,II/389/ps1_dr2
134650835447192893,83.54464115985,22.21030747804,14.0833,II/389/ps1_dr2
134710835843954412,83.58429595,22.26153906,11.979,II/389/ps1_dr2
134640836892938999,83.68933515302,22.20700824887,13.17,II/389/ps1_dr2
134660836900730228,83.69012505444,22.21635722885,14.848,II/389/ps1_dr2
134690836900389163,83.69004360141,22.2488347811,13.251,II/389/ps1_dr2
134690836606622278,83.66062963248,22.24308551177,11.744,II/389/ps1_dr2
134690836797797755,83.67981440256,22.24767206922,14.15,II/389/ps1_dr2
134710837195406984,83.71955362838,22.26369449127,14.7169,II/389/ps1_dr2
134710836989985101,83.69895796608,22.26209993224,12.548,II/389/ps1_dr2
134730837012483797,83.701167576,22.27765440621,13.9696,II/389/ps1_dr2
134680836285787516,83.62857223,22.23921685,11.7592,II/389/ps1_dr2
134770836397189006,83.63972915872,22.31537959552,14.4987,II/389/ps1_dr2
134790836621928497,83.66216470907,22.33160124845,13.265,II/389/ps1_dr2
134800836656272137,83.66560285055,22.33464229463,14.4329,II/389/ps1_dr2
134670838829178725,83.88293567669,22.23182635617,14.423,II/389/ps1_dr2
134680838424199899,83.8424368879,22.24113764824,14.7318,II/389/ps1_dr2
134680838860399710,83.88606052273,22.24097762888,14.5214,II/389/ps1_dr2
134720838967378312,83.89675491108,22.27314172387,14.4364,II/389/ps1_dr2
134730838245722484,83.82458656373,22.27661831981,14.9534,II/389/ps1_dr2
134780839509383610,83.9510781,22.31933193,11.5713,II/389/ps1_dr2
134780839505583197,83.95057243,22.31889167,11.369,II/389/ps1_dr2
134760838950226657,83.89504421081,22.30508932425,13.8761,II/389/ps1_dr2
134810839345681457,83.93458614635,22.34242844907,14.0784,II/389/ps1_dr2
134780839947587593,83.99477695198,22.32254799004,14.9698,II/389/ps1_dr2
134800840044609629,84.0044585402,22.34091171078,14.3942,II/389/ps1_dr2
134810840155658142,84.01551221,22.3480035,12.6449,II/389/ps1_dr2
134850839316157620,83.93163984843,22.38087171328,14.7619,II/389/ps1_dr2
134880839475086746,83.94751398737,22.40515626678,14.6482,II/389/ps1_dr2
134750837565979385,83.7566179257,22.29901885474,14.9293,II/389/ps1_dr2
134760837250475075,83.72507578067,22.30376196317,14.7227,II/389/ps1_dr2
134790837495881155,83.74959896378,22.3254940124,14.8081,II/389/ps1_dr2
134810838136041943,83.81359860686,22.34280733346,14.9086,II/389/ps1_dr2
134810837642327111,83.76418841,22.34710579,11.512,II/389/ps1_dr2
134810837640966783,83.76413318,22.34688211,12.9832,II/389/ps1_dr2
134800837723948595,83.77239585325,22.34001766495,14.0612,II/389/ps1_dr2
134800837832389779,83.78323419996,22.34100602884,14.5732,II/389/ps1_dr2
134840837976043117,83.79754715233,22.36876796597,13.01,II/389/ps1_dr2
134790837242074548,83.72413932979,22.32828754565,12.64,II/389/ps1_dr2
134810837457564707,83.74577298874,22.34514069694,13.161,II/389/ps1_dr2
134810837459575119,83.74576338,22.34511975,13.2777,II/389/ps1_dr2
134820837120182317,83.71203574483,22.35147365006,14.9699,II/389/ps1_dr2
134840837498147905,83.74982137085,22.37278412418,14.2487,II/389/ps1_dr2
134850837843833776,83.78439481882,22.37768481861,14.9959,II/389/ps1_dr2
134850838660973295,83.86597807459,22.37720396678,12.588,II/389/ps1_dr2
134850838566739150,83.85668785089,22.3821556276,14.6332,II/389/ps1_dr2
134860838243361634,83.82433832907,22.38422878168,12.118,II/389/ps1_dr2
134890838462118861,83.8460950765,22.41514125227,13.095,II/389/ps1_dr2
134930838688740353,83.86882517884,22.44146382685,14.3573,II/389/ps1_dr2
134940838974202139,83.89743778058,22.45131364258,14.1709,II/389/ps1_dr2
134920838581816518,83.85821166,22.43829815,9.0143,II/389/ps1_dr2
134920838586216491,83.85856191,22.43823485,8.9972,II/389/ps1_dr2
134960838603501254,83.86033767238,22.46723111442,13.8955,II/389/ps1_dr2
134650834862034407,83.48618618141,22.21157170216,14.6062,II/389/ps1_dr2
134670834781799084,83.47817913,22.23191665,12.7168,II/389/ps1_dr2
134670834780618708,83.47800043,22.23180175,11.312,II/389/ps1_dr2
134700834990633269,83.49904531808,22.2522935362,14.8477,II/389/ps1_dr2
134690834764315735,83.47640637994,22.2460053577,14.2416,II/389/ps1_dr2
134690835302532302,83.53019190636,22.24314823819,13.7759,II/389/ps1_dr2
134680835420944076,83.54205394891,22.23630266188,14.6566,II/389/ps1_dr2
134700835692547277,83.56924199294,22.25562647736,14.9121,II/389/ps1_dr2
134710835230146080,83.52298879955,22.26295358948,13.8855,II/389/ps1_dr2
134680834446847152,83.44468382617,22.23882806611,14.3929,II/389/ps1_dr2
134730834749198942,83.47484059901,22.28206229226,12.081,II/389/ps1_dr2
134720834601705066,83.46008864,22.27084964,10.8606,II/389/ps1_dr2
134740834986416102,83.49858326779,22.28797536544,13.8962,II/389/ps1_dr2
134720835854653941,83.5854252083,22.26950714314,13.5981,II/389/ps1_dr2
134740835880676294,83.58798022276,22.28813869507,13.038,II/389/ps1_dr2
134770836087068117,83.6087133167,22.31464146882,14.3677,II/389/ps1_dr2
134790835917449197,83.59175217604,22.33220834928,14.4284,II/389/ps1_dr2
134790835895554256,83.58938033,22.32815567,12.0089,II/389/ps1_dr2
134850836232463075,83.62323414149,22.37710457382,12.586,II/389/ps1_dr2
134790835371919160,83.53713758984,22.33219428512,13.227,II/389/ps1_dr2
134840835829181800,83.58292446395,22.36771705166,14.9845,II/389/ps1_dr2
134840835903085067,83.59031374536,22.37043576055,14.2269,II/389/ps1_dr2
134870835662627817,83.56622581812,22.39771309671,12.991,II/389/ps1_dr2
134880835988347659,83.59883683,22.40591613,12.67,II/389/ps1_dr2
134720834105329498,83.4104031606,22.2741274972,13.6765,II/389/ps1_dr2
134760834151016819,83.41509013029,22.30521569152,11.996,II/389/ps1_dr2
134750834281925112,83.42816060399,22.29549510511,14.1082,II/389/ps1_dr2
134810834949125895,83.49489269731,22.3461467679,14.9206,II/389/ps1_dr2
134820834630130253,83.46296738031,22.34977347719,13.7409,II/389/ps1_dr2
134820834350295724,83.43501802148,22.35433436648,14.728,II/389/ps1_dr2
134770833684194025,83.36837760197,22.3112474596,14.2958,II/389/ps1_dr2
134840833736707771,83.37356302754,22.37267580505,13.097,II/389/ps1_dr2
134880833937870857,83.39383508,22.40023932,12.0744,II/389/ps1_dr2
134880833941660954,83.39406058521,22.40035515425,12.097,II/389/ps1_dr2
134870835269893628,83.52696368911,22.39423857258,12.92,II/389/ps1_dr2
134840834814978924,83.48151823,22.37366061,12.364,II/389/ps1_dr2
134890835315245664,83.53150819825,22.41259705379,14.4229,II/389/ps1_dr2
134900835018069839,83.50198618,22.42448506,9.8271,II/389/ps1_dr2
134900835020629648,83.50188226,22.42429594,10.233,II/389/ps1_dr2
134900835016159473,83.501707,22.424189,10.885,II/389/ps1_dr2
134910835165972713,83.51656307898,22.42680642605,13.241,II/389/ps1_dr2
134940835393035454,83.53930115696,22.45406647762,13.9463,II/389/ps1_dr2
134910834903981064,83.49029936437,22.42543371799,13.8839,II/389/ps1_dr2
134950834505049541,83.45049565244,22.46584386299,14.2533,II/389/ps1_dr2
134930834612203706,83.46121833054,22.44430200309,14.2562,II/389/ps1_dr2
134920834567943078,83.45678992967,22.43544718005,14.0299,II/389/ps1_dr2
134980834911593072,83.49116758763,22.48543476874,14.4747,II/389/ps1_dr2
134840836859329582,83.68590440837,22.37418138465,14.4718,II/389/ps1_dr2
134850836487925709,83.64871216584,22.37926939982,13.7989,II/389/ps1_dr2
134840836485717467,83.64857470211,22.37243242303,14.4283,II/389/ps1_dr2
134930836942980635,83.69428757889,22.44172330152,13.156,II/389/ps1_dr2
134880836451116587,83.64510324251,22.40502124938,13.178,II/389/ps1_dr2
134910836634669417,83.66347935028,22.43239295966,14.7762,II/389/ps1_dr2
134900836091154560,83.60912497279,22.42000772404,14.8791,II/389/ps1_dr2
134930836102706027,83.61028115397,22.44623520083,14.3851,II/389/ps1_dr2
134950837048277501,83.70475424647,22.46407153498,12.885,II/389/ps1_dr2
134960836996112859,83.69962426516,22.46858854383,14.577,II/389/ps1_dr2
134960837097923392,83.70981180926,22.46903449461,14.8568,II/389/ps1_dr2
134970836477354891,83.64762344717,22.4785642199,12.604,II/389/ps1_dr2
134930837382708784,83.73827260832,22.44851907026,13.5397,II/389/ps1_dr2
134960837291560107,83.7292103,22.46645359,12.1035,II/389/ps1_dr2
134960837296631051,83.72960441,22.46699906,10.7558,II/389/ps1_dr2
134960837294770522,83.72937331,22.46670121,10.534,II/389/ps1_dr2
134970837637242230,83.76374045289,22.47639423531,14.8664,II/389/ps1_dr2
134970837561131949,83.75611491726,22.47615008345,14.8866,II/389/ps1_dr2
134970838083430459,83.80833069913,22.47489053227,14.0766,II/389/ps1_dr2
135000838125084375,83.81251580255,22.50317425334,14.3698,II/389/ps1_dr2
135010838322180778,83.83215394812,22.50847471695,12.883,II/389/ps1_dr2
135010837142306209,83.71424383261,22.51304742873,13.468,II/389/ps1_dr2
135040837211002787,83.72111107104,22.5351827886,14.3393,II/389/ps1_dr2
135020837683807974,83.76872468,22.52299171,10.3899,II/389/ps1_dr2
135020837685247556,83.76855587,22.5226273,12.2613,II/389/ps1_dr2
135020837687208369,83.7689324,22.52324375,10.798,II/389/ps1_dr2
135060837286281906,83.72863747985,22.55112059664,13.38,II/389/ps1_dr2
135070837488967985,83.74887936113,22.56450963943,14.008,II/389/ps1_dr2
134970835981791555,83.59819083185,22.47584328464,14.9889,II/389/ps1_dr2
135020836108393954,83.61083558703,22.51948241113,13.5867,II/389/ps1_dr2
135020836370048766,83.63701352711,22.52351726641,14.9188,II/389/ps1_dr2
135050835532498582,83.55329435,22.54839463,14.3986,II/389/ps1_dr2
135050835530749210,83.55304865,22.54882113,11.468,II/389/ps1_dr2
135040836605973668,83.6605121663,22.53587515843,12.241,II/389/ps1_dr2
135110837213271896,83.72129532648,22.59275574163,13.435,II/389/ps1_dr2
135100837070652248,83.70706316,22.58471364,12.486,II/389/ps1_dr2
135140837086211601,83.70859052504,22.6175105227,13.5884,II/389/ps1_dr2
135110836235172632,83.62348501783,22.59337452861,13.8152,II/389/ps1_dr2
135130836701119597,83.67012570676,22.61587573605,14.8273,II/389/ps1_dr2
135120836770762576,83.67699673711,22.60163816489,14.0573,II/389/ps1_dr2
135170836435562421,83.64358781585,22.64318351013,14.5411,II/389/ps1_dr2
135160836764534605,83.67649524908,22.63665948301,14.1275,II/389/ps1_dr2
133700822838262978,82.28384982891,21.41859550596,14.5943,II/389/ps1_dr2
133700822994161656,82.29945729,21.41748407,12.041,II/389/ps1_dr2
133720822678947168,82.26791284097,21.43878132795,14.7457,II/389/ps1_dr2
133740822591421036,82.25917642545,21.45035357269,14.3582,II/389/ps1_dr2
133720822577206550,82.25772126724,21.43828232651,13.9856,II/389/ps1_dr2
133750822982791850,82.29826736609,21.45940798322,14.9977,II/389/ps1_dr2
133780823071046554,82.30703334722,21.48834719259,13.217,II/389/ps1_dr2
133710822194876320,82.2195749276,21.42975411311,12.543,II/389/ps1_dr2
133770822102798682,82.21014051,21.48186751,13.0863,II/389/ps1_dr2
133770822102749591,82.21031331,21.48244265,11.56,II/389/ps1_dr2
133770822107079412,82.21071113,21.4823432,13.1776,II/389/ps1_dr2
133770822100279276,82.21013047,21.48205015,12.2695,II/389/ps1_dr2
133770823497608269,82.34960614,21.48117447,12.4938,II/389/ps1_dr2
133770823495637897,82.34960333796,21.48120251789,11.71,II/389/ps1_dr2
133780823608661189,82.36085741815,21.48386043946,14.9988,II/389/ps1_dr2
133800823582457044,82.35815103129,21.50539772268,12.753,II/389/ps1_dr2
133800823167380515,82.31672414533,21.49996358878,14.6303,II/389/ps1_dr2
133800823290131338,82.32896785,21.50048366,11.5143,II/389/ps1_dr2
133840824231120819,82.42309129327,21.53357764222,14.4036,II/389/ps1_dr2
133860823700927515,82.37001052204,21.55580630664,14.0729,II/389/ps1_dr2
133830823213121018,82.32127816614,21.52539624186,14.1807,II/389/ps1_dr2
133870823287360521,82.32871007606,21.5583170696,14.3665,II/389/ps1_dr2
133880823043958782,82.30437286509,21.57354157643,14.7956,II/389/ps1_dr2
133860823446147826,82.34439463,21.55592616,12.978,II/389/ps1_dr2
133870823405086376,82.34039344,21.56328127,13.5621,II/389/ps1_dr2
133870823409076982,82.34079743,21.56348234,13.1348,II/389/ps1_dr2
133870823413757273,82.34171347,21.56384811,10.571,II/389/ps1_dr2
133870823416018414,82.34166941,21.56498954,12.9633,II/389/ps1_dr2
133880823386192452,82.3386000443,21.56828105178,14.5737,II/389/ps1_dr2
133870823413258006,82.34140078,21.56454644,12.4516,II/389/ps1_dr2
133860823450767622,82.34503224,21.55586134,14.3663,II/389/ps1_dr2
133870823409507474,82.3408461,21.56415536,14.57,II/389/ps1_dr2
133870823763619758,82.37621692,21.56619458,10.883,II/389/ps1_dr2
133870823764419217,82.37632744,21.56558655,10.9175,II/389/ps1_dr2
133880823766670006,82.3764229,21.56614711,10.8089,II/389/ps1_dr2
133880823764900322,82.37673986,21.56646459,12.7388,II/389/ps1_dr2
133760821720626122,82.17209941551,21.47125681688,12.935,II/389/ps1_dr2
133820821570422484,82.1569764,21.51826136,12.9983,II/389/ps1_dr2
133820821574991655,82.1575721,21.51765622,8.989,II/389/ps1_dr2
133820821581841109,82.15825974,21.5172127,13.1628,II/389/ps1_dr2
133820821564731538,82.15647315,21.51727525,13.5915,II/389/ps1_dr2
133820821569421890,82.15686977,21.51799163,13.5838,II/389/ps1_dr2
133810821563258220,82.15604311,21.51468704,14.909,II/389/ps1_dr2
133810822298423913,82.22986259942,21.51113864667,14.4334,II/389/ps1_dr2
133840822420765844,82.24207678402,21.53772431379,14.6656,II/389/ps1_dr2
133840821229874995,82.12300641782,21.53703950862,14.25,II/389/ps1_dr2
133870821708182321,82.1709148,21.55990909,11.6441,II/389/ps1_dr2
133890821960252875,82.19602248672,21.57692889142,14.7307,II/389/ps1_dr2
133910821509155986,82.15092389775,21.59619514842,14.1998,II/389/ps1_dr2
133920821779341862,82.17792265305,21.60108613254,13.9881,II/389/ps1_dr2
133900822882622068,82.28825143697,21.58462306533,12.71,II/389/ps1_dr2
133920822672866405,82.26726281091,21.60489976757,13.6495,II/389/ps1_dr2
133910823127953191,82.31277334382,21.59389506146,13.8404,II/389/ps1_dr2
133950823216326167,82.32161452633,21.6296998708,14.5513,II/389/ps1_dr2
133950821870203619,82.18701500581,21.62757147033,13.083,II/389/ps1_dr2
133940821788406420,82.17883759903,21.62154837777,14.9179,II/389/ps1_dr2
133960822015184469,82.20146361476,21.63659712251,14.9662,II/389/ps1_dr2
133940822235019890,82.22342518446,21.62447189554,10.687,II/389/ps1_dr2
133940822230479780,82.22298598,21.62438868,11.0887,II/389/ps1_dr2
133990822694972499,82.26946897868,21.65998162236,14.4387,II/389/ps1_dr2
133990822452628229,82.24521956711,21.6647526647,13.053,II/389/ps1_dr2
133900824261454185,82.42610117381,21.58637034683,13.5341,II/389/ps1_dr2
133920824403072348,82.44028918416,21.60152576689,14.8492,II/389/ps1_dr2
133910824460452147,82.44602821782,21.5930156126,14.8538,II/389/ps1_dr2
133950824731997219,82.47318267186,21.63060481611,13.074,II/389/ps1_dr2
133960823750971439,82.37506853262,21.63411550861,12.6,II/389/ps1_dr2
133960823844014633,82.38437241341,21.63677442536,14.2355,II/389/ps1_dr2
133970824281793970,82.42814703377,21.64454875258,14.5321,II/389/ps1_dr2
134030824444979731,82.44447669885,21.69934431882,14.2243,II/389/ps1_dr2
133970825386858378,82.53864409202,21.6482181204,13.7215,II/389/ps1_dr2
133950825311457202,82.53112846639,21.63056256563,14.451,II/389/ps1_dr2
133990824964855597,82.49646795161,21.66256902324,14.9494,II/389/ps1_dr2
134020825765567812,82.57656575541,21.68940008955,12.826,II/389/ps1_dr2
134020826011466345,82.60115877082,21.688163537,14.6692,II/389/ps1_dr2
134030826035105698,82.603468851,21.69601032504,14.5667,II/389/ps1_dr2
134030825859281463,82.58593547472,21.69243295671,14.1271,II/389/ps1_dr2
134030825496668185,82.54966009722,21.69806356376,14.3584,II/389/ps1_dr2
134050825448505674,82.54482564802,21.71264951837,13.5967,II/389/ps1_dr2
134070825734579586,82.5734710065,21.73252802379,14.3516,II/389/ps1_dr2
134070824933235247,82.49330526178,21.72894162233,14.8988,II/389/ps1_dr2
134080825500041172,82.54997665796,21.73389086591,14.9251,II/389/ps1_dr2
134070825018586711,82.50183047831,21.73017522826,13.8766,II/389/ps1_dr2
134100825071102323,82.5070782258,21.75152332848,12.968,II/389/ps1_dr2
134120825218333012,82.52178962981,21.76877257372,13.305,II/389/ps1_dr2
134000823749992953,82.37497066566,21.66870413036,14.1664,II/389/ps1_dr2
134010823334125662,82.33337890816,21.6792967324,13.5908,II/389/ps1_dr2
134030823633721430,82.36333525642,21.6924346554,13.7161,II/389/ps1_dr2
134020824146605159,82.41463028108,21.68720892034,13.9552,II/389/ps1_dr2
134040824176432678,82.41765110639,21.70182216483,14.7166,II/389/ps1_dr2
134020823770581547,82.37703349449,21.68418441656,14.9532,II/389/ps1_dr2
134060824112502257,82.41119233,21.71813193,11.656,II/389/ps1_dr2
134040823300576693,82.3300427076,21.70512562077,12.942,II/389/ps1_dr2
134040823275371819,82.32751061076,21.70108434202,14.9887,II/389/ps1_dr2
134040823306587452,82.3306290983,21.70577602962,14.9833,II/389/ps1_dr2
134060822882892674,82.28825099388,21.71847443959,14.3769,II/389/ps1_dr2
134060823056162861,82.30558389355,21.71862854414,13.9797,II/389/ps1_dr2
134070822953404214,82.29530820959,21.72808548389,14.1657,II/389/ps1_dr2
134080823854799627,82.38545161383,21.74092888733,14.7437,II/389/ps1_dr2
134070823378857935,82.33785280203,21.73119106431,14.5677,II/389/ps1_dr2
134090823484355278,82.3483978716,21.74564577795,13.9496,II/389/ps1_dr2
134100823428798984,82.34284759357,21.75705696877,14.4935,II/389/ps1_dr2
134070824153586618,82.41532166206,21.73009720194,14.1534,II/389/ps1_dr2
134150824895310435,82.48950709446,21.79163817792,12.989,II/389/ps1_dr2
134120823911682144,82.39114061039,21.76802887961,14.8546,II/389/ps1_dr2
134160824155416210,82.41551954766,21.8047495437,14.5896,II/389/ps1_dr2
134190824578410097,82.45780413651,21.82466322662,13.093,II/389/ps1_dr2
134180824173756076,82.41734687287,21.82131899722,13.46,II/389/ps1_dr2
133880820932111377,82.09320868518,21.5673526189,14.8842,II/389/ps1_dr2
133850820890867136,82.08909793734,21.54715751865,13.293,II/389/ps1_dr2
133930820786492968,82.07866641655,21.61035638662,14.9272,II/389/ps1_dr2
133930820879927104,82.08801505547,21.61379903872,14.6815,II/389/ps1_dr2
133950821404910545,82.14049154844,21.62499513424,14.1651,II/389/ps1_dr2
133950821437022111,82.14370292309,21.62629878473,14.5211,II/389/ps1_dr2
133970821524423155,82.15248235,21.64393134,12.595,II/389/ps1_dr2
133930820585722255,82.05858937192,21.60976326331,14.6903,II/389/ps1_dr2
133940820607027288,82.06073457004,21.62227959576,14.1342,II/389/ps1_dr2
133940820075733051,82.00759635384,21.61875911524,14.6309,II/389/ps1_dr2
133950820222584805,82.02229319161,21.62854420659,14.77,II/389/ps1_dr2
133950820484347417,82.04845280312,21.63072399909,14.9536,II/389/ps1_dr2
133970821135748381,82.11363821457,21.64816777348,14.8605,II/389/ps1_dr2
134010820735478367,82.07358116707,21.6815015272,14.7385,II/389/ps1_dr2
133960821699051487,82.16989778135,21.63410719877,13.7872,II/389/ps1_dr2
133990821939546774,82.19391489547,21.66354195774,12.817,II/389/ps1_dr2
133990821875767200,82.18753230954,21.66387289158,14.945,II/389/ps1_dr2
134010821554830282,82.15547423431,21.67477151819,14.3629,II/389/ps1_dr2
134010821971707789,82.19708372798,21.68101396645,14.4291,II/389/ps1_dr2
134020821701549972,82.17023926,21.69134025,12.7056,II/389/ps1_dr2
134020821701689202,82.17000223,21.69048557,11.2099,II/389/ps1_dr2
134020821694889511,82.1694593,21.69090249,14.9285,II/389/ps1_dr2
134020821698109284,82.16989059,21.69054318,10.8661,II/389/ps1_dr2
134020821623086125,82.16231040082,21.68797271714,14.926,II/389/ps1_dr2
134020821697628880,82.169929,21.690434,10.819,II/389/ps1_dr2
134030821625453179,82.16250608708,21.6938528073,12.996,II/389/ps1_dr2
134040821676526195,82.16760440076,21.70470358475,14.4054,II/389/ps1_dr2
134030821442168644,82.14420500703,21.69838827639,14.8859,II/389/ps1_dr2
134050821278711179,82.12780959,21.70883876,12.9882,II/389/ps1_dr2
134050821277900798,82.12780866272,21.70847789939,12.081,II/389/ps1_dr2
134080821743341704,82.17429335356,21.73429727639,14.3963,II/389/ps1_dr2
134080821952233429,82.19519179994,21.73575778105,14.163,II/389/ps1_dr2
134110821565736517,82.15661178037,21.76328342888,14.567,II/389/ps1_dr2
134110821657014196,82.16575829612,21.76134183865,13.406,II/389/ps1_dr2
133980820262396059,82.02625954632,21.65446944684,14.6762,II/389/ps1_dr2
134000819875968497,81.98761854623,21.67332242469,14.8152,II/389/ps1_dr2
134010819996075904,81.99965059466,21.67945873378,13.8285,II/389/ps1_dr2
134010820471551562,82.04722365411,21.67581905378,13.015,II/389/ps1_dr2
134030819783740212,81.97840233368,21.69139121577,14.1071,II/389/ps1_dr2
134040819848401178,81.98495469612,21.70044734688,12.991,II/389/ps1_dr2
134060819865716115,81.98658045973,21.72129819264,13.336,II/389/ps1_dr2
134050820064383004,82.00645849961,21.71036900534,14.9956,II/389/ps1_dr2
134080820320313135,82.03208330196,21.73546677125,13.6871,II/389/ps1_dr2
134100819819720188,81.98203466568,21.74968838643,14.0146,II/389/ps1_dr2
134060820732175045,82.07335949339,21.72052994812,14.3323,II/389/ps1_dr2
134100820768264867,82.07686601023,21.75357491818,14.0561,II/389/ps1_dr2
134090821346823459,82.13472144359,21.74404416619,13.331,II/389/ps1_dr2
134130821648542007,82.16496641,21.77628176,13.5391,II/389/ps1_dr2
134140821457928130,82.14576114544,21.78967342569,13.6443,II/389/ps1_dr2
134130821651462178,82.16510807298,21.77636713017,12.227,II/389/ps1_dr2
134100820356437795,82.03568962828,21.75602599699,13.9798,II/389/ps1_dr2
134140820578088899,82.05781670497,21.79027576888,14.8605,II/389/ps1_dr2
134170820997854224,82.09977376173,21.81140565981,14.6982,II/389/ps1_dr2
134070822563819237,82.25635354178,21.73227255999,14.2491,II/389/ps1_dr2
134060822763680563,82.27634324574,21.71671413416,13.9807,II/389/ps1_dr2
134070822806598570,82.28062980344,21.73171895238,14.2226,II/389/ps1_dr2
134110822714433873,82.27140341951,21.7611473797,13.6026,II/389/ps1_dr2
134130822686726040,82.26864584625,21.77961197236,14.7588,II/389/ps1_dr2
134120822663568765,82.26632160504,21.77355362715,14.5605,II/389/ps1_dr2
134150823252637230,82.32523025862,21.79727305437,13.8394,II/389/ps1_dr2
134140822745528868,82.27450858767,21.79028998063,13.4593,II/389/ps1_dr2
134160823247797612,82.32474967945,21.80591667199,14.7288,II/389/ps1_dr2
134140822707178238,82.2706663379,21.78984749875,14.491,II/389/ps1_dr2
134180822762201338,82.27617899618,21.81736351127,14.1601,II/389/ps1_dr2
134160823635012239,82.36338323,21.80135148,12.3387,II/389/ps1_dr2
134160823639992530,82.36391042,21.80183121,11.274,II/389/ps1_dr2
134170823805287669,82.38049735734,21.81430820215,14.1218,II/389/ps1_dr2
134210823614556625,82.36142500522,21.84676899996,14.1812,II/389/ps1_dr2
134210823423450269,82.34232120191,21.84146005768,14.6101,II/389/ps1_dr2
134210824179310889,82.4179289,21.84200132,12.222,II/389/ps1_dr2
134220823720477748,82.37185505,21.85590874,11.8246,II/389/ps1_dr2
134220823719006968,82.37191422,21.85555555,9.7843,II/389/ps1_dr2
134270823901510848,82.39020189,21.89197299,13.057,II/389/ps1_dr2
134290823286935630,82.32865637413,21.91262054976,11.798,II/389/ps1_dr2
134280823135604995,82.31352009,21.90377866,12.656,II/389/ps1_dr2
134290823284445253,82.32857736,21.9123367,13.5186,II/389/ps1_dr2
134300823474159020,82.34738731481,21.92375938547,12.326,II/389/ps1_dr2
134320823611554579,82.36113578302,21.93672400522,14.5014,II/389/ps1_dr2
134310823412569339,82.34123887999,21.93235096133,13.9878,II/389/ps1_dr2
134180821610288859,82.16102867556,21.82353565241,14.4799,II/389/ps1_dr2
134190821577014522,82.15768484179,21.82834108656,14.4392,II/389/ps1_dr2
134210821735726204,82.17355746181,21.84641089595,14.2758,II/389/ps1_dr2
134200821732114999,82.17319397539,21.83707464783,14.4933,II/389/ps1_dr2
134230821874679341,82.18745642751,21.86570220559,13.9932,II/389/ps1_dr2
134240821863611279,82.1863661653,21.86732810652,13.3904,II/389/ps1_dr2
134220821873618148,82.18734605489,21.85636540241,14.4087,II/389/ps1_dr2
134240821950093316,82.19499859,21.86898267,11.0242,II/389/ps1_dr2
134240821947343509,82.19449744,21.86904171,10.0552,II/389/ps1_dr2
134230821887943918,82.18878603838,21.86118401922,14.4812,II/389/ps1_dr2
134260822204000212,82.22037696747,21.88310714195,12.012,II/389/ps1_dr2
134260822198623692,82.21984394906,21.88598174842,14.7113,II/389/ps1_dr2
134210821422907882,82.14230712,21.84794085,11.609,II/389/ps1_dr2
134240821053186313,82.10532015842,21.87145497983,14.771,II/389/ps1_dr2
134260821901021666,82.19009026171,21.88429470793,14.6966,II/389/ps1_dr2
134270821847564503,82.18480671017,21.89494028696,13.005,II/389/ps1_dr2
134290821514223475,82.15142588198,21.91075995929,13.8798,II/389/ps1_dr2
134300821559470551,82.15595200012,21.91665147273,14.6785,II/389/ps1_dr2
134260822778721454,82.27784580034,21.88411532799,14.7304,II/389/ps1_dr2
134300823246992863,82.32468981333,21.91861410407,14.8714,II/389/ps1_dr2
134320823338332180,82.33379382,21.93467234,12.203,II/389/ps1_dr2
134330823364596898,82.33642858521,21.94697634839,14.9819,II/389/ps1_dr2
134320822726348581,82.27264454798,21.94003610602,13.413,II/389/ps1_dr2
134310822061200059,82.20612967935,21.924590672,14.1522,II/389/ps1_dr2
134370822179522909,82.21796235976,21.97697477721,13.8538,II/389/ps1_dr2
134350822851346178,82.28515293294,21.96303022787,13.8233,II/389/ps1_dr2
134380822692901178,82.2693037687,21.98387214109,14.0418,II/389/ps1_dr2
134370822881948056,82.28820223687,21.9812664841,14.9585,II/389/ps1_dr2
134070826196103488,82.61959217594,21.7274646038,13.211,II/389/ps1_dr2
134060826182274235,82.61823079005,21.71978764612,14.433,II/389/ps1_dr2
134080826265926800,82.62659371285,21.73856446943,14.6882,II/389/ps1_dr2
134100826326303412,82.63259519017,21.75243216523,14.2986,II/389/ps1_dr2
134080826257956748,82.62567888345,21.73853645082,13.295,II/389/ps1_dr2
134090826025975865,82.60256699035,21.74613685457,14.5298,II/389/ps1_dr2
134130826692848767,82.66926563698,21.78191478086,12.725,II/389/ps1_dr2
134150826883614651,82.68825243208,21.79508923451,13.8017,II/389/ps1_dr2
134130826694579145,82.66942084,21.78200327,12.746,II/389/ps1_dr2
134090825720383926,82.57203375529,21.74447352567,11.994,II/389/ps1_dr2
134150825907142180,82.59068911343,21.79307283027,14.7163,II/389/ps1_dr2
134120825477897337,82.54779301917,21.77231998453,14.0276,II/389/ps1_dr2
134150825514207710,82.55138492551,21.79768296198,14.9492,II/389/ps1_dr2
134170826105389452,82.61051976842,21.81579387319,14.4647,II/389/ps1_dr2
134200826462990920,82.64624340312,21.833674861,13.086,II/389/ps1_dr2
134150826948568368,82.69483279439,21.79823145995,14.3912,II/389/ps1_dr2
134200826863627692,82.68628195,21.83945687,11.298,II/389/ps1_dr2
134220827132816649,82.71314922453,21.8550806168,13.434,II/389/ps1_dr2
134220827289680284,82.72895726486,21.84982271419,13.5913,II/389/ps1_dr2
134250827304753584,82.73046837227,21.87757303168,14.0945,II/389/ps1_dr2
134260827603403120,82.76033217,21.88550682,12.616,II/389/ps1_dr2
134260827600413004,82.76035796,21.88549591,12.4659,II/389/ps1_dr2
134240826676881734,82.66763969,21.86777924,10.946,II/389/ps1_dr2
134230826888681121,82.68882552,21.85887709,13.045,II/389/ps1_dr2
134250826963900099,82.69632020604,21.87464640083,13.46,II/389/ps1_dr2
134310827065092900,82.70644888275,21.9269862182,13.321,II/389/ps1_dr2
134320827063888118,82.70638066393,21.93969834917,14.7289,II/389/ps1_dr2
134250825676086100,82.56758610678,21.87966992818,14.4483,II/389/ps1_dr2
134230824756429519,82.47561280729,21.86583507916,14.6492,II/389/ps1_dr2
134310825187941653,82.51875931693,21.92596305056,14.7041,II/389/ps1_dr2
134260826084868081,82.60867328,21.88969543,12.354,II/389/ps1_dr2
134260826088648499,82.60902706,21.8900499,12.6015,II/389/ps1_dr2
134260826087797987,82.60861082,21.88960057,11.6968,II/389/ps1_dr2
134270825996272224,82.59960557103,21.89310268931,14.4571,II/389/ps1_dr2
134300826061369934,82.60613864606,21.92447542447,14.6753,II/389/ps1_dr2
134320826839457959,82.68404207,21.93937494,11.5916,II/389/ps1_dr2
134360826473333946,82.64730646607,21.96955752589,14.5068,II/389/ps1_dr2
134290825682497265,82.56821639885,21.91398161092,14.6724,II/389/ps1_dr2
134320825360378504,82.53594816762,21.939981901,13.451,II/389/ps1_dr2
134360825824328994,82.58244716652,21.97367804475,14.666,II/389/ps1_dr2
134340825610427064,82.56099836072,21.95550425252,13.038,II/389/ps1_dr2
134350826126066139,82.61259712,21.96291685,12.288,II/389/ps1_dr2
134330826150409426,82.61526709974,21.94918485145,14.2405,II/389/ps1_dr2
134350826126205804,82.61252835,21.96287255,12.9293,II/389/ps1_dr2
134350826123315672,82.61223118,21.96230647,13.089,II/389/ps1_dr2
134370826343843970,82.63435238194,21.97790072652,14.698,II/389/ps1_dr2
134380825936634297,82.59365909355,21.98649103817,13.6803,II/389/ps1_dr2
134240827957357538,82.79574855138,21.87256135898,14.5524,II/389/ps1_dr2
134260828104959113,82.81048722578,21.89051872033,14.4789,II/389/ps1_dr2
134290827861234127,82.78610793251,21.91135608156,14.9797,II/389/ps1_dr2
134330828526769594,82.85262560858,21.94924621483,13.9396,II/389/ps1_dr2
134320828076588809,82.80760286455,21.94025299453,12.305,II/389/ps1_dr2
134360828300305929,82.83000323262,21.97119199765,14.2497,II/389/ps1_dr2
134300827651225137,82.76511425695,21.92054281938,14.7033,II/389/ps1_dr2
134310827638235534,82.76380419025,21.92920169153,14.1483,II/389/ps1_dr2
134300827367427505,82.73676514147,21.92248252665,14.821,II/389/ps1_dr2
134330827785329428,82.77852549874,21.9491087321,14.4806,II/389/ps1_dr2
134310827285465562,82.72841509265,21.92916942689,12.689,II/389/ps1_dr2
134340827193961923,82.71934096562,21.95119667948,14.1168,II/389/ps1_dr2
134340827512538304,82.75116455352,21.95648186283,13.8147,II/389/ps1_dr2
134340828780824117,82.87808789851,21.952973581,14.547,II/389/ps1_dr2
134400828739132933,82.87387778502,22.00201834074,14.4924,II/389/ps1_dr2
134390829312983509,82.93126105761,21.99417276514,14.9498,II/389/ps1_dr2
134420828992216754,82.89917213229,22.02187866751,14.5206,II/389/ps1_dr2
134450829424285364,82.94228830287,22.04568239484,13.8318,II/389/ps1_dr2
134420828154221055,82.81539384627,22.01713207816,13.458,II/389/ps1_dr2
134430828158312278,82.81580034832,22.02648728375,13.798,II/389/ps1_dr2
134420828269898805,82.82696439669,22.0235835252,14.2217,II/389/ps1_dr2
134450828396180794,82.8395985,22.04185014,12.8042,II/389/ps1_dr2
134460828441237370,82.84408737719,22.05572997535,14.5462,II/389/ps1_dr2
134450828392810772,82.83931158,22.04188739,11.876,II/389/ps1_dr2
134470828439753773,82.84394869416,22.06106183732,14.4115,II/389/ps1_dr2
134490828794720394,82.87944476906,22.07490081451,14.99,II/389/ps1_dr2
134350827207633363,82.72075472423,21.96073472831,13.8966,II/389/ps1_dr2
134360827025212550,82.70249298169,21.96837591257,13.9136,II/389/ps1_dr2
134390827373951885,82.73738514301,21.99283804778,14.7302,II/389/ps1_dr2
134390826950266555,82.69501951152,21.99672248651,12.892,II/389/ps1_dr2
134390826948906889,82.69501607648,21.99672307291,12.8749,II/389/ps1_dr2
134430827227127625,82.72258820405,22.03088684785,12.446,II/389/ps1_dr2
134440827419864198,82.74196344377,22.03641664188,14.2968,II/389/ps1_dr2
134410826532766323,82.65325447071,22.01320312578,14.9406,II/389/ps1_dr2
134420826429507989,82.64290078928,22.02291660111,12.871,II/389/ps1_dr2
134440826526098345,82.65258757079,22.03987982116,14.3955,II/389/ps1_dr2
134440827179016869,82.71785264067,22.03864292615,14.2942,II/389/ps1_dr2
134450826964480655,82.69637482321,22.04179425328,14.5525,II/389/ps1_dr2
134450827125462588,82.71253013083,22.04342444437,14.7762,II/389/ps1_dr2
134460827284066397,82.7283682537,22.05492501056,14.1693,II/389/ps1_dr2
134480826953803922,82.69539059195,22.06947348289,14.8408,II/389/ps1_dr2
134500826862594033,82.6863008,22.08613705,11.342,II/389/ps1_dr2
134500826864414393,82.68649468,22.08661921,11.3345,II/389/ps1_dr2
134500826867205766,82.68675118468,22.08767546529,13.645,II/389/ps1_dr2
134500826859763437,82.68618951,22.0858596,9.6256,II/389/ps1_dr2
134500826862553611,82.68615174,22.08582208,9.986,II/389/ps1_dr2
134480828079707737,82.80795017826,22.07270246134,13.498,II/389/ps1_dr2
134470828192096671,82.81922550072,22.06344347681,14.1954,II/389/ps1_dr2
134470827504407555,82.75038086705,22.06429317764,14.9736,II/389/ps1_dr2
134500828554515272,82.85542776963,22.08730962849,14.3139,II/389/ps1_dr2
134510828392978890,82.83924656975,22.09865231686,13.9439,II/389/ps1_dr2
134530828677248411,82.86769431804,22.1149161685,14.2944,II/389/ps1_dr2
134520828284391843,82.82843597069,22.10110628899,14.399,II/389/ps1_dr2
134540828543456315,82.85427646078,22.12148966717,13.43,II/389/ps1_dr2
134550828337431553,82.83372397316,22.12587398954,14.7853,II/389/ps1_dr2
134490827418871713,82.74187478208,22.07602748733,14.8454,II/389/ps1_dr2
134510827386273559,82.73861311176,22.09422952962,14.7622,II/389/ps1_dr2
134520827729124206,82.77284297308,22.10309175907,12.114,II/389/ps1_dr2
134520827248102087,82.72479814294,22.10133463949,14.795,II/389/ps1_dr2
134570828220569859,82.82202973396,22.14946142685,14.7235,II/389/ps1_dr2
134570828284481562,82.82843418701,22.14254617455,14.5374,II/389/ps1_dr2
134270824395062106,82.43947771099,21.89299281267,14.4003,II/389/ps1_dr2
134310824271306857,82.42708255917,21.93029666884,13.5525,II/389/ps1_dr2
134300824570113769,82.45701091061,21.91936842696,14.292,II/389/ps1_dr2
134300824011898770,82.40115961048,21.92355446934,14.2987,II/389/ps1_dr2
134300824089518284,82.40892352921,21.92314457942,14.8192,II/389/ps1_dr2
134320824116253800,82.41159177162,21.93606601365,14.5252,II/389/ps1_dr2
134330824006879794,82.40065731667,21.94940678753,14.7917,II/389/ps1_dr2
134350823814382535,82.38143791804,21.95999834567,12.829,II/389/ps1_dr2
134350824468287489,82.44683190667,21.9641168276,14.4482,II/389/ps1_dr2
134360824530902095,82.45307812283,21.96793731563,12.77,II/389/ps1_dr2
134360824527932007,82.45287626,21.96783968,14.2901,II/389/ps1_dr2
134410824486391993,82.44873613,22.0098109,11.4664,II/389/ps1_dr2
134420824419208546,82.44194363,22.02333674,12.5188,II/389/ps1_dr2
134420824422348725,82.4421492,22.02350894,11.753,II/389/ps1_dr2
134370825646094311,82.56454236674,21.97817977177,14.1651,II/389/ps1_dr2
134380824904762297,82.49032949,21.98481564,12.92,II/389/ps1_dr2
134400825295731262,82.52956629971,22.00059101288,13.9766,II/389/ps1_dr2
134440825939685906,82.59392680957,22.03786001281,14.5882,II/389/ps1_dr2
134450825038366644,82.50382384414,22.04674122377,14.028,II/389/ps1_dr2
134440825361733800,82.53612031409,22.03600351396,11.802,II/389/ps1_dr2
134440825357633464,82.5357541,22.03579891,12.7403,II/389/ps1_dr2
134470825076731719,82.50763459,22.05954006,11.5736,II/389/ps1_dr2
134470825079061970,82.50781945,22.05947126,10.814,II/389/ps1_dr2
134470825081602287,82.50815504,22.05977768,13.5373,II/389/ps1_dr2
134470825071141575,82.50712925,22.05919128,12.3979,II/389/ps1_dr2
134340823496014339,82.34958434919,21.95319882377,14.0867,II/389/ps1_dr2
134400823390771889,82.3390912064,22.0011171905,13.7103,II/389/ps1_dr2
134460824079035313,82.4079250569,22.05395749447,13.395,II/389/ps1_dr2
134450823934387395,82.39333215273,22.04734607326,13.116,II/389/ps1_dr2
134390823150087456,82.31501638687,21.99742790746,14.5828,II/389/ps1_dr2
134400822980963941,82.29811246774,22.00284004824,12.854,II/389/ps1_dr2
134420823265780742,82.3265907845,22.01683261782,13.18,II/389/ps1_dr2
134410822921035258,82.29209037287,22.01225960508,14.4069,II/389/ps1_dr2
134440823422012666,82.3422140676,22.03510521275,13.093,II/389/ps1_dr2
134440823606486598,82.36067654841,22.03838381056,14.0482,II/389/ps1_dr2
134490823556585008,82.35565601501,22.0787189298,12.435,II/389/ps1_dr2
134490823552183902,82.35521832103,22.07779790545,14.4758,II/389/ps1_dr2
134510823530778008,82.35304725086,22.09789629205,13.35,II/389/ps1_dr2
134440824470418300,82.44703849943,22.03979053428,13.6495,II/389/ps1_dr2
134440824292605032,82.42926492574,22.03707140118,14.3751,II/389/ps1_dr2
134520825168392361,82.51683760979,22.10150869143,14.6201,II/389/ps1_dr2
134540824831748172,82.48316535173,22.12301292207,14.7517,II/389/ps1_dr2
134540824275465603,82.4275630088,22.12087052926,14.8625,II/389/ps1_dr2
134550824429834825,82.44299020144,22.1285432779,14.3223,II/389/ps1_dr2
134540824327791879,82.43278299347,22.11776948797,13.387,II/389/ps1_dr2
134540824281476944,82.42808733473,22.12207777502,13.111,II/389/ps1_dr2
134570824771301050,82.47713714245,22.14208299591,14.7442,II/389/ps1_dr2
134570824622843146,82.46231034564,22.14381875317,14.1699,II/389/ps1_dr2
134550824635921972,82.46359095701,22.12617993663,14.3608,II/389/ps1_dr2
134580824147489257,82.4147491027,22.15725053309,14.7394,II/389/ps1_dr2
134590824523943818,82.45240516208,22.16105552265,13.3577,II/389/ps1_dr2
134470826398040162,82.63977710041,22.0580561746,14.4716,II/389/ps1_dr2
134490825997203883,82.59966464211,22.07784297594,13.299,II/389/ps1_dr2
134490826014191450,82.60138269574,22.07580324783,14.4794,II/389/ps1_dr2
134480825812905788,82.58112970485,22.07097390546,12.67,II/389/ps1_dr2
134510826454031907,82.6453696981,22.09284644594,14.2639,II/389/ps1_dr2
134500825731733234,82.57313666575,22.08563004473,14.3969,II/389/ps1_dr2
134510825455033607,82.54549151137,22.09421186431,14.8496,II/389/ps1_dr2
134540825749593120,82.57508281,22.11896739,13.8065,II/389/ps1_dr2
134540825750443498,82.57501337117,22.11910653468,12.673,II/389/ps1_dr2
134580825809860337,82.58098274217,22.14983056882,12.369,II/389/ps1_dr2
134560827330250059,82.73299066824,22.13300056082,12.901,II/389/ps1_dr2
134590826963141654,82.69632140165,22.15925692119,13.6046,II/389/ps1_dr2
134590827022630149,82.7022199799,22.15801719182,14.2367,II/389/ps1_dr2
134610826974814549,82.69749862145,22.17833977419,13.8861,II/389/ps1_dr2
134630826868675355,82.68681958354,22.19567894235,12.852,II/389/ps1_dr2
134630826823054803,82.68230820919,22.19521779595,12.68,II/389/ps1_dr2
134640827204307694,82.7204496606,22.20596018734,14.6598,II/389/ps1_dr2
134700826949068487,82.69491360935,22.25661703136,11.777,II/389/ps1_dr2
134570825307264646,82.53072050996,22.14507364208,14.6481,II/389/ps1_dr2
134560825633656550,82.5633779939,22.13842900107,13.027,II/389/ps1_dr2
134570825054915837,82.50535854,22.14584959,12.9379,II/389/ps1_dr2
134570825056756210,82.50564040165,22.14636101819,11.895,II/389/ps1_dr2
134590825848838285,82.58488757958,22.16477504684,14.7383,II/389/ps1_dr2
134600824802250901,82.48019784818,22.16691430102,13.274,II/389/ps1_dr2
134600825043483921,82.50434291422,22.16945969517,13.4343,II/389/ps1_dr2
134610825198406919,82.5196378,22.1803643,12.876,II/389/ps1_dr2
134610824973687968,82.49737124635,22.18117165749,14.5733,II/389/ps1_dr2
134610824659878188,82.46598770934,22.18135938352,14.3555,II/389/ps1_dr2
134610824630301849,82.46302854631,22.17607660854,14.8359,II/389/ps1_dr2
134640824721980263,82.47223196282,22.19977160717,14.8963,II/389/ps1_dr2
134650825150770889,82.51509533846,22.2086123844,13.4787,II/389/ps1_dr2
134680825297424489,82.52972879123,22.2365920072,11.755,II/389/ps1_dr2
134690825443158491,82.54429192,22.24819718,12.876,II/389/ps1_dr2
134670826535821633,82.65357252315,22.22589790707,12.819,II/389/ps1_dr2
134690826708551518,82.67081475637,22.24247214681,12.27,II/389/ps1_dr2
134690826711461425,82.67103413,22.2421559,14.3036,II/389/ps1_dr2
134750826602610194,82.66027699553,22.29136701878,14.7003,II/389/ps1_dr2
134690825587146944,82.5587200428,22.24698556802,14.5294,II/389/ps1_dr2
134700825645853902,82.56459202714,22.25278784741,14.6053,II/389/ps1_dr2
134780826343260375,82.63434149781,22.31652143224,14.8959,II/389/ps1_dr2
134750825905006901,82.59051034068,22.29695355314,13.243,II/389/ps1_dr2
134790826329272567,82.6329360508,22.32668602126,14.7877,II/389/ps1_dr2
134090819338518168,81.93389218322,21.74801966784,14.0872,II/389/ps1_dr2
134090818965127053,81.89656426279,21.74709621862,13.434,II/389/ps1_dr2
134090818825438429,81.88258749143,21.74824681885,13.6733,II/389/ps1_dr2
134110819737995544,81.97382119196,21.76249411841,14.5442,II/389/ps1_dr2
134140819298877954,81.92994871501,21.7895079541,12.137,II/389/ps1_dr2
134140819171051891,81.91712750326,21.78446960492,14.445,II/389/ps1_dr2
134170819600962945,81.96013137925,21.81033378632,14.1478,II/389/ps1_dr2
134100818785895631,81.87861042066,21.75426087876,14.6056,II/389/ps1_dr2
134120818947453647,81.89476898198,21.76926823698,14.8965,II/389/ps1_dr2
134180819374114274,81.93747154294,21.81977330872,14.2821,II/389/ps1_dr2
134170818821557214,81.88217569239,21.81388438864,14.9753,II/389/ps1_dr2
134250820471101076,82.04715218045,21.87541457246,13.9759,II/389/ps1_dr2
134190819623156867,81.9623533565,21.83025940761,12.578,II/389/ps1_dr2
134250819288341199,81.92885236934,21.87554396541,14.525,II/389/ps1_dr2
134320820131450155,82.01315125,21.93285906,12.015,II/389/ps1_dr2
134310820127099740,82.01288655,21.93264556,12.8593,II/389/ps1_dr2
134310820130059798,82.01304407,21.93277708,12.6795,II/389/ps1_dr2
134180818382183452,81.83827207641,21.81908057724,14.2882,II/389/ps1_dr2
134180818376936579,81.83776321722,21.82171352582,13.1698,II/389/ps1_dr2
134180818157606307,81.81580992055,21.82148371938,14.3801,II/389/ps1_dr2
134210818814443255,81.88145395535,21.84394290026,14.6412,II/389/ps1_dr2
134270818726377725,81.8726044808,21.89765520369,12.765,II/389/ps1_dr2
134270818736935361,81.87364815423,21.89567687768,12.607,II/389/ps1_dr2
134240817731313004,81.77298685,21.86868255,12.829,II/389/ps1_dr2
134230817501166515,81.75005440194,21.86329790337,12.484,II/389/ps1_dr2
134270818169544831,81.81701873893,21.89523182472,13.5605,II/389/ps1_dr2
134270818275311795,81.82752802572,21.89274117462,14.0056,II/389/ps1_dr2
134280817875300682,81.78752947297,21.90013621849,14.4793,II/389/ps1_dr2
134290817990295842,81.7990224194,21.91276887671,14.9381,II/389/ps1_dr2
134290819032662475,81.90330648,21.90982765,14.4346,II/389/ps1_dr2
134300818983260420,81.89840293,21.91669156,12.5469,II/389/ps1_dr2
134300819042945807,81.90427714,21.9209806,12.8725,II/389/ps1_dr2
134300819046756274,81.90480112,21.92136458,13.5852,II/389/ps1_dr2
134310819109039360,81.91089440139,21.932387576,13.812,II/389/ps1_dr2
134320819104183056,81.91036189,21.93565615,12.5649,II/389/ps1_dr2
134300819045045506,81.90449425,21.92080646,14.0924,II/389/ps1_dr2
134300819045815965,81.90458685,21.92111159,11.986,II/389/ps1_dr2
134320819101773311,81.91011058,21.93567743,12.6813,II/389/ps1_dr2
134320819161883185,81.91618160641,21.93552936192,14.623,II/389/ps1_dr2
134320818868659299,81.88688549738,21.94059669721,13.284,II/389/ps1_dr2
134330819063357404,81.90635654004,21.94735702617,12.585,II/389/ps1_dr2
134320819072756566,81.90725358,21.93831501,12.5648,II/389/ps1_dr2
134330819066007650,81.90658115,21.94763946,14.876,II/389/ps1_dr2
134360819143631181,81.91439243369,21.96719496472,14.7927,II/389/ps1_dr2
134250820924728409,82.09247739277,21.88153231598,14.7797,II/389/ps1_dr2
134280820912973974,82.09135782,21.90277833,10.0514,II/389/ps1_dr2
134290820922661771,82.09227189239,21.9093387429,14.8965,II/389/ps1_dr2
134300821015331541,82.10153731929,21.91746513239,13.423,II/389/ps1_dr2
134290820880982972,82.08810081152,21.91033647323,14.0866,II/389/ps1_dr2
134300820768589185,82.07685926252,21.92385314044,14.5102,II/389/ps1_dr2
134300821013850538,82.10139687267,21.91664552335,14.7717,II/389/ps1_dr2
134280821333867974,82.13338819378,21.90617910718,14.8944,II/389/ps1_dr2
134320821548302835,82.15483696091,21.93523276592,14.4744,II/389/ps1_dr2
134300820488978793,82.04910888,21.9234782,9.4348,II/389/ps1_dr2
134300820492788866,82.049128,21.923565,9.755,II/389/ps1_dr2
134320820819447476,82.0819502833,21.93909233221,14.8216,II/389/ps1_dr2
134340820764697631,82.07648556697,21.95589929485,14.8834,II/389/ps1_dr2
134370820914483699,82.09146486692,21.97761846561,12.949,II/389/ps1_dr2
134380821205178343,82.12051130493,21.9898117599,12.739,II/389/ps1_dr2
134380821277604452,82.12777991698,21.98658179847,13.5613,II/389/ps1_dr2
134360821784665397,82.17847598185,21.97070667623,14.5937,II/389/ps1_dr2
134360821620091894,82.16201234414,21.9677834909,14.9504,II/389/ps1_dr2
134350821801534093,82.18014796602,21.96124667798,13.291,II/389/ps1_dr2
134390822007829017,82.20077254068,21.99869681373,13.159,II/389/ps1_dr2
134400821890851622,82.18910033,22.00088189,12.074,II/389/ps1_dr2
134390822278695664,82.22787629021,21.99593595989,12.6,II/389/ps1_dr2
134420822103470813,82.21035673918,22.0168929157,14.5813,II/389/ps1_dr2
134390821416214237,82.14163243479,21.99473434429,14.7226,II/389/ps1_dr2
134400821306454162,82.1306621576,22.00300239444,12.529,II/389/ps1_dr2
134430821600053239,82.16001007841,22.02724083617,14.9341,II/389/ps1_dr2
134440821031802252,82.10319564526,22.03475247701,14.3094,II/389/ps1_dr2
134450821939412819,82.19394524048,22.04356673662,14.3667,II/389/ps1_dr2
134450821721573570,82.17214573784,22.04413967793,14.9906,II/389/ps1_dr2
134500821767638660,82.17676360131,22.0900965004,13.8681,II/389/ps1_dr2
134480821807333967,82.18074618356,22.06952576388,13.9753,II/389/ps1_dr2
134380819782823860,81.97830486369,21.98609315265,14.2865,II/389/ps1_dr2
134410820699281140,82.06994709943,22.00881058593,14.6547,II/389/ps1_dr2
134440820659212362,82.06594548722,22.03485925726,13.9576,II/389/ps1_dr2
134450820406520027,82.04066130029,22.04122236174,14.732,II/389/ps1_dr2
134410819648370742,81.96487263545,22.0084934012,14.6564,II/389/ps1_dr2
134410819640777014,81.96412957186,22.01371649939,12.687,II/389/ps1_dr2
134450819507908377,81.95080506271,22.04819953626,14.0158,II/389/ps1_dr2
134480819906210076,81.99062585969,22.06626858015,14.2471,II/389/ps1_dr2
134470820728055538,82.07282297672,22.06248420597,14.5726,II/389/ps1_dr2
134480820494370682,82.04945258367,22.06677274338,14.6852,II/389/ps1_dr2
134500820715450042,82.07155705069,22.08290433227,14.3938,II/389/ps1_dr2
134510821630392992,82.1630476967,22.0937039223,13.7387,II/389/ps1_dr2
134530821320172033,82.1321435,22.10962041,11.0697,II/389/ps1_dr2
134530820564596545,82.05647038644,22.11332789702,13.272,II/389/ps1_dr2
134530820834752299,82.08348730484,22.10978487351,14.3806,II/389/ps1_dr2
134530820430201738,82.04314169,22.10938749,11.767,II/389/ps1_dr2
134540820408188663,82.04083264033,22.12342715585,13.019,II/389/ps1_dr2
134530820431982027,82.04347125,22.10965487,12.1197,II/389/ps1_dr2
134550820296491570,82.02966035554,22.12585020705,13.9502,II/389/ps1_dr2
134540820762099547,82.07621970176,22.12416576912,14.0224,II/389/ps1_dr2
134560821139365799,82.11394883331,22.13771194741,13.494,II/389/ps1_dr2
134560820542816699,82.05429079952,22.13845651842,13.6481,II/389/ps1_dr2
134250817394174089,81.73934722973,21.87795009223,14.084,II/389/ps1_dr2
134260817426876305,81.74268385778,21.88815255039,14.0721,II/389/ps1_dr2
134260817254126964,81.72537887648,21.88868050466,12.842,II/389/ps1_dr2
134290817713583740,81.77135718037,21.91101625061,14.8107,II/389/ps1_dr2
134320817355988392,81.73565756266,21.93991892645,13.8288,II/389/ps1_dr2
134290817823224938,81.78225915511,21.91198652198,13.064,II/389/ps1_dr2
134310817842967141,81.7841785558,21.93047539189,13.9666,II/389/ps1_dr2
134290817792185106,81.77916320044,21.91212340047,13.147,II/389/ps1_dr2
134330817424590391,81.74245578619,21.94153060475,14.6163,II/389/ps1_dr2
134360817557911760,81.75579868734,21.96769821252,14.2951,II/389/ps1_dr2
134350817344223661,81.73445706309,21.96094317918,14.8374,II/389/ps1_dr2
134400817167411740,81.71664111,22.0009536,11.781,II/389/ps1_dr2
134400817213350082,81.72132547983,21.99962095514,14.9899,II/389/ps1_dr2
134360818405665586,81.84053899596,21.97087881729,13.7767,II/389/ps1_dr2
134390818515153656,81.85139512403,21.99422911347,12.942,II/389/ps1_dr2
134380818094436238,81.80943462,21.98807433,13.5661,II/389/ps1_dr2
134380818098066667,81.80990272,21.98857482,12.7045,II/389/ps1_dr2
134380818094956592,81.809525,21.98836163,11.413,II/389/ps1_dr2
134420818803942242,81.88037589,22.01811234,11.5295,II/389/ps1_dr2
134420818808742514,81.88088174,22.01831711,10.7555,II/389/ps1_dr2
134420818807012152,81.88066853,22.01804688,10.281,II/389/ps1_dr2
134440817791260456,81.77920440341,22.03328313772,14.6403,II/389/ps1_dr2
134470818274723703,81.82752039589,22.0609554504,14.3346,II/389/ps1_dr2
134480818534951142,81.8534689848,22.06717852283,14.4071,II/389/ps1_dr2
134500818263897724,81.8263928012,22.08931571174,13.9439,II/389/ps1_dr2
134490818434729399,81.84345483691,22.08239930991,14.6212,II/389/ps1_dr2
134500818211010203,81.82110152272,22.08305915307,14.8754,II/389/ps1_dr2
134350816434401168,81.64346389,21.95889023,12.277,II/389/ps1_dr2
134350816378505980,81.6378475819,21.96287352217,14.6619,II/389/ps1_dr2
134350816436131457,81.64361538,21.95897453,14.1227,II/389/ps1_dr2
134380816566006765,81.65659513925,21.98853183503,14.7007,II/389/ps1_dr2
134430817277471790,81.72777241,22.02606388,11.0578,II/389/ps1_dr2
134430817141523785,81.71415193129,22.02771587163,13.8444,II/389/ps1_dr2
134450817045732871,81.70455827169,22.04360561067,14.7694,II/389/ps1_dr2
134420815961597332,81.59617088914,22.02233568236,13.843,II/389/ps1_dr2
134440816035711638,81.60355476969,22.03424568706,14.0395,II/389/ps1_dr2
134480816434333215,81.64342384,22.0689009,13.133,II/389/ps1_dr2
134460817568952152,81.75695504203,22.05131755501,12.798,II/389/ps1_dr2
134480817597127955,81.75973836249,22.07279257155,14.3373,II/389/ps1_dr2
134510817786400938,81.77863853633,22.0920008254,14.7671,II/389/ps1_dr2
134500817146939520,81.7146839322,22.09082354109,14.3871,II/389/ps1_dr2
134550816880000135,81.68798489902,22.12464825375,13.8328,II/389/ps1_dr2
134550817190219746,81.71909664,22.13273202,12.526,II/389/ps1_dr2
134560817034256242,81.70339961499,22.1380738498,13.8098,II/389/ps1_dr2
134440819301459976,81.9301194905,22.04116747758,13.7123,II/389/ps1_dr2
134470819147148181,81.91469459265,22.06471195101,14.3941,II/389/ps1_dr2
134490819525006273,81.9524623677,22.07981295249,12.1,II/389/ps1_dr2
134480819608013444,81.96080130751,22.06907886221,14.2352,II/389/ps1_dr2
134490819523396629,81.95228378,22.08008155,13.4972,II/389/ps1_dr2
134520819744156926,81.97442740746,22.10531292162,13.484,II/389/ps1_dr2
134540819194350229,81.91943067674,22.11640852431,14.6965,II/389/ps1_dr2
134560819018308606,81.90182346678,22.14005922927,14.7714,II/389/ps1_dr2
134580818899403714,81.88991959473,22.15264604068,14.7163,II/389/ps1_dr2
134560818908164330,81.89079389542,22.13648191228,14.2031,II/389/ps1_dr2
134600819205874546,81.92056800951,22.17000758819,13.897,II/389/ps1_dr2
134580820486275508,82.0486368354,22.15412778664,13.9515,II/389/ps1_dr2
134600820631185696,82.06312659137,22.17094915945,14.4764,II/389/ps1_dr2
134600820267402145,82.02670148193,22.16796677162,12.125,II/389/ps1_dr2
134630820278810762,82.0279013908,22.19187499452,14.9334,II/389/ps1_dr2
134630820195620578,82.01957814086,22.19168406879,14.6115,II/389/ps1_dr2
134580819615786597,81.96158680364,22.15503495485,14.6667,II/389/ps1_dr2
134630819847391266,81.98475832197,22.19225966605,14.6939,II/389/ps1_dr2
134600819348210591,81.93482777848,22.16669878342,14.0251,II/389/ps1_dr2
134660820008163458,82.00084942764,22.21909731529,13.47,II/389/ps1_dr2
134660820229041317,82.02291964115,22.21730965313,14.8055,II/389/ps1_dr2
134660819932616843,81.99331549305,22.22192629198,12.942,II/389/ps1_dr2
134680819879700928,81.98798695896,22.23364884507,14.902,II/389/ps1_dr2
134670819744683636,81.97447888844,22.2275701409,14.991,II/389/ps1_dr2
134540818259096688,81.82587999121,22.12179661576,13.6191,II/389/ps1_dr2
134570818391904709,81.83915864116,22.14513559206,12.769,II/389/ps1_dr2
134590818721239714,81.87204961836,22.1659730855,14.6681,II/389/ps1_dr2
134650818841825438,81.88418741362,22.21240802251,14.3503,II/389/ps1_dr2
134590817774783440,81.77748583396,22.16073666405,14.8166,II/389/ps1_dr2
134590817792802721,81.77928802458,22.16013845985,14.3564,II/389/ps1_dr2
134590817861451655,81.78616071338,22.15924998446,13.251,II/389/ps1_dr2
134640817755675633,81.77554314627,22.20423977844,13.479,II/389/ps1_dr2
134650818422926972,81.84234202,22.21388011,12.6777,II/389/ps1_dr2
134700819787284513,81.97875206191,22.25330925984,14.3554,II/389/ps1_dr2
134720819661490799,81.96619905475,22.26688693371,14.696,II/389/ps1_dr2
134720819484583573,81.94857414741,22.26922608903,13.342,II/389/ps1_dr2
134730819526287619,81.95264955842,22.28089897292,14.7412,II/389/ps1_dr2
134730819702816416,81.97030248835,22.27989022245,14.7344,II/389/ps1_dr2
134730819747588257,81.97478478371,22.28141558874,13.8442,II/389/ps1_dr2
134670818751719323,81.87519290132,22.23231846233,14.325,II/389/ps1_dr2
134670818736179081,81.87362206651,22.23211190819,14.9745,II/389/ps1_dr2
134710819068733361,81.90688046173,22.26067709108,14.6891,II/389/ps1_dr2
134710818896454380,81.88965415022,22.26153042891,14.8071,II/389/ps1_dr2
134770818883737794,81.88838277244,22.31437647223,14.9967,II/389/ps1_dr2
134770819185988810,81.91870074931,22.31526348609,13.208,II/389/ps1_dr2
134440822559136794,82.25590451309,22.03854719929,13.489,II/389/ps1_dr2
134480822885947348,82.28872624,22.07241211,11.5927,II/389/ps1_dr2
134480822817356002,82.28173084929,22.0712304511,14.8137,II/389/ps1_dr2
134470822273819132,82.2273911596,22.0654942638,13.9971,II/389/ps1_dr2
134510823170642145,82.31706301947,22.09300755824,13.1945,II/389/ps1_dr2
134540823325267440,82.33251317329,22.12242165042,14.0233,II/389/ps1_dr2
134510823209458573,82.32094154207,22.09836869705,14.6529,II/389/ps1_dr2
134530822792092859,82.27921246184,22.11027449206,13.161,II/389/ps1_dr2
134480822286838648,82.22868721599,22.07342830093,14.1046,II/389/ps1_dr2
134530822195805030,82.21958552277,22.11206923235,12.354,II/389/ps1_dr2
134570822470964833,82.24707951,22.14531817,14.9596,II/389/ps1_dr2
134570822488073856,82.24864419,22.14452672,13.0475,II/389/ps1_dr2
134570822490844721,82.24918695,22.1450166,10.369,II/389/ps1_dr2
134580822552871302,82.25527882444,22.1506464429,13.104,II/389/ps1_dr2
134570822472485210,82.24727487468,22.145565621,12.626,II/389/ps1_dr2
134570822494344727,82.24933504,22.14513633,11.3028,II/389/ps1_dr2
134540823663920600,82.36639865003,22.11671907416,14.0522,II/389/ps1_dr2
134570823649683176,82.36497008411,22.14386444475,14.7867,II/389/ps1_dr2
134610823976086543,82.39759864856,22.17999069095,13.2921,II/389/ps1_dr2
134680823402623207,82.34025977262,22.23554249217,12.612,II/389/ps1_dr2
134530821729959092,82.17299860206,22.11545789249,14.933,II/389/ps1_dr2
134550821999803405,82.19998202476,22.12739645545,12.892,II/389/ps1_dr2
134610821796649244,82.17966691908,22.18225985473,14.5093,II/389/ps1_dr2
134590822086812079,82.20869012409,22.15962382391,14.7378,II/389/ps1_dr2
134600822245923697,82.22458990067,22.16930618842,13.9402,II/389/ps1_dr2
134610821314271636,82.13142968916,22.17591065479,13.022,II/389/ps1_dr2
134650821449961652,82.14499466414,22.20926617797,14.6807,II/389/ps1_dr2
134660822150244667,82.21502465132,22.22011315171,13.8441,II/389/ps1_dr2
134690821712078688,82.17120173843,22.24846993442,14.0166,II/389/ps1_dr2
134690821712942012,82.1712940971,22.24289899507,14.5601,II/389/ps1_dr2
134650822779623247,82.27795582029,22.21059959146,14.8522,II/389/ps1_dr2
134640822634751468,82.26347531925,22.20078397723,14.6775,II/389/ps1_dr2
134640822717298410,82.27172909482,22.20656628691,13.045,II/389/ps1_dr2
134660822677244507,82.2677189525,22.21998704166,12.963,II/389/ps1_dr2
134650822810526136,82.28104583144,22.21301089077,14.6836,II/389/ps1_dr2
134680823022550592,82.30225524651,22.23338032569,14.6418,II/389/ps1_dr2
134750823073726700,82.30736848828,22.29679808275,13.225,II/389/ps1_dr2
134740822073364287,82.20733211456,22.28647105649,14.573,II/389/ps1_dr2
134740822515927416,82.25159003,22.28910558,13.027,II/389/ps1_dr2
134760822729853032,82.27298340615,22.30208247706,13.008,II/389/ps1_dr2
134620824386186255,82.43861553093,22.18808248342,14.7809,II/389/ps1_dr2
134660824830499886,82.48305754169,22.22445155613,14.8614,II/389/ps1_dr2
134690824269742170,82.42697092837,22.24301466848,14.4641,II/389/ps1_dr2
134700824905671664,82.49057499329,22.2509224297,13.7641,II/389/ps1_dr2
134720825150490919,82.51506220175,22.2669616857,13.6113,II/389/ps1_dr2
134730824984235027,82.49843136229,22.27872640312,14.1028,II/389/ps1_dr2
134710824124894064,82.41245488,22.26137696,13.1121,II/389/ps1_dr2
134710824120172935,82.41190679,22.26050889,12.5779,II/389/ps1_dr2
134710824122003356,82.41227636,22.26063971,10.963,II/389/ps1_dr2
134740824187121489,82.41871174991,22.2841167653,12.645,II/389/ps1_dr2
134720823642273284,82.36419224,22.26907107,13.2503,II/389/ps1_dr2
134720823633123139,82.36327291108,22.26884700099,11.729,II/389/ps1_dr2
134720823643833650,82.364375,22.26919679,11.866,II/389/ps1_dr2
134760824249207940,82.42490196693,22.30615404424,13.5634,II/389/ps1_dr2
134740825307254432,82.53077433,22.2865623,13.1373,II/389/ps1_dr2
134740825310514727,82.53100833789,22.28677314842,12.26,II/389/ps1_dr2
134760825418814515,82.54187315898,22.30329390361,13.425,II/389/ps1_dr2
134800825769659910,82.57696131857,22.34115454215,12.953,II/389/ps1_dr2
134820825437198452,82.54373347017,22.35658528586,14.2202,II/389/ps1_dr2
134810825482125568,82.54821444517,22.34585243853,13.7094,II/389/ps1_dr2
134790824670275578,82.46704264901,22.32918478607,13.7792,II/389/ps1_dr2
134790824686085738,82.46861126435,22.3293250825,14.9495,II/389/ps1_dr2
134870825574525017,82.55743900276,22.39535919654,14.726,II/389/ps1_dr2
134890825328327446,82.53281992516,22.41410217553,13.8687,II/389/ps1_dr2
134780823421364835,82.34213278047,22.32025210456,14.9833,II/389/ps1_dr2
134820824152591137,82.41525674135,22.35050226302,14.7491,II/389/ps1_dr2
134800823700428858,82.37003817412,22.34026602882,13.7262,II/389/ps1_dr2
134830823904968918,82.39048542889,22.36531815564,14.6738,II/389/ps1_dr2
134790823252557612,82.3252532424,22.33090273832,14.367,II/389/ps1_dr2
134830822790820838,82.27908958033,22.35859950494,13.015,II/389/ps1_dr2
134840822990402425,82.29905676931,22.3682613217,14.2497,II/389/ps1_dr2
134850823830218825,82.38302229494,22.38190149839,14.7309,II/389/ps1_dr2
134850823308685471,82.33089091728,22.37912747709,13.9916,II/389/ps1_dr2
134860823188715820,82.31885921,22.38756086,12.8809,II/389/ps1_dr2
134860823185035633,82.3185232,22.38759919,12.109,II/389/ps1_dr2
134890823686191906,82.36861820077,22.40947592363,14.5016,II/389/ps1_dr2
134860824423385059,82.44234488701,22.38709819184,14.7928,II/389/ps1_dr2
134870824159367143,82.41594361644,22.39716702644,14.8933,II/389/ps1_dr2
134890824447077002,82.44470154943,22.41371859046,13.7021,II/389/ps1_dr2
134880825070278994,82.50701870531,22.40701525517,14.5592,II/389/ps1_dr2
134890823785790347,82.37858416927,22.40818361244,13.375,II/389/ps1_dr2
134920823693046529,82.36930341921,22.43832726846,14.7352,II/389/ps1_dr2
134930823736562561,82.37366550945,22.44336340672,13.5252,II/389/ps1_dr2
134900823867915404,82.38678761516,22.42072158791,14.7177,II/389/ps1_dr2
134930824347277669,82.43474571053,22.44761193018,14.0313,II/389/ps1_dr2
134660821217628630,82.12178322156,22.22341030939,14.4227,II/389/ps1_dr2
134680821147925512,82.11480868723,22.2374699646,14.5311,II/389/ps1_dr2
134670820642542458,82.06426670174,22.22659284163,12.607,II/389/ps1_dr2
134680820987035748,82.09870936353,22.23766620714,14.1742,II/389/ps1_dr2
134710820605275283,82.0605692692,22.26229342159,13.7445,II/389/ps1_dr2
134730820392423735,82.03927302438,22.27765689911,14.5915,II/389/ps1_dr2
134750821000362750,82.10010197022,22.29353247489,13.6073,II/389/ps1_dr2
134750820639203211,82.06394164743,22.29388766118,14.5741,II/389/ps1_dr2
134800820962038050,82.09622652456,22.33957834442,14.8116,II/389/ps1_dr2
134750821896342055,82.18963406334,22.29294730105,14.9349,II/389/ps1_dr2
134820822003229968,82.20032330465,22.35787889381,14.4577,II/389/ps1_dr2
134830821972527597,82.1972549023,22.36423883453,14.7959,II/389/ps1_dr2
134790821320400924,82.13192952,22.32557176,13.8908,II/389/ps1_dr2
134790821322101565,82.13222536,22.32573355,11.267,II/389/ps1_dr2
134790821325401535,82.13249105,22.32590269,12.5295,II/389/ps1_dr2
134840821259425358,82.12598670245,22.37070452,13.9893,II/389/ps1_dr2
134840821199613202,82.12001125279,22.36889608288,14.2565,II/389/ps1_dr2
134850822025841335,82.20258505332,22.37568439664,13.402,II/389/ps1_dr2
134860821888226945,82.18883056497,22.38869475526,13.064,II/389/ps1_dr2
134850822021473136,82.20214988128,22.37718416027,14.6523,II/389/ps1_dr2
134860821443424083,82.14439939918,22.38631723923,13.35,II/389/ps1_dr2
134770819718591150,81.97201400983,22.30889608507,13.3953,II/389/ps1_dr2
134790819886631230,81.98869153645,22.32556723159,14.4454,II/389/ps1_dr2
134800819941694853,81.9941981129,22.3369232145,14.5247,II/389/ps1_dr2
134770820087688463,82.00885036,22.31496689,12.413,II/389/ps1_dr2
134790820558162972,82.05603543,22.32709319,12.767,II/389/ps1_dr2
134790820555202608,82.05553085,22.32672734,11.343,II/389/ps1_dr2
134770820554409912,82.05547309889,22.31613525984,13.7576,II/389/ps1_dr2
134790820558562600,82.05586482,22.32667412,13.7632,II/389/ps1_dr2
134820820439054809,82.04392997534,22.35354694785,14.5552,II/389/ps1_dr2
134790819644692472,81.96449903833,22.3266077843,14.2977,II/389/ps1_dr2
134770819616845442,81.96170610193,22.31241795543,14.8005,II/389/ps1_dr2
134830819735991791,81.97362277873,22.35937354281,14.9145,II/389/ps1_dr2
134850819546635272,81.95480202,22.3788523,10.425,II/389/ps1_dr2
134850819549765460,81.95458728,22.3791788,11.5954,II/389/ps1_dr2
134840819404904250,81.94051487888,22.36975743419,14.2331,II/389/ps1_dr2
134840819535051757,81.95353221037,22.36767869575,14.9782,II/389/ps1_dr2
134820819986208886,81.99866199786,22.35694445038,14.0868,II/389/ps1_dr2
134850820268614810,82.02687895748,22.37853958721,14.66,II/389/ps1_dr2
134830820957307998,82.09578314281,22.36454589233,13.399,II/389/ps1_dr2
134840820919076272,82.09196697802,22.37144361623,13.4413,II/389/ps1_dr2
134830821026197124,82.10264013853,22.36381407051,14.4158,II/389/ps1_dr2
134840820739041884,82.0739262754,22.3677705085,14.505,II/389/ps1_dr2
134880821049223889,82.104944663,22.40278145045,14.5794,II/389/ps1_dr2
134890820746083451,82.07463497994,22.41074424648,14.0819,II/389/ps1_dr2
134870821296913570,82.12972901804,22.3941955305,14.8811,II/389/ps1_dr2
134900821615155861,82.16153236577,22.42111279964,14.7402,II/389/ps1_dr2
134940821375571900,82.13758081327,22.45113940896,14.2976,II/389/ps1_dr2
134910820772053194,82.07722459983,22.42720397672,14.7464,II/389/ps1_dr2
134950820836092595,82.08362712513,22.46002747646,14.8458,II/389/ps1_dr2
134940821114185685,82.11146583917,22.45427973766,14.0992,II/389/ps1_dr2
134950821164901857,82.11651311848,22.45942663875,14.4736,II/389/ps1_dr2
134860822647432214,82.26477770936,22.38477138389,13.9437,II/389/ps1_dr2
134850822594532909,82.25945564069,22.37699561211,14.6293,II/389/ps1_dr2
134850822751868187,82.27518609647,22.38139775221,14.9272,II/389/ps1_dr2
134860822328836764,82.23292498221,22.3885443536,13.05,II/389/ps1_dr2
134870822438272459,82.24383265695,22.39328528347,14.1218,II/389/ps1_dr2
134860822522351132,82.25223904336,22.3838482292,14.3223,II/389/ps1_dr2
134890822470412368,82.24702635,22.40994037,13.0,II/389/ps1_dr2
134890822468642057,82.24680638,22.40963164,12.159,II/389/ps1_dr2
134880823273567267,82.32735016788,22.40561702951,14.964,II/389/ps1_dr2
134900823033105245,82.30330937614,22.4205960887,14.7476,II/389/ps1_dr2
134890822946080890,82.2946116265,22.40864136399,14.0314,II/389/ps1_dr2
134910823249491956,82.32497627233,22.42619782025,13.6853,II/389/ps1_dr2
134900822752108763,82.27523199296,22.4235421777,13.14,II/389/ps1_dr2
134940822593750524,82.25940712383,22.45000489506,14.0008,II/389/ps1_dr2
134910822636547265,82.2636823182,22.43063018304,13.357,II/389/ps1_dr2
134960822877354640,82.28778630419,22.4701182938,12.031,II/389/ps1_dr2
134950822330584938,82.23315957911,22.4620591122,13.05,II/389/ps1_dr2
134970823616100152,82.36161300295,22.4746712934,14.5617,II/389/ps1_dr2
134940823330793191,82.33307629272,22.4522128456,14.7971,II/389/ps1_dr2
134970823581524623,82.35814919399,22.47839766644,13.6248,II/389/ps1_dr2
135010824274399993,82.42746682841,22.51622290803,13.7804,II/389/ps1_dr2
134990823187974089,82.31881330223,22.49463705833,13.8778,II/389/ps1_dr2
135020823230814180,82.32305171199,22.51975618578,13.404,II/389/ps1_dr2
135010823292369167,82.32926707164,22.51554018502,13.7961,II/389/ps1_dr2
135010822809588632,82.28095791168,22.51507883823,12.996,II/389/ps1_dr2
135000822989451149,82.2989509282,22.50049678151,14.3358,II/389/ps1_dr2
135020823647445829,82.36475623347,22.52108540553,14.0959,II/389/ps1_dr2
135050823745996241,82.37462276075,22.546401316,14.8937,II/389/ps1_dr2
135070823455983819,82.34561404757,22.56107075747,14.099,II/389/ps1_dr2
134960821604155494,82.16045170589,22.47079981723,14.9462,II/389/ps1_dr2
134960822173367175,82.21737602071,22.47219868384,13.7867,II/389/ps1_dr2
134960822173377175,82.21737181592,22.4722070122,13.7947,II/389/ps1_dr2
135010822508560901,82.25088245004,22.50864568102,14.787,II/389/ps1_dr2
135000822513459719,82.25141460689,22.50766068204,14.552,II/389/ps1_dr2
134990821953413916,82.1953964036,22.49451388617,13.5342,II/389/ps1_dr2
135010821371601230,82.13713749,22.50893674,14.3396,II/389/ps1_dr2
135010821371171847,82.13723518,22.50924526,12.817,II/389/ps1_dr2
135040821366725471,82.1366818,22.53740174,12.064,II/389/ps1_dr2
135020821425077012,82.1425285235,22.52205466187,14.2955,II/389/ps1_dr2
135020821882107026,82.18822630948,22.52207027998,14.7808,II/389/ps1_dr2
135030821917327262,82.19179682488,22.5306275988,13.477,II/389/ps1_dr2
135050821877989381,82.18784193239,22.54904036816,14.3276,II/389/ps1_dr2
135060822156100523,82.2156118887,22.55001803444,14.8454,II/389/ps1_dr2
135050821650045055,82.16502455952,22.54545318615,14.9751,II/389/ps1_dr2
135060823071107371,82.30712432416,22.5556908629,14.3054,II/389/ps1_dr2
135070822244255027,82.22445105752,22.56207107613,14.505,II/389/ps1_dr2
135120821955425596,82.19557565916,22.60420509903,13.9814,II/389/ps1_dr2
135120822314989594,82.23151918054,22.60753891299,14.379,II/389/ps1_dr2
135110822717585002,82.27183008613,22.59540899637,13.4571,II/389/ps1_dr2
135150822516662613,82.25169718153,22.62672068691,14.0992,II/389/ps1_dr2
134440829654877961,82.96537965,22.03930804,11.3905,II/389/ps1_dr2
134510829622538587,82.9622024179,22.09839208332,13.7336,II/389/ps1_dr2
134500830032497820,83.00321580581,22.08942882951,14.496,II/389/ps1_dr2
134520830526303110,83.05256280872,22.10218580235,12.913,II/389/ps1_dr2
134520829780430536,82.977945,22.099852,10.1775,II/389/ps1_dr2
134510829777269910,82.97771945,22.09949958,14.1726,II/389/ps1_dr2
134490829133993987,82.91338116,22.07786696,12.7409,II/389/ps1_dr2
134510829381241286,82.93808554925,22.09231182411,14.4242,II/389/ps1_dr2
134560829735242786,82.97348861115,22.13521425472,14.9069,II/389/ps1_dr2
134550829622966275,82.96220580259,22.12987228984,14.8901,II/389/ps1_dr2
134540829497757974,82.94972416589,22.12287738124,14.7452,II/389/ps1_dr2
134580829479012090,82.94785920423,22.15132028934,12.968,II/389/ps1_dr2
134590829447275689,82.94469928779,22.16264838631,14.3301,II/389/ps1_dr2
134580829452865174,82.94523724118,22.15386316166,14.073,II/389/ps1_dr2
134560829557790476,82.95573854611,22.13330520304,14.8193,II/389/ps1_dr2
134580829702408355,82.97020611498,22.15653845556,14.8508,II/389/ps1_dr2
134580829761069675,82.97607327907,22.15763578376,14.5098,II/389/ps1_dr2
134560830407465673,83.04061963095,22.13761816603,13.177,II/389/ps1_dr2
134590830754997563,83.07548440096,22.16421823368,14.7234,II/389/ps1_dr2
134630831121990586,83.11212479772,22.19173641218,13.4437,II/389/ps1_dr2
134600830844215514,83.08440202377,22.17086070138,14.6877,II/389/ps1_dr2
134620830206735414,83.02064873698,22.18744165334,14.8553,II/389/ps1_dr2
134630830079741188,83.00793651029,22.19224112007,14.6621,II/389/ps1_dr2
134660830641458590,83.06408468136,22.22341793176,14.8542,II/389/ps1_dr2
134690830389194365,83.03888280416,22.24490604157,14.7085,II/389/ps1_dr2
134590829125593997,82.91252770159,22.16123200067,14.5933,II/389/ps1_dr2
134610829453923633,82.94532981353,22.1776150347,12.829,II/389/ps1_dr2
134590829028369470,82.90281262615,22.16579621902,14.8151,II/389/ps1_dr2
134610828290003909,82.82897160616,22.17784528621,13.449,II/389/ps1_dr2
134580828321363272,82.83208376059,22.15230837615,13.1673,II/389/ps1_dr2
134620828481876431,82.84797637,22.1881607,9.9972,II/389/ps1_dr2
134630828569673094,82.85689828501,22.19382205664,14.0999,II/389/ps1_dr2
134620828488845593,82.84890179,22.18762722,12.3045,II/389/ps1_dr2
134600828606926514,82.86066675912,22.17167736011,14.1617,II/389/ps1_dr2
134620828475036044,82.84754023,22.18787959,8.9082,II/389/ps1_dr2
134620828478816021,82.8478127,22.18790067,9.2826,II/389/ps1_dr2
134610828193382766,82.81929689019,22.17688847591,14.336,II/389/ps1_dr2
134630828395035743,82.83947785756,22.19603974615,14.533,II/389/ps1_dr2
134660828403953644,82.84036698447,22.21926367294,13.413,II/389/ps1_dr2
134670829000918096,82.89996667578,22.2313383098,14.2178,II/389/ps1_dr2
134660828741958625,82.87410243862,22.22343166849,13.418,II/389/ps1_dr2
134670828664935124,82.86646883554,22.22886353026,14.6308,II/389/ps1_dr2
134640829546707007,82.95460094968,22.205417949,13.8877,II/389/ps1_dr2
134640829784672330,82.97840775638,22.20152992482,14.1704,II/389/ps1_dr2
134640829546707006,82.95462174644,22.20541881177,13.9084,II/389/ps1_dr2
134680830065532237,83.00677017,22.2345197,11.5555,II/389/ps1_dr2
134680830061441667,83.00609237,22.23423835,13.5114,II/389/ps1_dr2
134740829030342221,82.90303457198,22.28473728013,14.2886,II/389/ps1_dr2
134730829091731912,82.9091668013,22.27614394542,14.895,II/389/ps1_dr2
134730829368735110,82.93690478456,22.27883231387,14.1255,II/389/ps1_dr2
134740829497380714,82.94973523799,22.28348206152,14.7782,II/389/ps1_dr2
134680831664178892,83.16642894148,22.24029576308,14.6055,II/389/ps1_dr2
134690831734778674,83.173494306,22.24845194381,14.3142,II/389/ps1_dr2
134720831653128149,83.16529268449,22.27304582424,14.6735,II/389/ps1_dr2
134740831975559369,83.19752535162,22.29071592184,14.2745,II/389/ps1_dr2
134750831786521949,83.17860439427,22.29287630107,14.4473,II/389/ps1_dr2
134750831961192646,83.19612275848,22.29340291915,14.4005,II/389/ps1_dr2
134690830928501225,83.0928042091,22.24227901439,14.0917,II/389/ps1_dr2
134710830826077347,83.08258127721,22.26404722134,14.4366,II/389/ps1_dr2
134740830903218448,83.09030312266,22.28996338544,14.4892,II/389/ps1_dr2
134750830955496891,83.09545448742,22.29698799442,13.9645,II/389/ps1_dr2
134760831285243439,83.12851558653,22.30241895954,13.401,II/389/ps1_dr2
134790831279771295,83.12795973,22.32560792,12.409,II/389/ps1_dr2
134740832442442385,83.2442140237,22.28490520995,14.5325,II/389/ps1_dr2
134800832713525079,83.27131415818,22.33713639279,14.0226,II/389/ps1_dr2
134800832971100338,83.2970986,22.33320077,11.852,II/389/ps1_dr2
134830832482742744,83.2482452587,22.36021173802,14.54,II/389/ps1_dr2
134830832667582655,83.26672492201,22.36013363535,14.4751,II/389/ps1_dr2
134860832733770868,83.27336354219,22.38363341043,14.6797,II/389/ps1_dr2
134840832773195187,83.27728865466,22.37057047621,14.3449,II/389/ps1_dr2
134780831854446700,83.18542729195,22.3218455689,14.3388,II/389/ps1_dr2
134780831768399680,83.17681758814,22.32431849547,13.086,II/389/ps1_dr2
134820831649738912,83.16495693686,22.35701137222,13.8428,II/389/ps1_dr2
134850832375812045,83.23775233,22.3760871,11.1325,II/389/ps1_dr2
134850832379522779,83.23801689,22.37701308,12.0414,II/389/ps1_dr2
134850832378032307,83.23784472,22.3765691,11.319,II/389/ps1_dr2
134860832674550956,83.26743969667,22.38370910332,14.5504,II/389/ps1_dr2
134740830384001113,83.03836291939,22.28386170523,13.9896,II/389/ps1_dr2
134750830690003549,83.06897768481,22.29422250906,14.762,II/389/ps1_dr2
134780830290994512,83.02908751369,22.31997859468,14.9192,II/389/ps1_dr2
134760830201157989,83.02010110925,22.30621932171,14.3886,II/389/ps1_dr2
134790831119328090,83.11192874372,22.33130758511,14.4031,II/389/ps1_dr2
134840830970631559,83.09704927855,22.36752970346,14.6302,II/389/ps1_dr2
134860830998823031,83.09993306828,22.38541826647,14.3443,II/389/ps1_dr2
134790829981369364,82.99812623892,22.33237528833,13.09,II/389/ps1_dr2
134800829858782580,82.98585324,22.33515378,14.1772,II/389/ps1_dr2
134820830066428195,83.00664092324,22.35638328687,14.6394,II/389/ps1_dr2
134830830168097778,83.01685384,22.36424068,10.928,II/389/ps1_dr2
134850830443178303,83.04431306126,22.38144957764,14.2957,II/389/ps1_dr2
134850831807157883,83.1806646806,22.38115669344,13.7561,II/389/ps1_dr2
134910832207132857,83.22075847386,22.42694305421,13.274,II/389/ps1_dr2
134900831670170231,83.16703356983,22.41640663739,14.8826,II/389/ps1_dr2
134940831779502022,83.17802682063,22.45123725723,14.4733,II/389/ps1_dr2
134940831781402515,83.17818416985,22.45155850401,12.649,II/389/ps1_dr2
134920831168229282,83.11682959475,22.44062467623,14.4353,II/389/ps1_dr2
134920830717983211,83.07171214917,22.43576453323,14.4808,II/389/ps1_dr2
134940831609044243,83.16086547851,22.45299739246,13.9848,II/389/ps1_dr2
134960831725978343,83.17265994949,22.4732184914,12.77,II/389/ps1_dr2
134650827912034907,82.7912104149,22.21197493151,14.7597,II/389/ps1_dr2
134660828209994435,82.8209951627,22.21990380846,13.442,II/389/ps1_dr2
134680827748859569,82.77492101472,22.24086942323,14.1382,II/389/ps1_dr2
134650827666524188,82.76666588534,22.2113782399,14.4276,II/389/ps1_dr2
134670827750917697,82.77510153714,22.23097028271,14.8233,II/389/ps1_dr2
134680827810579568,82.78108599102,22.24086305605,13.78,II/389/ps1_dr2
134720828628487937,82.86284291,22.27281112,12.486,II/389/ps1_dr2
134700828515225365,82.8516061653,22.25406903745,11.807,II/389/ps1_dr2
134700828518935926,82.85157534,22.25437296,13.4753,II/389/ps1_dr2
134720828362637124,82.83629181333,22.27216158031,14.7476,II/389/ps1_dr2
134720827446953987,82.74472488554,22.26954308676,13.8626,II/389/ps1_dr2
134750827858604432,82.78588206848,22.29491090865,14.8023,II/389/ps1_dr2
134790827933962930,82.79340633719,22.32699523152,14.5531,II/389/ps1_dr2
134740829014863360,82.90148459381,22.28568526698,13.39,II/389/ps1_dr2
134780828654998702,82.8654991913,22.32347462116,14.4551,II/389/ps1_dr2
134780828468441523,82.84683629594,22.31749360249,12.482,II/389/ps1_dr2
134820828379944285,82.83800895926,22.35312875613,13.8455,II/389/ps1_dr2
134850828922925263,82.89228684046,22.37894325254,14.3531,II/389/ps1_dr2
134720827086009767,82.70858384191,22.27436710573,14.32,II/389/ps1_dr2
134780827299288339,82.72999769,22.32303025,12.024,II/389/ps1_dr2
134780827301557876,82.73020538,22.32274665,12.816,II/389/ps1_dr2
134780827303778483,82.73026048,22.32321756,13.1238,II/389/ps1_dr2
134780827294968252,82.72959136,22.3232515,11.9308,II/389/ps1_dr2
134770826992147130,82.69922611299,22.31382693755,14.6103,II/389/ps1_dr2
134820827787451841,82.778732841,22.35109701963,14.5624,II/389/ps1_dr2
134830827251851763,82.72520740165,22.3593608301,14.9048,II/389/ps1_dr2
134830827676327521,82.76764589653,22.36415631153,14.5274,II/389/ps1_dr2
134800826415607969,82.64156859381,22.33952798465,12.35,II/389/ps1_dr2
134830826451723358,82.6452682,22.36072918,12.7921,II/389/ps1_dr2
134830826454423563,82.64545914,22.36085014,11.562,II/389/ps1_dr2
134830826457651992,82.64577966557,22.35954781051,13.4307,II/389/ps1_dr2
134810826392982278,82.63929717319,22.3431229088,12.961,II/389/ps1_dr2
134830826717600710,82.67177930866,22.35846802289,13.8616,II/389/ps1_dr2
134840826695618100,82.66957383,22.37280975,9.576,II/389/ps1_dr2
134850826651220573,82.665141035,22.37502676163,13.472,II/389/ps1_dr2
134840826699378750,82.66991003,22.37348651,12.6141,II/389/ps1_dr2
134840826693907780,82.66935242,22.37266184,9.7916,II/389/ps1_dr2
134870827193664009,82.71938304881,22.39455512669,14.5393,II/389/ps1_dr2
134850827322984244,82.7323150427,22.37808826157,14.9044,II/389/ps1_dr2
134870827206334159,82.72068150148,22.39468080662,14.446,II/389/ps1_dr2
134860826917124757,82.69172819803,22.38684149537,14.5913,II/389/ps1_dr2
134850827831177594,82.78312763467,22.3808856799,14.8994,II/389/ps1_dr2
134900828403584836,82.84035531368,22.42024794616,14.8926,II/389/ps1_dr2
134890828334636036,82.83348001107,22.41293406722,12.937,II/389/ps1_dr2
134890828233314758,82.82338941086,22.4119005761,12.729,II/389/ps1_dr2
134900828508655133,82.85089225429,22.42050188664,13.6378,II/389/ps1_dr2
134890827489095103,82.74892354164,22.41213648573,14.6648,II/389/ps1_dr2
134880827447560369,82.74476998348,22.39985940445,14.881,II/389/ps1_dr2
134910827364146697,82.73642371528,22.43013095771,14.858,II/389/ps1_dr2
134940827969320130,82.79676602258,22.44980345606,14.3239,II/389/ps1_dr2
134960828007100065,82.80071591453,22.46627669328,14.0648,II/389/ps1_dr2
134950828040190074,82.80402217035,22.45792424417,14.7889,II/389/ps1_dr2
134990827916808778,82.79166749003,22.49850617366,14.7684,II/389/ps1_dr2
134860830041541607,83.00412558,22.38420506,12.475,II/389/ps1_dr2
134870830059180534,83.00592105959,22.39166493688,14.6684,II/389/ps1_dr2
134890829605289144,82.96056789989,22.41550833462,13.2662,II/389/ps1_dr2
134930830213010648,83.02132457869,22.44175912455,13.7021,II/389/ps1_dr2
134880829140932511,82.91419948,22.40171042,12.675,II/389/ps1_dr2
134910829438959274,82.94385353837,22.43225422407,13.151,II/389/ps1_dr2
134910829436889018,82.94385949325,22.43227040794,13.1753,II/389/ps1_dr2
134920829265727305,82.92656742413,22.43897079452,14.3643,II/389/ps1_dr2
134970829663359862,82.96633433299,22.48276319447,14.364,II/389/ps1_dr2
134980829730187318,82.97302082574,22.48896069121,14.5694,II/389/ps1_dr2
134950830588862403,83.05891964459,22.4598843865,14.2321,II/389/ps1_dr2
134990830585172656,83.05852021653,22.49343034029,14.2597,II/389/ps1_dr2
134980830871924954,83.08719590393,22.48700207717,14.8052,II/389/ps1_dr2
135000831124248726,83.11243384919,22.50683783812,14.2544,II/389/ps1_dr2
135010831266564614,83.1266543634,22.51173393954,13.7029,II/389/ps1_dr2
135010831317261624,83.13172155838,22.50923723083,14.6457,II/389/ps1_dr2
134990829885812957,82.988638771,22.49371848109,13.045,II/389/ps1_dr2
135030830293864948,83.02944126,22.5286849,12.859,II/389/ps1_dr2
135030830633371837,83.06333538928,22.52610345592,13.1,II/389/ps1_dr2
135030830635942021,83.06333072339,22.52609798075,14.2274,II/389/ps1_dr2
135040830669289100,83.06695482062,22.54047256558,14.7298,II/389/ps1_dr2
135050830901783678,83.09009359955,22.54435598017,14.5926,II/389/ps1_dr2
135030830328728423,83.03292521,22.53159457,11.946,II/389/ps1_dr2
135040830353539127,83.03535584156,22.54049092901,14.6622,II/389/ps1_dr2
135080830469970842,83.04700386081,22.56692687533,14.6233,II/389/ps1_dr2
135090830663451891,83.06632979615,22.57607565858,14.9413,II/389/ps1_dr2
135090830613396649,83.06146233,22.58006386,14.2123,II/389/ps1_dr2
135090830614237271,83.0613872,22.58052231,11.0311,II/389/ps1_dr2
134940828873310708,82.88734973884,22.45015100008,14.2606,II/389/ps1_dr2
134940828909281926,82.89091842245,22.45115670992,14.6405,II/389/ps1_dr2
134960829178223274,82.91781450114,22.46894945691,14.9199,II/389/ps1_dr2
134970828859932610,82.88582905406,22.47666339572,11.645,II/389/ps1_dr2
135010828989424273,82.89890017567,22.51147282836,14.0026,II/389/ps1_dr2
135000829088467114,82.90883915788,22.50548371442,14.6813,II/389/ps1_dr2
134980828490923949,82.84907999929,22.4861738534,14.5738,II/389/ps1_dr2
135010828761751465,82.87616386439,22.50910170441,14.8704,II/389/ps1_dr2
134990828649425478,82.86496068484,22.49580204949,13.062,II/389/ps1_dr2
134990828621989831,82.86221094528,22.49943481296,13.5512,II/389/ps1_dr2
135000828191771265,82.81917053217,22.50060414622,14.5909,II/389/ps1_dr2
135010828337363008,82.83373404506,22.5103981344,14.1665,II/389/ps1_dr2
135040828808460473,82.88083199032,22.53328602028,13.8415,II/389/ps1_dr2
135040829067305640,82.90673334804,22.53759565594,14.1395,II/389/ps1_dr2
135030829761041789,82.97611833668,22.52606421694,13.409,II/389/ps1_dr2
135020829728926929,82.97288372,22.52195476,11.784,II/389/ps1_dr2
135090829448469332,82.94484504133,22.58233136272,14.3131,II/389/ps1_dr2
135110829531711117,82.95318557,22.59212957,11.487,II/389/ps1_dr2
134850832952921704,83.29522203224,22.37599819319,12.276,II/389/ps1_dr2
134850832955071956,83.29556207,22.376107,13.327,II/389/ps1_dr2
134910833958538832,83.39585181341,22.43197125681,13.112,II/389/ps1_dr2
134910833920122520,83.39197085138,22.42665552581,14.5144,II/389/ps1_dr2
134950832991845874,83.29919537509,22.46277486797,14.2191,II/389/ps1_dr2
134950834040453247,83.40400428696,22.46058193457,14.9066,II/389/ps1_dr2
134950834313660330,83.43130827,22.45797384,11.2097,II/389/ps1_dr2
134960833752261833,83.37525147293,22.46788106744,14.6307,II/389/ps1_dr2
134950833891722202,83.38902633,22.45969313,12.769,II/389/ps1_dr2
134940833869132849,83.38685406706,22.45190804056,14.243,II/389/ps1_dr2
134980834146543863,83.41464413769,22.4860891986,14.9878,II/389/ps1_dr2
134970834594760878,83.45947431513,22.47528365547,14.7472,II/389/ps1_dr2
135020833916590565,83.39166517471,22.51669959121,14.7588,II/389/ps1_dr2
135010833861713212,83.3861797842,22.51054823606,14.973,II/389/ps1_dr2
135010833917398462,83.39165507,22.5149535,13.368,II/389/ps1_dr2
135030833647112692,83.36471600886,22.52678245586,14.4375,II/389/ps1_dr2
135050834258958065,83.42590358794,22.54793883303,14.8945,II/389/ps1_dr2
135060833780759456,83.37803886669,22.55739961588,14.3105,II/389/ps1_dr2
135060833967408967,83.39680491539,22.55703183271,13.6959,II/389/ps1_dr2
135060833969079260,83.39680030695,22.5570318127,13.6832,II/389/ps1_dr2
134950832617618972,83.26177528719,22.4653714618,12.543,II/389/ps1_dr2
134960832457099180,83.24572616002,22.47389640205,14.0552,II/389/ps1_dr2
134970832085514653,83.20848998321,22.47850304804,14.4275,II/389/ps1_dr2
134970832705862985,83.27051464,22.47700761,11.725,II/389/ps1_dr2
135000832913003892,83.29130975313,22.50279377645,14.8037,II/389/ps1_dr2
135000832680972944,83.2681199656,22.50199467958,13.46,II/389/ps1_dr2
134990832601785977,83.26018581147,22.49619096972,14.9392,II/389/ps1_dr2
135050832774155043,83.27737231,22.54509018,12.6598,II/389/ps1_dr2
135000831760963902,83.17609998075,22.50280720977,13.8125,II/389/ps1_dr2
135070832587030128,83.25872071168,22.55797897647,14.8743,II/389/ps1_dr2
135050832526963171,83.25270719178,22.54386068482,14.1095,II/389/ps1_dr2
135030832097738879,83.20979411696,22.5319802594,12.937,II/389/ps1_dr2
135050833552032287,83.35520466871,22.54311628142,14.1813,II/389/ps1_dr2
135040832965151072,83.29638,22.53394416,12.7136,II/389/ps1_dr2
135040832970940305,83.29706681,22.532932,12.5732,II/389/ps1_dr2
135040832963130255,83.29648957,22.53322871,11.8596,II/389/ps1_dr2
135070833315899833,83.33159447721,22.56605815823,14.4703,II/389/ps1_dr2
135080833604889591,83.36049559895,22.57420494837,14.1739,II/389/ps1_dr2
135070833607510452,83.36076777,22.55825785,13.4665,II/389/ps1_dr2
135070833604890201,83.36051624,22.55803695,11.927,II/389/ps1_dr2
135110833974865417,83.39747929002,22.5957759652,14.1185,II/389/ps1_dr2
135110833995333062,83.3995357,22.59405337,13.2265,II/389/ps1_dr2
135100833565604447,83.35657601317,22.58659368177,14.9714,II/389/ps1_dr2
135110833360901260,83.3361069614,22.59227060366,13.8178,II/389/ps1_dr2
135100833460391079,83.34606548875,22.58378719415,13.5367,II/389/ps1_dr2
135090832835888433,83.28362210377,22.58160205861,13.872,II/389/ps1_dr2
135100832960295849,83.29603371766,22.58775614166,14.9194,II/389/ps1_dr2
135120832892760533,83.28928253819,22.59999058697,14.0136,II/389/ps1_dr2
135110832883683713,83.28837118117,22.59430451869,14.136,II/389/ps1_dr2
135100832568508446,83.25681001247,22.58989923635,13.373,II/389/ps1_dr2
135140833224623852,83.32247773299,22.61942459924,14.1072,II/389/ps1_dr2
135160833420812601,83.34209420601,22.63504325536,14.0046,II/389/ps1_dr2
135130833467229516,83.34674600842,22.6158101018,14.4513,II/389/ps1_dr2
135150833042184477,83.30422418197,22.62827024436,14.9541,II/389/ps1_dr2
135170833088474836,83.30885847767,22.6452356742,14.6175,II/389/ps1_dr2
135060834747949961,83.47481417122,22.55782554797,12.435,II/389/ps1_dr2
135080834907205633,83.49073728103,22.57087898078,14.7128,II/389/ps1_dr2
135120835196890679,83.51972526242,22.60007762946,14.5744,II/389/ps1_dr2
135150835413482854,83.541345,22.62675482,11.942,II/389/ps1_dr2
135080834708341907,83.47084156815,22.56778515928,14.8892,II/389/ps1_dr2
135100834388158866,83.43868485,22.59013478,13.3475,II/389/ps1_dr2
135100834385197603,83.43856842,22.58930042,10.878,II/389/ps1_dr2
135100834387627842,83.43866125,22.58937211,11.173,II/389/ps1_dr2
135100834386808235,83.43872801,22.58973201,11.6896,II/389/ps1_dr2
135110834965629176,83.49659403554,22.59883217491,14.5312,II/389/ps1_dr2
135120835003731665,83.50041347,22.60090315,11.9073,II/389/ps1_dr2
135150834708790977,83.47090057379,22.6253510401,14.7525,II/389/ps1_dr2
135160835054208925,83.50544645258,22.64028747924,13.8197,II/389/ps1_dr2
135130836037353448,83.60375851945,22.61070513368,14.791,II/389/ps1_dr2
135160835588627887,83.5588825397,22.63942219138,14.8194,II/389/ps1_dr2
135170835965510393,83.59650385,22.64151333,11.203,II/389/ps1_dr2
135190836335363437,83.63363719969,22.66061842849,14.5775,II/389/ps1_dr2
135200836337447888,83.63377134474,22.67275462553,14.66,II/389/ps1_dr2
135210836086359791,83.60867293324,22.68266421127,13.236,II/389/ps1_dr2
135260836082029632,83.60824826166,22.72420866958,14.1671,II/389/ps1_dr2
135240836185567644,83.61859579297,22.70587476007,13.6737,II/389/ps1_dr2
135230835643551201,83.56438803867,22.69216790326,13.8649,II/389/ps1_dr2
135150834170684265,83.41708799592,22.62808478678,13.394,II/389/ps1_dr2
135150834240716757,83.42409770611,22.6301596044,13.9661,II/389/ps1_dr2
135160833867666709,83.38684839236,22.63845060925,14.3894,II/389/ps1_dr2
135170834449339738,83.44493492477,22.64925120353,12.678,II/389/ps1_dr2
135200834180416333,83.41806356769,22.6714841985,14.8899,II/389/ps1_dr2
135180833762147719,83.37622541751,22.65597170247,14.6874,II/389/ps1_dr2
135220833766650727,83.37668063365,22.68348593508,14.2378,II/389/ps1_dr2
135260834129059081,83.41292122847,22.72377285047,14.7952,II/389/ps1_dr2
135270833943901538,83.39442493082,22.72579745611,13.9713,II/389/ps1_dr2
135270834263776950,83.42641022285,22.73030459721,14.3194,II/389/ps1_dr2
135230834856626464,83.48570585425,22.6965597938,14.6211,II/389/ps1_dr2
135230834918797886,83.49192405813,22.69775261723,14.0663,II/389/ps1_dr2
135210834902502862,83.49028693688,22.6768888803,14.4775,II/389/ps1_dr2
135230834978498436,83.49788863114,22.69820492287,14.8531,II/389/ps1_dr2
135230834874435518,83.48748942358,22.69576514498,14.3117,II/389/ps1_dr2
135210835024105214,83.50244764382,22.67884673085,14.7991,II/389/ps1_dr2
135280834893118807,83.48938614793,22.74012468554,14.0069,II/389/ps1_dr2
135290834977827956,83.49780163067,22.74779756173,12.649,II/389/ps1_dr2
135270835281748788,83.52821585,22.7317576,12.128,II/389/ps1_dr2
135290835456683416,83.54566867821,22.74392806045,12.829,II/389/ps1_dr2
135290834462453578,83.4459897,22.74414198,13.1225,II/389/ps1_dr2
135260834521527284,83.45219757798,22.72222646892,13.8988,II/389/ps1_dr2
135290834465964265,83.44649834,22.74449971,10.3957,II/389/ps1_dr2
135290834458503035,83.44593694,22.74368603,12.7633,II/389/ps1_dr2
135290834469344485,83.44690911,22.74491098,12.9414,II/389/ps1_dr2
135270834276379716,83.42766765473,22.73262210878,14.7819,II/389/ps1_dr2
135290834357184205,83.43574748283,22.74469367866,14.607,II/389/ps1_dr2
135300834440286139,83.44406434652,22.75463067749,14.6975,II/389/ps1_dr2
135310834493159611,83.44933006,22.76577452,12.7041,II/389/ps1_dr2
135320835140975353,83.51413882233,22.77064687303,14.9846,II/389/ps1_dr2
135350835138415116,83.51386929333,22.79542296435,13.387,II/389/ps1_dr2
135340835126951246,83.51269651,22.78373886,11.4442,II/389/ps1_dr2
135030831499477574,83.14998535829,22.53089985382,12.314,II/389/ps1_dr2
135050831506545607,83.15065346212,22.54588289942,14.882,II/389/ps1_dr2
135070831580995754,83.15806422214,22.56268355571,12.446,II/389/ps1_dr2
135070831916835042,83.19167484564,22.56207815158,14.3716,II/389/ps1_dr2
135110831623492035,83.16234468429,22.59290999259,14.1415,II/389/ps1_dr2
135130831764793372,83.17647181437,22.61067848509,14.1834,II/389/ps1_dr2
135110830976327950,83.09763457993,22.59785947263,14.2076,II/389/ps1_dr2
135140831674949628,83.16746404593,22.62421851337,13.045,II/389/ps1_dr2
135190831552230604,83.15521001119,22.65838952839,13.342,II/389/ps1_dr2
135180832187666907,83.21878151694,22.65528627471,14.6186,II/389/ps1_dr2
135170832726066940,83.27265596947,22.64697139998,12.637,II/389/ps1_dr2
135170832735646455,83.27360006,22.64656189,13.2019,II/389/ps1_dr2
135210832115773466,83.21160783373,22.67747700105,12.619,II/389/ps1_dr2
135200831811872705,83.18122987814,22.66848081871,12.987,II/389/ps1_dr2
135210831866495874,83.18664925358,22.67945918511,13.213,II/389/ps1_dr2
135230832188545586,83.21885809107,22.69588574351,14.1395,II/389/ps1_dr2
135270832120047526,83.21200802868,22.73081036131,14.6481,II/389/ps1_dr2
135120830454009530,83.04530022,22.60738276,12.661,II/389/ps1_dr2
135120830451919261,83.0452666,22.60729529,12.1,II/389/ps1_dr2
135150830575501851,83.05755286217,22.62607742556,13.8177,II/389/ps1_dr2
135170830334273939,83.03345984727,22.64452728566,13.482,II/389/ps1_dr2
135180831195495970,83.11955185484,22.65452028652,14.9143,II/389/ps1_dr2
135210831025141518,83.1025147935,22.67581684305,14.9644,II/389/ps1_dr2
135170830053748293,83.00540195143,22.64814588861,14.3471,II/389/ps1_dr2
135210829857473450,82.98574392839,22.67743187534,14.3228,II/389/ps1_dr2
135230830636781270,83.06374143243,22.69230711758,13.109,II/389/ps1_dr2
135230831595460422,83.15955280553,22.69157092103,13.9935,II/389/ps1_dr2
135240831311124895,83.13111761668,22.70362630194,14.6249,II/389/ps1_dr2
135290831822390340,83.18224684361,22.74149121196,14.2816,II/389/ps1_dr2
135300832026500594,83.20266172322,22.75002917426,13.9326,II/389/ps1_dr2
135280830753469082,83.07527867264,22.74044509214,13.086,II/389/ps1_dr2
135310831473489136,83.14735765984,22.76547726545,14.1589,II/389/ps1_dr2
135360831735981956,83.17361152251,22.80115767185,13.493,II/389/ps1_dr2
135340831358342025,83.13585384926,22.78455029132,14.8751,II/389/ps1_dr2
135220833143472500,83.31438494491,22.68496768901,13.394,II/389/ps1_dr2
135270833182976979,83.31830555028,22.73035549927,14.1791,II/389/ps1_dr2
135270833801486077,83.38034146,22.72981996,13.1064,II/389/ps1_dr2
135270833803366414,83.38068398,22.72993238,12.178,II/389/ps1_dr2
135300833307815945,83.33080389561,22.75446613814,12.456,II/389/ps1_dr2
135300833313974990,83.33137200629,22.75369395579,14.5825,II/389/ps1_dr2
135300833559823976,83.35599390455,22.75282873371,12.732,II/389/ps1_dr2
135310833600477556,83.36007905382,22.76414713007,13.442,II/389/ps1_dr2
135290833041220864,83.30413586802,22.74192370351,13.079,II/389/ps1_dr2
135290833008136088,83.30092384,22.74612817,13.1208,II/389/ps1_dr2
135310832930268773,83.29305373399,22.76516482434,13.8014,II/389/ps1_dr2
135290833012636821,83.30146148,22.74690582,12.3973,II/389/ps1_dr2
135290832492907014,83.24929123554,22.747048572,14.8409,II/389/ps1_dr2
135320833933993795,83.39342772168,22.76932989675,13.413,II/389/ps1_dr2
135340834148170989,83.41484931449,22.7836799271,14.53,II/389/ps1_dr2
135300834138938526,83.41392997969,22.75661497325,14.2167,II/389/ps1_dr2
135330834257877118,83.42583270064,22.78044262662,14.4051,II/389/ps1_dr2
135350834345341668,83.4345951413,22.79254373607,13.558,II/389/ps1_dr2
135350834346852008,83.43472402,22.79283123,12.647,II/389/ps1_dr2
135350833855662366,83.38560996743,22.79315954574,12.55,II/389/ps1_dr2
135370834343995191,83.4344283115,22.81216296664,14.8605,II/389/ps1_dr2
135370834467755014,83.44680255147,22.81200647685,14.0103,II/389/ps1_dr2
135390834591295476,83.45924463122,22.8291531782,12.413,II/389/ps1_dr2
135390834800220378,83.48005168383,22.82482164158,12.902,II/389/ps1_dr2
135390834590674936,83.45914087561,22.82881045792,13.6739,II/389/ps1_dr2
135430834537649749,83.45380678862,22.86594666796,13.7407,II/389/ps1_dr2
135380833379356102,83.33796282088,22.8212377664,13.9679,II/389/ps1_dr2
135430833571961391,83.35722614116,22.8590050126,14.8216,II/389/ps1_dr2
135470833936712624,83.39392356909,22.89360171261,14.0856,II/389/ps1_dr2
135470833939832884,83.39392514254,22.8935934406,14.0759,II/389/ps1_dr2
135470833940913246,83.39391909,22.89359665,14.0613,II/389/ps1_dr2
135350832228247160,83.22284055103,22.79713458262,12.678,II/389/ps1_dr2
135380832739139140,83.27393285659,22.82376511434,14.9504,II/389/ps1_dr2
135410832777720758,83.27775651349,22.841831909,14.772,II/389/ps1_dr2
135380831764074451,83.1764608542,22.81991423045,14.2305,II/389/ps1_dr2
135390831983113145,83.19832470025,22.82714771143,14.0244,II/389/ps1_dr2
135420833294109162,83.32936842,22.85718099,11.451,II/389/ps1_dr2
135440832824655311,83.28248415438,22.87065428081,12.892,II/389/ps1_dr2
135480833260700624,83.32606461,22.90008209,14.9618,II/389/ps1_dr2
135480833261620196,83.32622383,22.8997631,13.7193,II/389/ps1_dr2
135480833264340467,83.32635442,22.89983874,12.515,II/389/ps1_dr2
135470833658565968,83.36586868141,22.89617115708,13.4889,II/389/ps1_dr2
135490833679572309,83.36797414544,22.90979207387,14.5723,II/389/ps1_dr2
135490833255971088,83.32562154977,22.90878916585,14.0432,II/389/ps1_dr2
135510833603949437,83.36033024123,22.93241333695,14.1648,II/389/ps1_dr2
135520833704291354,83.37047321612,22.93397254111,14.1523,II/389/ps1_dr2
135490833628039087,83.36281605368,22.9154307089,14.4786,II/389/ps1_dr2
135530833637194472,83.36373862143,22.9449313438,14.6661,II/389/ps1_dr2
135470832727781031,83.2727877156,22.89206101026,13.13,II/389/ps1_dr2
135520832686910632,83.26870350392,22.93341154498,14.9166,II/389/ps1_dr2
135520832623493711,83.2623581081,22.93597923283,14.7426,II/389/ps1_dr2
135500832819986505,83.2820110311,22.92163539013,13.9139,II/389/ps1_dr2
135520833129945634,83.31300683972,22.9375704522,14.9565,II/389/ps1_dr2
135540833293659225,83.32938406,22.95711931,12.5407,II/389/ps1_dr2
135540833284989822,83.32850401,22.95776116,12.7316,II/389/ps1_dr2
135540833291789900,83.32922651,22.95763382,8.0969,II/389/ps1_dr2
134840826063170440,82.60629039,22.36676272,11.981,II/389/ps1_dr2
134840825991724244,82.59917722735,22.36975279198,14.5228,II/389/ps1_dr2
134840826056850757,82.60598344,22.36668533,13.0234,II/389/ps1_dr2
134840826065700949,82.60650064,22.36687244,11.314,II/389/ps1_dr2
134860826560570750,82.65607089031,22.38353016672,14.0638,II/389/ps1_dr2
134920826430142285,82.64302098466,22.43478466966,14.4603,II/389/ps1_dr2
134940826761843209,82.67619971,22.45222148,12.4406,II/389/ps1_dr2
134890825731730116,82.57317367114,22.40797860984,14.3563,II/389/ps1_dr2
134950826517353059,82.65174445581,22.46043601713,14.2095,II/389/ps1_dr2
134970826001271748,82.60012500942,22.47600016629,14.6108,II/389/ps1_dr2
134990826070554618,82.60705340218,22.49506719272,14.32,II/389/ps1_dr2
134970826186782965,82.61869367729,22.47703212141,14.639,II/389/ps1_dr2
134940827113308758,82.71135762372,22.45686348136,12.454,II/389/ps1_dr2
134950826801886286,82.68029857,22.4631552,12.6038,II/389/ps1_dr2
134950826820674043,82.68209805,22.46119124,14.5663,II/389/ps1_dr2
134950826816483996,82.68181524,22.46121769,12.5213,II/389/ps1_dr2
134950826794366887,82.67933933,22.4635753,13.9495,II/389/ps1_dr2
135000826982441498,82.69826912324,22.50075694291,14.2671,II/389/ps1_dr2
134970827077481134,82.70776288394,22.47549944457,14.4936,II/389/ps1_dr2
134970827389127145,82.73892171911,22.48050080166,14.4228,II/389/ps1_dr2
134990827507782340,82.75077896365,22.49317333341,14.8938,II/389/ps1_dr2
134980827658705280,82.76581047,22.48728205,13.3209,II/389/ps1_dr2
134980827655525206,82.7655584,22.48723832,11.666,II/389/ps1_dr2
135000827807309599,82.7807324717,22.50755111819,14.8552,II/389/ps1_dr2
135020827359882025,82.7359810018,22.51792719457,13.8876,II/389/ps1_dr2
135030827497575840,82.74978404466,22.52942420749,13.7844,II/389/ps1_dr2
134980826762837866,82.67628093065,22.48945962979,14.8028,II/389/ps1_dr2
135010826928087746,82.6928428347,22.51434939028,13.486,II/389/ps1_dr2
135030826815752662,82.68164599623,22.52677270876,13.6222,II/389/ps1_dr2
135010826541961702,82.65420918498,22.50930305964,14.6986,II/389/ps1_dr2
135070827218033933,82.72177609541,22.56117116539,13.9215,II/389/ps1_dr2
135070826752632783,82.67527323,22.56017287,11.986,II/389/ps1_dr2
134930825156595134,82.515662081,22.44549161587,14.289,II/389/ps1_dr2
134960825468889741,82.54685092651,22.47442347243,13.442,II/389/ps1_dr2
134960825597644047,82.55972944873,22.46958877459,13.6665,II/389/ps1_dr2
134980825464685040,82.54644857279,22.48708256957,14.3283,II/389/ps1_dr2
134990825795562830,82.57951839659,22.49357675543,14.3574,II/389/ps1_dr2
135000825612681211,82.56123898834,22.50056702425,13.321,II/389/ps1_dr2
135000825610301415,82.56124602557,22.50055794162,13.6424,II/389/ps1_dr2
135030825745820212,82.57458467392,22.52472127855,13.057,II/389/ps1_dr2
135040825650698650,82.56506008,22.53994625,12.9218,II/389/ps1_dr2
135010825190876759,82.51908147575,22.51353022869,14.1902,II/389/ps1_dr2
134990824629801594,82.46300168296,22.49255843034,14.8556,II/389/ps1_dr2
135040825635859367,82.56351415,22.54080661,12.7909,II/389/ps1_dr2
135050825669062486,82.56699776,22.54360145,13.5781,II/389/ps1_dr2
135040825035141339,82.50357487522,22.5340529778,12.465,II/389/ps1_dr2
135040825036250093,82.50357363096,22.5331647258,13.6309,II/389/ps1_dr2
135060826528545297,82.65288061025,22.55398993492,13.7052,II/389/ps1_dr2
135050825844169286,82.58441022739,22.54895231452,14.6433,II/389/ps1_dr2
135070826016300352,82.60164047609,22.55818238992,14.951,II/389/ps1_dr2
135080826270635202,82.62708651657,22.57054910792,14.5817,II/389/ps1_dr2
135080826394234554,82.63942853867,22.5700244969,14.2654,II/389/ps1_dr2
135060825742093096,82.57421435482,22.55212697908,14.1983,II/389/ps1_dr2
135070825613768619,82.56138137747,22.56505985806,14.3381,II/389/ps1_dr2
135090825425599666,82.54261048863,22.58258097069,14.0618,II/389/ps1_dr2
135120825502514192,82.55026154713,22.60304275872,14.9019,II/389/ps1_dr2
135130825804301791,82.58052386748,22.60943728112,13.3,II/389/ps1_dr2
135150826295024598,82.62950339129,22.6283922875,14.9826,II/389/ps1_dr2
135050827969523357,82.79698096466,22.5440309881,13.416,II/389/ps1_dr2
135060828106563841,82.81065745435,22.55275899547,14.8089,II/389/ps1_dr2
135080827469072225,82.74694778,22.56802676,11.354,II/389/ps1_dr2
135080827472051524,82.74714836,22.56772686,13.6809,II/389/ps1_dr2
135140827931135194,82.79311236042,22.62055793157,14.9152,II/389/ps1_dr2
135150827941675701,82.79412572136,22.62933422637,14.137,II/389/ps1_dr2
135160827910490192,82.79104733109,22.63305631828,14.1218,II/389/ps1_dr2
135190827923887998,82.79239075584,22.66454371519,14.7164,II/389/ps1_dr2
135150827930016287,82.79299549268,22.62980554821,14.6729,II/389/ps1_dr2
135180827870224849,82.78707344534,22.65366006827,12.76,II/389/ps1_dr2
135180827767424259,82.77675982489,22.65313763078,14.1279,II/389/ps1_dr2
135130828829770703,82.88298116194,22.60847497633,14.1543,II/389/ps1_dr2
135160829014877470,82.90149792026,22.63912638625,14.0958,II/389/ps1_dr2
135220829120431328,82.91186564749,22.68374111935,14.9908,II/389/ps1_dr2
135220829116271153,82.91186737,22.68373520365,14.9763,II/389/ps1_dr2
135200828731346439,82.87312414454,22.67159736185,14.8391,II/389/ps1_dr2
135200828316876123,82.83172637026,22.67137181703,12.894,II/389/ps1_dr2
135190828118590968,82.81185354119,22.65870607941,13.6649,II/389/ps1_dr2
135260828880020146,82.88798365785,22.71634738786,14.2457,II/389/ps1_dr2
135290828770036408,82.8771078,22.74664203,12.18,II/389/ps1_dr2
135150827228744464,82.72288251463,22.62827564108,13.055,II/389/ps1_dr2
135190827496013317,82.74961620829,22.66067572844,13.251,II/389/ps1_dr2
135180826532285183,82.65323843573,22.65387892621,14.661,II/389/ps1_dr2
135190826414689872,82.64148848567,22.66610650849,13.9286,II/389/ps1_dr2
135200826406077049,82.64061856801,22.67210560758,14.6172,II/389/ps1_dr2
135230827284774061,82.72848218247,22.69460517461,14.383,II/389/ps1_dr2
135250826941432670,82.69415807203,22.71011137543,14.5233,II/389/ps1_dr2
135230826787274744,82.67869061879,22.6952219224,14.9114,II/389/ps1_dr2
135240827695831507,82.76957793678,22.70080506711,14.8585,II/389/ps1_dr2
135260827991839334,82.79926749666,22.72406056261,12.873,II/389/ps1_dr2
135260827909981508,82.79105386096,22.71752738777,13.7803,II/389/ps1_dr2
135300828703581197,82.87035172486,22.75033490452,13.9185,II/389/ps1_dr2
135300828701190973,82.87035180622,22.75033257167,13.9415,II/389/ps1_dr2
135300828705820879,82.87058137,22.75032141,13.9465,II/389/ps1_dr2
135280828138795742,82.81386873416,22.7376788735,14.3816,II/389/ps1_dr2
135280828142685529,82.81413134,22.73760639,14.3903,II/389/ps1_dr2
135300827550026455,82.75499874952,22.7549252915,14.2291,II/389/ps1_dr2
135290827343061547,82.73432164641,22.74250127736,14.2373,II/389/ps1_dr2
135330827418489814,82.74184568647,22.78272235768,14.6436,II/389/ps1_dr2
135380827845588669,82.78458887289,22.82346660738,12.781,II/389/ps1_dr2
135390827955091390,82.79550945916,22.82570296774,14.3609,II/389/ps1_dr2
135080824924117153,82.49246713446,22.57221166217,13.444,II/389/ps1_dr2
135090825046081857,82.50460708022,22.57610418159,14.201,II/389/ps1_dr2
135130825041530395,82.50416456724,22.6082023808,13.9319,II/389/ps1_dr2
135090823933686040,82.39337890059,22.57958315642,14.4819,II/389/ps1_dr2
135080824175538640,82.4175711261,22.57341332507,14.9572,II/389/ps1_dr2
135090824216840646,82.42170241909,22.57509017214,14.4176,II/389/ps1_dr2
135120824077679315,82.40778340444,22.60731159499,13.222,II/389/ps1_dr2
135140824629224514,82.46294760394,22.61999246098,14.3123,II/389/ps1_dr2
135160824579167364,82.45793638137,22.63903058021,13.8597,II/389/ps1_dr2
135200825909251972,82.59095913909,22.66782781256,14.5595,II/389/ps1_dr2
135210825895837906,82.58964548756,22.68108391904,14.322,II/389/ps1_dr2
135210825577398464,82.55775484833,22.68161271606,14.0797,II/389/ps1_dr2
135220825667399623,82.56663127141,22.69090498618,14.2485,II/389/ps1_dr2
135230825756172050,82.57563985984,22.69293262243,13.7293,II/389/ps1_dr2
135190824826824776,82.48269234186,22.66185547899,14.4503,II/389/ps1_dr2
135250825437815241,82.54379170593,22.7122595136,14.688,II/389/ps1_dr2
135250824976563787,82.4977146369,22.71106925815,13.241,II/389/ps1_dr2
135250825211340485,82.52123194,22.70841498,11.8331,II/389/ps1_dr2
135250825213480745,82.521232,22.708548,11.449,II/389/ps1_dr2
135280825262458703,82.52621639,22.74006954,14.9395,II/389/ps1_dr2
135130823519111978,82.35192369531,22.60953085121,14.9684,II/389/ps1_dr2
135140823468581289,82.34688982,22.61727931,12.668,II/389/ps1_dr2
135140823247119830,82.32474343524,22.62440978595,13.5771,II/389/ps1_dr2
135160823262643941,82.32628624533,22.63616751679,14.6662,II/389/ps1_dr2
135200823255295865,82.32562174361,22.67114549493,13.6375,II/389/ps1_dr2
135200822732023688,82.27324152,22.66957627,13.5243,II/389/ps1_dr2
135200822729513952,82.27302076,22.66950052,12.425,II/389/ps1_dr2
135200822732244173,82.27322641,22.66973115,12.7264,II/389/ps1_dr2
135230823015977609,82.30162967648,22.6975513081,14.7443,II/389/ps1_dr2
135230823108969230,82.31092449557,22.69890948642,14.7148,II/389/ps1_dr2
135250823565441304,82.35657211795,22.70897672466,14.3742,II/389/ps1_dr2
135250823685016629,82.36855107623,22.7134249954,13.126,II/389/ps1_dr2
135260823294677715,82.32956374,22.72270261,12.42,II/389/ps1_dr2
135230823334306650,82.33345444864,22.69675698909,13.7646,II/389/ps1_dr2
135260823296967937,82.32954700711,22.72271669644,12.8085,II/389/ps1_dr2
135270823735977906,82.37363063885,22.73114263057,13.265,II/389/ps1_dr2
135230824607176689,82.46076589,22.69698213,12.531,II/389/ps1_dr2
135330824940452102,82.49416545173,22.77636399321,13.13,II/389/ps1_dr2
135310823668654649,82.36690089554,22.76177280845,13.8097,II/389/ps1_dr2
135310823661692596,82.36624054314,22.76006558599,13.9654,II/389/ps1_dr2
135330823985150594,82.39852828084,22.77506138524,14.7673,II/389/ps1_dr2
135310824461781270,82.44632706639,22.75901275138,13.2347,II/389/ps1_dr2
135340824349278722,82.43507272,22.79022534,11.494,II/389/ps1_dr2
135350824344542766,82.43446892261,22.7935206519,14.6767,II/389/ps1_dr2
135280826243082541,82.62442405606,22.73505323304,12.97,II/389/ps1_dr2
135260826720289739,82.67193130887,22.7242088851,13.472,II/389/ps1_dr2
135280826865031191,82.68650437944,22.73387547542,14.9247,II/389/ps1_dr2
135310826342096169,82.63420294,22.76302847,12.241,II/389/ps1_dr2
135320826602833124,82.66038769601,22.76887818274,12.895,II/389/ps1_dr2
135310826633965665,82.6634143015,22.7626084766,13.7425,II/389/ps1_dr2
135300826050700179,82.60493933,22.74963974,11.862,II/389/ps1_dr2
135300825489473713,82.54895105276,22.75264977483,14.4031,II/389/ps1_dr2
135350826393668488,82.63936858282,22.79829246206,14.6256,II/389/ps1_dr2
135360826036941394,82.60371469485,22.80072128863,13.6531,II/389/ps1_dr2
135340825840804362,82.58408792078,22.78652396152,14.8506,II/389/ps1_dr2
135360826084104375,82.60842195148,22.80320207578,14.0032,II/389/ps1_dr2
135360827597808305,82.75978210705,22.80646526384,14.3018,II/389/ps1_dr2
135370827515811636,82.75159748717,22.80924529551,13.7797,II/389/ps1_dr2
135390827539008644,82.75395012,22.83174952,12.428,II/389/ps1_dr2
135420827489072559,82.74892482964,22.85166286727,13.343,II/389/ps1_dr2
135410826923455236,82.69235932753,22.84558994437,14.9079,II/389/ps1_dr2
135440827156236454,82.7156191338,22.87158997034,14.5323,II/389/ps1_dr2
135470826964465123,82.69648465,22.89582908,10.5725,II/389/ps1_dr2
135470826967025440,82.69659942,22.89555533,10.0285,II/389/ps1_dr2
135470826963575665,82.69624095,22.89584431,10.182,II/389/ps1_dr2
135350825534132367,82.55341604484,22.79318565807,12.071,II/389/ps1_dr2
135370825138759290,82.51389103808,22.81562953635,14.8169,II/389/ps1_dr2
135370825318160544,82.53187259,22.80834065,11.741,II/389/ps1_dr2
135380825169811602,82.51701283955,22.81755390828,14.1839,II/389/ps1_dr2
135390825799208824,82.57996731,22.83184231,11.31,II/389/ps1_dr2
135390825802069198,82.58030938,22.83221374,11.7357,II/389/ps1_dr2
135390825797718482,82.57974511,22.8316519,12.06,II/389/ps1_dr2
135380825463425000,82.54635008797,22.82038602418,14.8217,II/389/ps1_dr2
135390825542720301,82.55428916387,22.82480505996,13.361,II/389/ps1_dr2
135380824975310045,82.49762045,22.81628064,14.0702,II/389/ps1_dr2
135360824818227957,82.4818320367,22.80618784445,14.7827,II/389/ps1_dr2
135410824746318097,82.4746748546,22.84794823395,14.4817,II/389/ps1_dr2
135450825125058560,82.51251711297,22.88167847427,14.619,II/389/ps1_dr2
135470825087130065,82.50871816178,22.89126935762,13.475,II/389/ps1_dr2
135470825322135996,82.53223847567,22.89618258229,13.281,II/389/ps1_dr2
135420826344450456,82.63444901834,22.84993543141,14.0184,II/389/ps1_dr2
135420826351624501,82.63516355553,22.85330494491,14.358,II/389/ps1_dr2
135440826544029027,82.6544541,22.87375573,12.22,II/389/ps1_dr2
135460826422184706,82.64221650207,22.88680208474,14.8544,II/389/ps1_dr2
135450826268648430,82.62686899621,22.88157538081,14.9903,II/389/ps1_dr2
135470826510597425,82.6510716248,22.89740633916,14.2254,II/389/ps1_dr2
135490826687444903,82.6688116,22.91201262,11.722,II/389/ps1_dr2
135500826453283635,82.64533142546,22.91924993805,14.9731,II/389/ps1_dr2
135510826580355554,82.65802517,22.92920266,10.6903,II/389/ps1_dr2
135510826581876296,82.65819756,22.92970185,10.523,II/389/ps1_dr2
135510826580755895,82.658085,22.929518,10.43,II/389/ps1_dr2
135520825779190522,82.57793059547,22.93330788116,14.8763,II/389/ps1_dr2
135560826013960971,82.60139312618,22.96701404492,12.732,II/389/ps1_dr2
135560826236257377,82.62352544812,22.97243136001,14.5158,II/389/ps1_dr2
135220829754537268,82.97541268657,22.68894785083,13.934,II/389/ps1_dr2
135240829669608568,82.96694771495,22.70669262356,12.833,II/389/ps1_dr2
135220829738161515,82.97378491301,22.68418198435,14.7823,II/389/ps1_dr2
135250829929242102,82.99292094876,22.7096437583,14.435,II/389/ps1_dr2
135280829613996639,82.96142668504,22.73843544463,13.454,II/389/ps1_dr2
135270830043522203,83.0043460766,22.72638717165,14.1479,II/389/ps1_dr2
135290830531558837,83.05316293113,22.74858475059,13.4078,II/389/ps1_dr2
135300830189538014,83.01896913275,22.75624162614,13.8786,II/389/ps1_dr2
135290829781897474,82.97818869689,22.7474488872,14.3729,II/389/ps1_dr2
135300829849865917,82.98490101,22.75446197,11.729,II/389/ps1_dr2
135290829997317269,82.99976281,22.74718501,11.185,II/389/ps1_dr2
135300829827311251,82.98266897,22.75045204,11.2478,II/389/ps1_dr2
135290829999716831,82.99995148,22.74678844,13.1886,II/389/ps1_dr2
135290828923693556,82.89231982536,22.74421295107,14.2362,II/389/ps1_dr2
135290828981491502,82.89813833,22.74247337,11.3573,II/389/ps1_dr2
135290829076454820,82.90767068741,22.74510421742,13.9734,II/389/ps1_dr2
135290829077844560,82.90766971,22.74505234,14.0026,II/389/ps1_dr2
135300828850394533,82.88500221692,22.75333893295,14.9314,II/389/ps1_dr2
135310829321852499,82.93218058008,22.75996651534,13.173,II/389/ps1_dr2
135330829610482338,82.96103046801,22.77645915254,12.987,II/389/ps1_dr2
135330830371684063,83.03716916732,22.77793076495,14.4874,II/389/ps1_dr2
135360830426473481,83.04267702313,22.80246278074,13.281,II/389/ps1_dr2
135360830951804041,83.09520149124,22.8029471279,12.982,II/389/ps1_dr2
135360830954084301,83.09543732,22.80311638,13.5423,II/389/ps1_dr2
135390831363655170,83.13637105277,22.82883193835,14.7357,II/389/ps1_dr2
135390831401658123,83.14019966613,22.83126257058,14.3755,II/389/ps1_dr2
135380831203454802,83.12034837552,22.82018965747,12.201,II/389/ps1_dr2
135400830856564377,83.08566479981,22.83651754598,14.849,II/389/ps1_dr2
135390830849233963,83.08494068157,22.82784810871,14.6979,II/389/ps1_dr2
135410830785478052,83.0785069,22.84789724,12.352,II/389/ps1_dr2
135420830967017777,83.09672286149,22.85602806002,13.121,II/389/ps1_dr2
135420830970636177,83.09708083154,22.85460088344,13.333,II/389/ps1_dr2
135390830468573012,83.04686598041,22.82704278017,14.9291,II/389/ps1_dr2
135420830228496909,83.022857165,22.85530828477,13.9935,II/389/ps1_dr2
135430830661674821,83.06619576397,22.86190563375,13.9964,II/389/ps1_dr2
135410830707235641,83.0707979,22.84575927,12.9853,II/389/ps1_dr2
135450830570480552,83.05705311851,22.87500467361,14.3606,II/389/ps1_dr2
135320828929432310,82.89306771107,22.7680096727,14.0159,II/389/ps1_dr2
135360828466013832,82.84653849012,22.80273747845,14.7266,II/389/ps1_dr2
135360828510437265,82.85098995973,22.80560366234,14.6564,II/389/ps1_dr2
135400828699188698,82.86990178081,22.84013244324,13.022,II/389/ps1_dr2
135370828627979894,82.86284616751,22.81616379616,12.623,II/389/ps1_dr2
135430828328332588,82.83282831717,22.86001272077,14.9103,II/389/ps1_dr2
135460828526442927,82.85263987934,22.88531302228,13.9415,II/389/ps1_dr2
135440828588045604,82.85879290251,22.87088278876,14.099,II/389/ps1_dr2
135420829476791778,82.94766663115,22.85102175391,14.1662,II/389/ps1_dr2
135440829399421105,82.93991515,22.86710828,12.461,II/389/ps1_dr2
135460830033388098,83.00333220637,22.88962572114,14.8496,II/389/ps1_dr2
135480830414519772,83.041445857,22.90769927663,14.8591,II/389/ps1_dr2
135510830153233056,83.01533355015,22.9270965283,14.4712,II/389/ps1_dr2
135520830190546996,83.01907191607,22.93873980121,13.319,II/389/ps1_dr2
135560829748266362,82.97482912682,22.971525593,13.161,II/389/ps1_dr2
135470831281733946,83.12818907641,22.89449841265,13.423,II/389/ps1_dr2
135460831895935500,83.18963293416,22.88747390385,14.9802,II/389/ps1_dr2
135520830863342680,83.08653083,22.93522934,13.153,II/389/ps1_dr2
135520830858763161,83.08566452,22.93536199,10.4469,II/389/ps1_dr2
135520831485682408,83.14847953,22.9348688,13.5441,II/389/ps1_dr2
135520831481542761,83.14821435,22.93515901,11.239,II/389/ps1_dr2
135520831484202966,83.14840476,22.93533641,12.0093,II/389/ps1_dr2
135520831386654913,83.13868053125,22.93698584753,14.6403,II/389/ps1_dr2
135560831475920968,83.14760842549,22.96704799482,14.4804,II/389/ps1_dr2
135530832293741832,83.22939482,22.94277171,12.0541,II/389/ps1_dr2
135500832273244022,83.2273790926,22.91956878057,13.9017,II/389/ps1_dr2
135520832253436280,83.2253653258,22.9381196102,14.446,II/389/ps1_dr2
135540832181111229,83.21812276022,22.95057659479,14.4087,II/389/ps1_dr2
135560832318548953,83.23186490778,22.97368870274,14.1086,II/389/ps1_dr2
135560832906662733,83.29067770476,22.96848327242,14.8681,II/389/ps1_dr2
135610832753563829,83.27532900588,23.01106721164,13.4649,II/389/ps1_dr2
135580831783343017,83.17834760579,22.98542196796,14.7897,II/389/ps1_dr2
135610832199161767,83.21991578892,23.00937457249,14.2474,II/389/ps1_dr2
135630832500810423,83.2501024,23.02492027,14.269,II/389/ps1_dr2
135630832501930775,83.25020585,23.02520195,13.156,II/389/ps1_dr2
135620832485829534,83.24864046755,23.02412357388,14.5242,II/389/ps1_dr2
135530830886151486,83.08859544321,22.94253705332,13.366,II/389/ps1_dr2
135550830415965630,83.04160429711,22.96259206995,12.336,II/389/ps1_dr2
135610830782515009,83.07824849112,23.01205716374,14.6044,II/389/ps1_dr2
135590830696844556,83.06967655454,22.99501947649,14.2433,II/389/ps1_dr2
135570829851567213,82.98517078436,22.98055502903,13.8863,II/389/ps1_dr2
135610830096559522,83.00964990543,23.01582045583,14.9508,II/389/ps1_dr2
135620830011904809,83.00119606353,23.02018835832,14.5329,II/389/ps1_dr2
135620830146177120,83.01467337046,23.02215750906,14.057,II/389/ps1_dr2
135610830495078853,83.04944856,23.01525191,12.729,II/389/ps1_dr2
135610830497609240,83.049768,23.01557802,12.8784,II/389/ps1_dr2
135600830708499481,83.0709368795,23.00740166572,12.574,II/389/ps1_dr2
135650830338335674,83.03379093,23.04586621,12.418,II/389/ps1_dr2
135610831611075818,83.16111849891,23.01276343082,14.2853,II/389/ps1_dr2
135620831526438872,83.1526743,23.02356217,11.47,II/389/ps1_dr2
135680831457939374,83.14580997514,23.07403737872,14.9185,II/389/ps1_dr2
135710831809613472,83.18096177591,23.09412779185,14.0194,II/389/ps1_dr2
135730831880941514,83.18810107054,23.10916017775,14.6827,II/389/ps1_dr2
135660830860957049,83.08609730692,23.05543571009,14.7881,II/389/ps1_dr2
135650831106612877,83.11067684459,23.0436465852,14.3123,II/389/ps1_dr2
135720831230574881,83.12318791,23.10371046,11.0037,II/389/ps1_dr2
135720831232124534,83.12316684,23.10332712,10.673,II/389/ps1_dr2
135740831422964903,83.14233129763,23.12031001482,12.894,II/389/ps1_dr2
135410827818251676,82.78182301837,22.84260680935,14.6469,II/389/ps1_dr2
135440828211635328,82.82115904734,22.87064094922,14.6183,II/389/ps1_dr2
135510828091702043,82.80916900221,22.92623564469,14.1655,II/389/ps1_dr2
135480827436777950,82.74367607264,22.90616511716,14.8205,II/389/ps1_dr2
135500827725633112,82.77255607031,22.91878938291,14.8416,II/389/ps1_dr2
135490827916535710,82.79163222696,22.91261103071,14.2966,II/389/ps1_dr2
135510827658291673,82.76583229883,22.92592630916,14.5777,II/389/ps1_dr2
135490827379767586,82.73799974418,22.91421658487,14.4323,II/389/ps1_dr2
135510828041684623,82.80416248609,22.92838533276,14.8854,II/389/ps1_dr2
135580828023301097,82.80232703567,22.98379223776,14.9787,II/389/ps1_dr2
135510828989769825,82.89903346425,22.9326907758,13.243,II/389/ps1_dr2
135560828773662484,82.87735885745,22.9682751045,14.6075,II/389/ps1_dr2
135590829649396469,82.96492755155,22.99659790111,14.8906,II/389/ps1_dr2
135610829495701291,82.94956280307,23.00894867513,14.1733,II/389/ps1_dr2
135610829267318023,82.92671428856,23.01450740979,14.6674,II/389/ps1_dr2
135620829263598814,82.92635201622,23.02355202839,14.1295,II/389/ps1_dr2
135580828153927663,82.81538802858,22.98926297093,12.809,II/389/ps1_dr2
135610828248961938,82.82489185576,23.00949667887,13.7664,II/389/ps1_dr2
135640828985956542,82.89871648,23.03847391,9.805,II/389/ps1_dr2
135640829111417636,82.91113778587,23.03919778034,14.8904,II/389/ps1_dr2
135630828512516488,82.85130556731,23.02993408229,13.9226,II/389/ps1_dr2
135510827005435632,82.70049424,22.92920718,11.71,II/389/ps1_dr2
135560827164300247,82.71642571828,22.96641826109,14.255,II/389/ps1_dr2
135560827459096939,82.74598131167,22.97197593396,14.8438,II/389/ps1_dr2
135590827894352587,82.78944668,22.99338942,13.286,II/389/ps1_dr2
135590827675191078,82.76752788802,22.99210857165,14.4615,II/389/ps1_dr2
135570827251149562,82.72510651035,22.9825188853,13.449,II/389/ps1_dr2
135610827552039347,82.75520664259,23.01566268541,14.9465,II/389/ps1_dr2
135560826661807313,82.66617706028,22.97230868825,14.9364,II/389/ps1_dr2
135600826874130533,82.68741513963,22.99999334516,14.5,II/389/ps1_dr2
135600826850623631,82.68508919285,23.002610949,12.352,II/389/ps1_dr2
135590827098978655,82.70990248855,22.99842943044,13.9997,II/389/ps1_dr2
135640827278318833,82.72783547589,23.04024231781,13.557,II/389/ps1_dr2
135650827095601623,82.70956299138,23.04255568741,14.2901,II/389/ps1_dr2
135630827939017158,82.79390719867,23.03051283478,14.4647,II/389/ps1_dr2
135650828486626729,82.84865577173,23.0468192278,14.5827,II/389/ps1_dr2
135660828209758153,82.82097629137,23.05634378813,14.9278,II/389/ps1_dr2
135680827806076069,82.78060918351,23.07127549137,14.2182,II/389/ps1_dr2
135690827287011405,82.72870474624,23.07571809184,12.88,II/389/ps1_dr2
135710827347463725,82.73475228308,23.0943244214,14.7516,II/389/ps1_dr2
135750828187754523,82.81877300901,23.12831559363,14.6989,II/389/ps1_dr2
135650829546530131,82.95465056886,23.04131910997,14.3712,II/389/ps1_dr2
135650830187341751,83.01878554,23.04276456,11.477,II/389/ps1_dr2
135650830190342225,83.01880123,23.04299727,12.286,II/389/ps1_dr2
135670830141999435,83.01419743687,23.06573905845,14.4623,II/389/ps1_dr2
135650829334239769,82.93342383155,23.04935109706,12.387,II/389/ps1_dr2
135660829205070961,82.92050592211,23.0503356,14.8122,II/389/ps1_dr2
135650829332699472,82.93342469927,23.04934659662,12.7464,II/389/ps1_dr2
135710829252964356,82.92528163,23.09480931,12.248,II/389/ps1_dr2
135740830036131575,83.00362463368,23.11750653781,13.248,II/389/ps1_dr2
135780829670663060,82.96705174419,23.15208528289,13.331,II/389/ps1_dr2
135710830408200382,83.04082882821,23.09153108175,14.6612,II/389/ps1_dr2
135730830666959619,83.06670844903,23.11589799105,14.3922,II/389/ps1_dr2
135770831193106465,83.11934852544,23.14658748991,14.5703,II/389/ps1_dr2
135780830965145877,83.09667975,23.15467664,13.704,II/389/ps1_dr2
135780830784721572,83.07851581974,23.15082853021,13.7758,II/389/ps1_dr2
135780830969396084,83.09666977705,23.15468124786,13.8299,II/389/ps1_dr2
135750830108920311,83.01090035468,23.12478628499,14.5358,II/389/ps1_dr2
135750830157533000,83.01575816856,23.12702449859,14.7453,II/389/ps1_dr2
135800830300666399,83.03005914802,23.17152206494,14.6556,II/389/ps1_dr2
135800830477263986,83.0477435812,23.16952384685,14.9275,II/389/ps1_dr2
135790829467832331,82.94676482999,23.15981282949,13.5219,II/389/ps1_dr2
135780829363521115,82.93633861444,23.15047133188,14.8085,II/389/ps1_dr2
135780828575036703,82.8574935705,23.15512827857,13.078,II/389/ps1_dr2
135820828420944717,82.84209279818,23.18680794014,12.531,II/389/ps1_dr2
135790828784844753,82.8784709172,23.16183903722,14.5761,II/389/ps1_dr2
135830828895284508,82.88951458551,23.19496221799,13.8373,II/389/ps1_dr2
135830828589214441,82.85890642613,23.19491367231,14.508,II/389/ps1_dr2
135830828771907177,82.87717594346,23.19718950936,14.3238,II/389/ps1_dr2
135850829756232797,82.97561633056,23.21020196697,14.7326,II/389/ps1_dr2
135840830154222448,83.01533018,23.20152766,12.0731,II/389/ps1_dr2
135840830155721599,83.0155644,23.20085854,12.9995,II/389/ps1_dr2
135840830157652034,83.01564789,23.20114199,11.93,II/389/ps1_dr2
135870829796565760,82.97964772035,23.22933443823,14.9365,II/389/ps1_dr2
135890829344401470,82.93442596319,23.24242448684,13.489,II/389/ps1_dr2
135940829586954472,82.95872506236,23.28660772261,14.9332,II/389/ps1_dr2
134510844404123118,84.44040901722,22.09377578904,13.487,II/389/ps1_dr2
134520843832523196,84.3832676779,22.10217739367,14.8806,II/389/ps1_dr2
134550843556300610,84.35550770817,22.12494637726,12.574,II/389/ps1_dr2
134590843644594620,84.36448156828,22.16169812609,14.8959,II/389/ps1_dr2
134590844825381142,84.48254472592,22.15881198539,13.427,II/389/ps1_dr2
134590844810671365,84.4809898319,22.15894570115,13.059,II/389/ps1_dr2
134570844891165013,84.48902637152,22.14531364518,13.9067,II/389/ps1_dr2
134590845237584314,84.5237046534,22.16142578821,13.5337,II/389/ps1_dr2
134600844196824419,84.41961108229,22.16981403327,13.17,II/389/ps1_dr2
134640844013563135,84.40137239103,22.2021523447,14.011,II/389/ps1_dr2
134650844172437893,84.41726377849,22.21444797415,14.3489,II/389/ps1_dr2
134690844432727537,84.44328523336,22.24748099058,14.3228,II/389/ps1_dr2
134610843300745985,84.33008734599,22.17953539449,14.3165,II/389/ps1_dr2
134610843529421481,84.35295421721,22.17576481291,13.4574,II/389/ps1_dr2
134620843140307083,84.31414767878,22.18885695586,12.362,II/389/ps1_dr2
134650843458291001,84.34580415844,22.20869641329,13.8393,II/389/ps1_dr2
134630842749426197,84.27495233258,22.19638472934,14.2339,II/389/ps1_dr2
134620842285742369,84.22858626611,22.18486536561,14.7936,II/389/ps1_dr2
134650842394169343,84.23943812873,22.2156770524,14.954,II/389/ps1_dr2
134650843011619138,84.30117153733,22.21549874746,14.2017,II/389/ps1_dr2
134670842570149853,84.25703042615,22.23276705889,13.7856,II/389/ps1_dr2
134650843704517759,84.37046302944,22.21433642765,14.559,II/389/ps1_dr2
134670843578358589,84.35784727419,22.23170481721,14.4061,II/389/ps1_dr2
134660843457351971,84.34574747944,22.2178579427,14.6625,II/389/ps1_dr2
134680844131284864,84.41315116639,22.23692643049,14.1769,II/389/ps1_dr2
134740844165883043,84.41660340321,22.28540632961,14.4185,II/389/ps1_dr2
134700843194654766,84.31947780274,22.25353164329,14.2851,II/389/ps1_dr2
134680843275470798,84.32743989,22.23354446,11.38,II/389/ps1_dr2
134710843123379479,84.31234869518,22.26579188585,14.1823,II/389/ps1_dr2
134710843181494027,84.31815876152,22.26124623006,14.1261,II/389/ps1_dr2
134730843278942093,84.32789943396,22.27630267104,14.1488,II/389/ps1_dr2
134760843971358250,84.39714920696,22.30642426779,14.9121,II/389/ps1_dr2
134710845859644748,84.58596407097,22.26183160035,14.6992,II/389/ps1_dr2
134730845383401775,84.53848033,22.27608574,11.0499,II/389/ps1_dr2
134730845387261723,84.5385718,22.27611158,11.18,II/389/ps1_dr2
134790847083189682,84.70827766724,22.33260172873,12.14,II/389/ps1_dr2
134810846526271843,84.6526140301,22.34274416485,13.9262,II/389/ps1_dr2
134840846698384215,84.66982323146,22.3697286162,14.7269,II/389/ps1_dr2
134850846780346389,84.67802197304,22.37986651268,14.1999,II/389/ps1_dr2
134810846064160174,84.60642253423,22.3413527207,14.5715,II/389/ps1_dr2
134820845733467288,84.57335867328,22.35560835202,13.9826,II/389/ps1_dr2
134820845738305626,84.57383379439,22.35422439979,14.458,II/389/ps1_dr2
134830845726941967,84.57268456655,22.35951887741,11.758,II/389/ps1_dr2
134820846415581571,84.64151341571,22.35083866628,13.8688,II/389/ps1_dr2
134760844502018086,84.45020678225,22.30627135367,13.5585,II/389/ps1_dr2
134790845220693323,84.52206915687,22.32729696673,13.291,II/389/ps1_dr2
134790845008627411,84.50088138888,22.33070700615,14.8572,II/389/ps1_dr2
134780844972221465,84.49721321,22.31742064,11.949,II/389/ps1_dr2
134800845403479875,84.54036179411,22.34109225031,13.7233,II/389/ps1_dr2
134810844727234149,84.47272870056,22.34465514158,13.7982,II/389/ps1_dr2
134810844222350179,84.42222899639,22.34123342557,14.5653,II/389/ps1_dr2
134800844149395720,84.41494849191,22.33763748765,14.9727,II/389/ps1_dr2
134850844835363504,84.48346820718,22.37742193966,11.694,II/389/ps1_dr2
134860845633161432,84.56333318485,22.38406184882,14.2956,II/389/ps1_dr2
134870845911559988,84.59116539891,22.39952623482,14.7742,II/389/ps1_dr2
134890845132949908,84.51327276166,22.41609822743,12.095,II/389/ps1_dr2
134900845279961413,84.52800787377,22.4173790796,13.9286,II/389/ps1_dr2
134940845125393594,84.51254037907,22.45249647296,14.237,II/389/ps1_dr2
134940845116645060,84.51165978264,22.45374927652,12.852,II/389/ps1_dr2
134950845163733295,84.51618787,22.46046489,12.9932,II/389/ps1_dr2
134950845156922182,84.5156232,22.45985131,11.3842,II/389/ps1_dr2
134950845161832045,84.51591123,22.45971603,11.368,II/389/ps1_dr2
134710842723284436,84.27232808037,22.26158457968,12.1663,II/389/ps1_dr2
134710842724984774,84.27259423,22.26178412,13.443,II/389/ps1_dr2
134720842486753786,84.24869594683,22.26937933661,13.9855,II/389/ps1_dr2
134720842245770593,84.22458677477,22.26671453351,13.8491,II/389/ps1_dr2
134760842480110880,84.2480124896,22.30028237731,13.373,II/389/ps1_dr2
134720841666368445,84.1666452035,22.27326603287,14.4734,II/389/ps1_dr2
134740841709216413,84.17093503145,22.28823551416,13.6743,II/389/ps1_dr2
134740841838576625,84.18387131597,22.28840824258,14.2709,II/389/ps1_dr2
134750841980769454,84.19808621295,22.29910562779,14.7968,II/389/ps1_dr2
134780842299201979,84.22992741411,22.31786387597,13.465,II/389/ps1_dr2
134790843347009374,84.33470685253,22.33235833605,13.5016,II/389/ps1_dr2
134790843443563366,84.34437186418,22.32735954767,14.1047,II/389/ps1_dr2
134810843406513122,84.34067129436,22.34378890152,13.1834,II/389/ps1_dr2
134800842697243104,84.26973596602,22.33547197939,14.0976,II/389/ps1_dr2
134800842569312606,84.25694185053,22.33506047021,14.5911,II/389/ps1_dr2
134880842723741873,84.27239805625,22.40109733127,12.687,II/389/ps1_dr2
134890842913022029,84.29131807844,22.40958070138,14.8368,II/389/ps1_dr2
134770841496813719,84.14970201992,22.31098895999,14.4013,II/389/ps1_dr2
134780841096452057,84.10948771,22.31801566,13.5533,II/389/ps1_dr2
134840840951461468,84.09516409615,22.36745018001,14.959,II/389/ps1_dr2
134880841158580741,84.1158702374,22.40018131647,14.5711,II/389/ps1_dr2
134830841981926012,84.19819579706,22.36289231566,12.121,II/389/ps1_dr2
134860842285203458,84.22853177452,22.3857686213,14.7808,II/389/ps1_dr2
134870842414185915,84.24145926693,22.39615114071,12.954,II/389/ps1_dr2
134890842471350487,84.24715058399,22.40829425728,14.4889,II/389/ps1_dr2
134920842294450307,84.22946239142,22.43315084306,14.8325,II/389/ps1_dr2
134920842470263122,84.24703564,22.43552401,11.548,II/389/ps1_dr2
134870841542252252,84.15423821009,22.39309764685,14.6187,II/389/ps1_dr2
134940841463512712,84.14642576624,22.45177016045,14.3662,II/389/ps1_dr2
134960842387764985,84.23879708282,22.47037638859,14.4347,II/389/ps1_dr2
134940842250044604,84.22483504,22.4535674,11.9658,II/389/ps1_dr2
134940842253994720,84.22562914,22.45333102,10.2468,II/389/ps1_dr2
134940842252384349,84.22529495,22.45322659,10.284,II/389/ps1_dr2
134870843947817171,84.39478671222,22.39718144643,13.17,II/389/ps1_dr2
134860843391516924,84.33916366207,22.38865153362,13.5297,II/389/ps1_dr2
134890843713840491,84.37140208878,22.40828503688,14.1272,II/389/ps1_dr2
134900843747684036,84.37477359596,22.4195772486,12.52,II/389/ps1_dr2
134920843502299481,84.3502582726,22.44077464147,13.9173,II/389/ps1_dr2
134920843528156401,84.35282859711,22.43821690402,14.7194,II/389/ps1_dr2
134920843058665338,84.30588741726,22.43733598627,14.4071,II/389/ps1_dr2
134930843820546150,84.38207616433,22.44633271897,14.4709,II/389/ps1_dr2
134940843605346695,84.36055548862,22.4551255375,14.4964,II/389/ps1_dr2
134950843482471979,84.34822505,22.45952479,9.594,II/389/ps1_dr2
134950843487151860,84.34887727,22.45936384,10.239,II/389/ps1_dr2
134950843485591332,84.34872279,22.45887338,10.2399,II/389/ps1_dr2
134950844933778712,84.49354868,22.46519127,9.439,II/389/ps1_dr2
134950844937538901,84.493587,22.465214,8.906,II/389/ps1_dr2
134950844931059469,84.49310933,22.46566577,13.0673,II/389/ps1_dr2
134950844942209168,84.49438136,22.46531566,13.706,II/389/ps1_dr2
134980844777417080,84.47773219911,22.48873691692,13.9949,II/389/ps1_dr2
135030845310520177,84.53105650577,22.52468455873,14.2044,II/389/ps1_dr2
135020844999321428,84.49993292797,22.51739206167,14.9466,II/389/ps1_dr2
134980844333603949,84.43335844166,22.48616479443,13.9032,II/389/ps1_dr2
135020843938297680,84.39392646,22.52260665,12.185,II/389/ps1_dr2
135030844310949320,84.43099938016,22.53229181761,13.9691,II/389/ps1_dr2
135020844627755744,84.46268083566,22.52093860197,12.809,II/389/ps1_dr2
135050844330019450,84.43299925106,22.54908283016,14.9732,II/389/ps1_dr2
135070844579431810,84.45794819935,22.55938193708,14.2353,II/389/ps1_dr2
134950843206274343,84.32064545834,22.46150306179,14.6835,II/389/ps1_dr2
134970843143490646,84.31436920064,22.47508535295,14.2681,II/389/ps1_dr2
134960842836198420,84.28363787364,22.47323766545,14.4701,II/389/ps1_dr2
134970843408227477,84.34084447431,22.48077917803,14.0495,II/389/ps1_dr2
135010843596277898,84.35982504,22.51436294,13.005,II/389/ps1_dr2
135010843597457561,84.35982002362,22.51435643041,13.0622,II/389/ps1_dr2
135000842424426076,84.24245439615,22.50458290573,14.0069,II/389/ps1_dr2
135010842681610537,84.26837101,22.50859556,10.7716,II/389/ps1_dr2
135010842668533275,84.26683479618,22.51063338756,13.804,II/389/ps1_dr2
135010842683690961,84.26828054,22.50851719,10.656,II/389/ps1_dr2
135030842327978306,84.23275281464,22.53144751029,12.781,II/389/ps1_dr2
135050842937717589,84.29379398002,22.54753097196,14.5395,II/389/ps1_dr2
135060843185708766,84.31860176161,22.55683472262,14.5282,II/389/ps1_dr2
135100842925170370,84.29252884,22.58320284,12.6419,II/389/ps1_dr2
135080843049874523,84.3050045714,22.56997270082,13.222,II/389/ps1_dr2
135030843908890358,84.3909020984,22.52484574084,14.5213,II/389/ps1_dr2
135030843833455736,84.38335263087,22.52933597143,14.1375,II/389/ps1_dr2
135070843933314299,84.39337183155,22.56150442178,13.1188,II/389/ps1_dr2
135070843935834739,84.39353388795,22.56175438043,12.42,II/389/ps1_dr2
135050844069095787,84.4068898801,22.54600560385,13.401,II/389/ps1_dr2
135080843756300366,84.3756314369,22.56653386112,14.3941,II/389/ps1_dr2
135100842929961114,84.29313884,22.58374101,11.6003,II/389/ps1_dr2
135180843777248446,84.37766906702,22.65652456724,11.845,II/389/ps1_dr2
134870847542402334,84.75422733647,22.39314070203,14.0466,II/389/ps1_dr2
134880847367140675,84.73669167833,22.40011937093,14.2613,II/389/ps1_dr2
134930846982600063,84.69824512056,22.44127809939,14.034,II/389/ps1_dr2
134940847094742242,84.70944545773,22.45142147617,13.5302,II/389/ps1_dr2
134960846909633275,84.69094562854,22.46880699575,14.0824,II/389/ps1_dr2
134960846963493056,84.69632818707,22.46876792286,14.2456,II/389/ps1_dr2
134980848124434422,84.81245421865,22.48653257079,12.392,II/389/ps1_dr2
134980848097912220,84.80978540353,22.48474439413,14.567,II/389/ps1_dr2
134980848679810731,84.86798973789,22.4834624679,14.8545,II/389/ps1_dr2
135010848718323456,84.87182614992,22.51075923411,14.633,II/389/ps1_dr2
135000848286237237,84.82860906811,22.50558243636,14.9348,II/389/ps1_dr2
135000848363510163,84.83634371691,22.4996908284,14.1439,II/389/ps1_dr2
135010848232487248,84.82322579177,22.51392313463,13.185,II/389/ps1_dr2
134970847795109789,84.77949882198,22.48271643415,13.9391,II/389/ps1_dr2
135010847425203498,84.74250613514,22.51080851843,14.8955,II/389/ps1_dr2
135030847788137109,84.77879295762,22.53047789702,13.8825,II/389/ps1_dr2
135060848283111048,84.82829511394,22.55041979882,14.9598,II/389/ps1_dr2
135080848115642805,84.81154244555,22.56854828953,13.5912,II/389/ps1_dr2
134930846569747730,84.65695711648,22.44765271673,13.6866,II/389/ps1_dr2
134980846443283934,84.6442993935,22.48615399011,13.3884,II/389/ps1_dr2
134980846218529710,84.62185198311,22.49097853701,14.8209,II/389/ps1_dr2
134970846817699156,84.68174511855,22.48219186326,13.279,II/389/ps1_dr2
135030846943497533,84.69432715045,22.53082733401,14.0944,II/389/ps1_dr2
135020846472957194,84.64728830403,22.52220739669,13.6787,II/389/ps1_dr2
135040847255143384,84.72536493256,22.53564923296,12.866,II/389/ps1_dr2
135050847331977104,84.73315873,22.54713616,12.267,II/389/ps1_dr2
135090847677229977,84.76778728,22.58300239,11.8457,II/389/ps1_dr2
135120847698577581,84.76984156292,22.60585573873,13.6856,II/389/ps1_dr2
135080846645410660,84.66450967709,22.56676666565,12.814,II/389/ps1_dr2
135100846572810332,84.65726923151,22.58315702201,14.8517,II/389/ps1_dr2
135130846955461578,84.69552658537,22.60919856747,12.824,II/389/ps1_dr2
135140847303016449,84.7302805946,22.62157864815,13.7089,II/389/ps1_dr2
135160847317580284,84.73180542748,22.63311108973,14.9014,II/389/ps1_dr2
135090848635115091,84.86350333738,22.57878226391,14.7541,II/389/ps1_dr2
135110848316409023,84.83163317007,22.59873310146,13.119,II/389/ps1_dr2
135110848652187253,84.86520624246,22.59724434449,14.604,II/389/ps1_dr2
135160849177047081,84.91769526492,22.63873747885,13.3864,II/389/ps1_dr2
135130850044899310,85.00453837,22.61575872,13.5364,II/389/ps1_dr2
135120850057945885,85.00583577,22.6044501,11.413,II/389/ps1_dr2
135160849574664634,84.9574520518,22.63673425637,14.1474,II/389/ps1_dr2
135210849865442996,84.9868217,22.67711604,11.2896,II/389/ps1_dr2
135270849978957702,84.99788116107,22.73097205479,14.4243,II/389/ps1_dr2
135140848065142005,84.80648040876,22.61786384843,14.9396,II/389/ps1_dr2
135170848606324536,84.86062867494,22.64499314155,13.9043,II/389/ps1_dr2
135180848762184253,84.87604517,22.65323622,10.848,II/389/ps1_dr2
135170848523637526,84.85236131234,22.64749092878,13.7638,II/389/ps1_dr2
135180848764674679,84.87643648,22.65329875,10.793,II/389/ps1_dr2
135180847985489422,84.79852248408,22.65738068995,14.2122,II/389/ps1_dr2
135200847653323021,84.76527486,22.66882398,10.902,II/389/ps1_dr2
135210847747590306,84.77473066591,22.67478064716,12.487,II/389/ps1_dr2
135230847728592039,84.77283968044,22.69288190595,13.7089,II/389/ps1_dr2
135220848235068343,84.82348750493,22.68981572158,14.4078,II/389/ps1_dr2
135250848159473253,84.81594929586,22.71057447983,13.012,II/389/ps1_dr2
135270848222760126,84.82231821149,22.72463899216,14.9248,II/389/ps1_dr2
135270848083403642,84.80831649679,22.72756649664,14.7648,II/389/ps1_dr2
135230849315057326,84.93145830386,22.69730345054,11.862,II/389/ps1_dr2
135230849290807768,84.9290642048,22.69767348824,13.2949,II/389/ps1_dr2
135280848705209604,84.87050393281,22.74088579143,14.6542,II/389/ps1_dr2
135280848816215766,84.88159457108,22.73767636539,12.045,II/389/ps1_dr2
135280848275838008,84.82756189693,22.7395367016,13.6829,II/389/ps1_dr2
135060845869508141,84.5869633096,22.55630786843,12.838,II/389/ps1_dr2
135080845900375392,84.59003763506,22.57070221555,14.121,II/389/ps1_dr2
135110845389805041,84.53898311443,22.59540306989,13.9248,II/389/ps1_dr2
135110845211971091,84.52114601471,22.59210150763,13.482,II/389/ps1_dr2
135120845270999053,84.52706473104,22.60708802835,14.6813,II/389/ps1_dr2
135090844878356514,84.48783819352,22.57996180126,14.6472,II/389/ps1_dr2
135130845682368729,84.56807571,22.61509996,11.267,II/389/ps1_dr2
135150845821598031,84.5821616902,22.63123401276,14.3997,II/389/ps1_dr2
135150846352783508,84.63526663518,22.62747219391,14.4903,II/389/ps1_dr2
135170846713820522,84.67134844729,22.64163610949,13.326,II/389/ps1_dr2
135210846986406083,84.69860838931,22.67958513883,14.0557,II/389/ps1_dr2
135210846574346136,84.65740237197,22.67966208415,13.401,II/389/ps1_dr2
135220846976268957,84.69760089077,22.69031811956,13.7052,II/389/ps1_dr2
135180845832129697,84.58321497923,22.65758253442,13.4646,II/389/ps1_dr2
135170846025417009,84.60255027363,22.647036626,14.7826,II/389/ps1_dr2
135200846143424786,84.6143450735,22.67018278986,13.6578,II/389/ps1_dr2
135200846345847134,84.6345842999,22.67214881069,14.5285,II/389/ps1_dr2
135210845952447119,84.59512305,22.68023497,14.1225,II/389/ps1_dr2
135220846008342749,84.60078598,22.6850318,11.2687,II/389/ps1_dr2
135220846011562341,84.60083642,22.68497332,9.8361,II/389/ps1_dr2
135210845958516512,84.59575666,22.67992985,14.1757,II/389/ps1_dr2
135220845999552396,84.59994213,22.68488607,13.9538,II/389/ps1_dr2
135210845952516679,84.59513493,22.67988173,12.0047,II/389/ps1_dr2
135230846444587449,84.64450966605,22.69742348239,12.934,II/389/ps1_dr2
135230846600750188,84.66000311,22.69139164,13.743,II/389/ps1_dr2
135230846597370227,84.65966215,22.69141197,12.116,II/389/ps1_dr2
135240846609130718,84.66103493,22.70016085,11.526,II/389/ps1_dr2
135240846717329228,84.67174722785,22.70722201705,14.7086,II/389/ps1_dr2
135240846140646053,84.61406032706,22.704568526,14.1314,II/389/ps1_dr2
135160844544419178,84.45442927625,22.64050894039,14.8053,II/389/ps1_dr2
135180844513211721,84.45131510113,22.65095974847,14.677,II/389/ps1_dr2
135210844742411080,84.47422595342,22.67542661847,12.604,II/389/ps1_dr2
135210844745251245,84.47440851,22.6755963,13.4342,II/389/ps1_dr2
135230845159515532,84.51592975681,22.69576846663,12.222,II/389/ps1_dr2
135160844228331614,84.42282522745,22.63422272829,14.9528,II/389/ps1_dr2
135250844477539037,84.44774488777,22.71538423833,14.9,II/389/ps1_dr2
135280844714199152,84.47141105622,22.74048918811,12.727,II/389/ps1_dr2
135280845062750495,84.50627524768,22.73326283638,13.5801,II/389/ps1_dr2
135300845197889081,84.51979659812,22.75708334556,12.472,II/389/ps1_dr2
135310845295933152,84.52959984286,22.76049802148,14.5205,II/389/ps1_dr2
135300845102912046,84.51019103,22.75119116,13.9396,II/389/ps1_dr2
135300844787720345,84.47878617991,22.74982744205,14.8194,II/389/ps1_dr2
135320845306385559,84.53065166725,22.77083876044,14.1573,II/389/ps1_dr2
135340845642985722,84.56430461588,22.78764450765,14.9169,II/389/ps1_dr2
135350845282443511,84.5282270645,22.79410878454,13.439,II/389/ps1_dr2
135380845573534733,84.55751031,22.82019613,13.2728,II/389/ps1_dr2
135220847263803567,84.72635567648,22.68583611997,13.1,II/389/ps1_dr2
135230847392774612,84.73924069263,22.69501047429,13.5124,II/389/ps1_dr2
135250847435773408,84.74353790581,22.71066772853,13.4899,II/389/ps1_dr2
135280847546862596,84.7546861351,22.73501068339,13.281,II/389/ps1_dr2
135300847270339417,84.72698288103,22.75735793854,13.9081,II/389/ps1_dr2
135330846969106257,84.69688785564,22.77973788308,14.8139,II/389/ps1_dr2
135370847255784546,84.72555566618,22.81164889994,14.9486,II/389/ps1_dr2
135320848156847313,84.81573796091,22.77228734051,13.7326,II/389/ps1_dr2
135350847850871996,84.78516689,22.79286032,12.232,II/389/ps1_dr2
135360848462369644,84.84622565405,22.80758292991,14.7385,II/389/ps1_dr2
135390848460292041,84.84601396169,22.8262385637,14.9504,II/389/ps1_dr2
135430847728242885,84.77278240187,22.86024904018,14.0666,II/389/ps1_dr2
135440848101220003,84.81010952305,22.86620082805,14.825,II/389/ps1_dr2
135470848139225077,84.81387595307,22.89541821823,13.9023,II/389/ps1_dr2
135390846841632961,84.68414603288,22.82699076482,14.9849,II/389/ps1_dr2
135480846327705235,84.63276631903,22.90388492244,14.6231,II/389/ps1_dr2
135470846222862219,84.62229563468,22.89306295174,13.5049,II/389/ps1_dr2
135450847076959507,84.70757625481,22.88240145297,12.661,II/389/ps1_dr2
135450847179095454,84.71796366847,22.87906711015,13.8844,II/389/ps1_dr2
135470847191546196,84.71913801892,22.89635494841,14.9475,II/389/ps1_dr2
135460847188418697,84.71882111481,22.89012100886,14.585,II/389/ps1_dr2
135490846447705550,84.6447074,22.91246903,11.609,II/389/ps1_dr2
135490846449425838,84.64491017,22.91283238,12.6942,II/389/ps1_dr2
135500846833275841,84.68327205841,22.92103661315,13.8551,II/389/ps1_dr2
135510847234355095,84.72337435686,22.92874046231,13.284,II/389/ps1_dr2
135540847299075073,84.72981409062,22.95371895079,14.364,II/389/ps1_dr2
135550847061267914,84.70610029713,22.96443735969,14.2444,II/389/ps1_dr2
134830840218927902,84.02206929,22.36468698,13.4614,II/389/ps1_dr2
134830840213666860,84.02161989,22.36389284,11.7837,II/389/ps1_dr2
134860839850969739,83.98513544243,22.39097238498,12.932,II/389/ps1_dr2
134850839994890944,83.99950351,22.3753014,13.1172,II/389/ps1_dr2
134880840124729112,84.01248981344,22.40713541165,14.3999,II/389/ps1_dr2
134910840418173148,84.04181257,22.42720019,12.135,II/389/ps1_dr2
134920840577255123,84.05774142657,22.43715927805,14.7961,II/389/ps1_dr2
134880839969117090,83.99692383058,22.40544912957,14.8118,II/389/ps1_dr2
134930840036621674,84.00369078,22.44266052,10.3778,II/389/ps1_dr2
134920839505296471,83.95050079669,22.43829198237,14.7427,II/389/ps1_dr2
134970839946972000,83.99470423451,22.47622100435,13.7288,II/389/ps1_dr2
134930841051860909,84.10519494525,22.44199416577,13.7347,II/389/ps1_dr2
134970840849374062,84.08493188076,22.47793184899,13.156,II/389/ps1_dr2
134980841206621031,84.12067537147,22.48375519015,13.13,II/389/ps1_dr2
134970841429818933,84.14299210749,22.48201619016,14.5689,II/389/ps1_dr2
134990841741190329,84.17412609136,22.4915078024,14.0798,II/389/ps1_dr2
135000841506827585,84.15069773607,22.50589363303,14.0842,II/389/ps1_dr2
135010841255406420,84.12555136794,22.51325270078,14.1575,II/389/ps1_dr2
135020841031590287,84.10315017097,22.5164678884,13.196,II/389/ps1_dr2
135060841307421648,84.13075234535,22.55092354491,14.5334,II/389/ps1_dr2
135040840803688889,84.08037256,22.54031854,13.5755,II/389/ps1_dr2
135040840800648874,84.08004487217,22.54030177021,13.5836,II/389/ps1_dr2
134920839318105450,83.93179745595,22.43740543636,14.8284,II/389/ps1_dr2
134950839260465973,83.92604864666,22.4628375533,14.0463,II/389/ps1_dr2
134980839382765450,83.93821956349,22.48744989052,12.862,II/389/ps1_dr2
134990839493774619,83.94939054278,22.49506377514,13.479,II/389/ps1_dr2
135000840055771019,84.00556890364,22.50040499818,13.8881,II/389/ps1_dr2
135020839840309828,83.98402380724,22.524420205,13.6673,II/389/ps1_dr2
134980838860976250,83.88610096339,22.48808032694,14.4275,II/389/ps1_dr2
135000839031334464,83.90314161512,22.50326172579,14.6636,II/389/ps1_dr2
134990839177182493,83.91766284254,22.49331598553,13.584,II/389/ps1_dr2
135000839054027052,83.90527251469,22.50534966166,12.088,II/389/ps1_dr2
135020838627786705,83.86276454386,22.52177750025,13.5968,II/389/ps1_dr2
135030839091020713,83.90906668787,22.52514950145,13.7433,II/389/ps1_dr2
135030839211474980,83.92116372318,22.52870416489,14.6356,II/389/ps1_dr2
135040840422588786,84.04224698986,22.54022155695,12.607,II/389/ps1_dr2
135060840250175521,84.02502321751,22.55417028213,14.808,II/389/ps1_dr2
135070840523546276,84.05236122892,22.56315887272,14.9654,II/389/ps1_dr2
135100840386230089,84.03863126415,22.58298456092,14.5654,II/389/ps1_dr2
135100840507012631,84.05070934419,22.5851018773,14.5161,II/389/ps1_dr2
135110839913600925,83.99137331556,22.59200777875,13.738,II/389/ps1_dr2
135130839834556389,83.98342932403,22.61322594586,11.961,II/389/ps1_dr2
135130839715686414,83.97150910985,22.61321275123,14.08,II/389/ps1_dr2
135130840326429040,84.03261778,22.61543144,13.038,II/389/ps1_dr2
135150840300865409,84.03009010785,22.6290838899,14.8985,II/389/ps1_dr2
135140840572108740,84.05721795015,22.62352802382,14.3272,II/389/ps1_dr2
135170840345361910,84.03453968902,22.6428306676,14.9623,II/389/ps1_dr2
135050841682378902,84.16824226467,22.54865097368,14.8036,II/389/ps1_dr2
135080842146902932,84.21469442619,22.56867948379,14.8543,II/389/ps1_dr2
135120842287972777,84.22879142088,22.60187760508,13.265,II/389/ps1_dr2
135120841418326327,84.14183943,22.60487841,11.479,II/389/ps1_dr2
135170842166020870,84.21659109357,22.64195504533,13.295,II/389/ps1_dr2
135180841832343032,84.18323987471,22.65211086748,14.5083,II/389/ps1_dr2
135120842702958099,84.27031755326,22.60628155906,14.564,II/389/ps1_dr2
135130843062995142,84.30624990254,22.61219112771,14.6259,II/389/ps1_dr2
135150843219210759,84.32192350818,22.6251838335,12.715,II/389/ps1_dr2
135150843059415487,84.30597256,22.62915858,12.215,II/389/ps1_dr2
135170842836085231,84.2836099073,22.64559165939,14.7291,II/389/ps1_dr2
135180842799677426,84.27998105562,22.65575757505,13.8202,II/389/ps1_dr2
135180843587509924,84.35875834381,22.65783188482,14.8936,II/389/ps1_dr2
135190843007135073,84.30071874587,22.66212361927,13.8301,II/389/ps1_dr2
135210842640238965,84.26402555736,22.68204040727,14.5401,II/389/ps1_dr2
135210842773584530,84.27736233709,22.67834212372,14.0074,II/389/ps1_dr2
135230842493026481,84.24925851874,22.69667517745,14.0176,II/389/ps1_dr2
135240842370330985,84.23688371013,22.70046101643,14.9842,II/389/ps1_dr2
135230842863526852,84.28634295239,22.69693873851,13.3,II/389/ps1_dr2
135260842608228346,84.26080806507,22.72316412045,12.189,II/389/ps1_dr2
135270843016366684,84.3014045,22.73013758,11.2915,II/389/ps1_dr2
135270842965483293,84.29653333529,22.72731089613,12.682,II/389/ps1_dr2
135150841337834268,84.13378593937,22.62813788657,14.6211,II/389/ps1_dr2
135170841531371446,84.15314194323,22.64245271437,14.5095,II/389/ps1_dr2
135220841565170758,84.15652170072,22.68354875139,13.8055,II/389/ps1_dr2
135240841526498232,84.15265359331,22.70643500203,14.6135,II/389/ps1_dr2
135240841527818583,84.15265976178,22.70643385353,14.6048,II/389/ps1_dr2
135220840659890971,84.06598533308,22.6837102393,13.031,II/389/ps1_dr2
135210840722618003,84.07226143222,22.68124026136,14.0329,II/389/ps1_dr2
135240841056505368,84.10565083707,22.70404675518,14.7207,II/389/ps1_dr2
135270841126886010,84.11268186,22.72946738,12.778,II/389/ps1_dr2
135270841124355244,84.11247309,22.72902405,12.9406,II/389/ps1_dr2
135270841130355702,84.11294871,22.72931855,13.2913,II/389/ps1_dr2
135240842277590625,84.22776558963,22.70009658642,14.8135,II/389/ps1_dr2
135270842054092876,84.20541382295,22.72696900451,13.439,II/389/ps1_dr2
135280842026472882,84.20264186036,22.73531436671,13.286,II/389/ps1_dr2
135280842560614319,84.25607093901,22.7365002118,14.0624,II/389/ps1_dr2
135270842227787335,84.22277357224,22.73068522024,13.31,II/389/ps1_dr2
135270842230067598,84.22276535351,22.7306603123,13.3756,II/389/ps1_dr2
135300842609152170,84.26091028503,22.7513799167,12.583,II/389/ps1_dr2
135300842205810461,84.22054638631,22.74989442181,13.173,II/389/ps1_dr2
135310842208415302,84.22083455155,22.76229468387,12.303,II/389/ps1_dr2
135290841626321541,84.16260813544,22.7425100787,13.5215,II/389/ps1_dr2
135300841854318127,84.185431161,22.75635111024,13.055,II/389/ps1_dr2
135310842059343606,84.20594933486,22.76092081779,14.3202,II/389/ps1_dr2
135360842051014658,84.20509700463,22.80345391086,14.7825,II/389/ps1_dr2
135070838665133257,83.8665285294,22.56058461218,14.6404,II/389/ps1_dr2
135050838153813056,83.81529788059,22.54369329338,13.9685,II/389/ps1_dr2
135050838252402248,83.82525333491,22.54307715794,14.807,II/389/ps1_dr2
135080838337544535,83.83376149543,22.56996850516,12.833,II/389/ps1_dr2
135080838347264900,83.83474221227,22.5702755828,14.4875,II/389/ps1_dr2
135110838863021443,83.88633284919,22.59242388523,14.9739,II/389/ps1_dr2
135140838967879565,83.89677737772,22.62416738447,13.42,II/389/ps1_dr2
135130838808740910,83.8809016523,22.6086383648,13.9985,II/389/ps1_dr2
135120837861671824,83.78609580061,22.60100472506,13.5277,II/389/ps1_dr2
135140838115864460,83.81160291923,22.61992435471,14.4363,II/389/ps1_dr2
135140838678836661,83.86793064145,22.62176781496,14.4301,II/389/ps1_dr2
135110839369464470,83.93694687,22.59499478,13.115,II/389/ps1_dr2
135110839366364620,83.9365807257,22.595037381,12.6,II/389/ps1_dr2
135200839588606148,83.95886596422,22.67135257282,14.9034,II/389/ps1_dr2
135160838953897044,83.89539480077,22.63873886288,12.626,II/389/ps1_dr2
135220839023142667,83.90232686718,22.68510534865,14.9244,II/389/ps1_dr2
135250839526309957,83.95263240812,22.71618922437,14.3182,II/389/ps1_dr2
135260838988570541,83.89887189656,22.71666510707,14.4467,II/389/ps1_dr2
135250839065161691,83.90652432358,22.70929313823,14.8575,II/389/ps1_dr2
135270839307209368,83.93070743081,22.7323408563,13.7048,II/389/ps1_dr2
135290839402764293,83.94024030267,22.74476849432,12.862,II/389/ps1_dr2
135140837697633755,83.76973672506,22.61931185359,14.0808,II/389/ps1_dr2
135150837256310209,83.72562407683,22.62469652557,13.472,II/389/ps1_dr2
135180837626658111,83.76267331727,22.65630243786,13.8795,II/389/ps1_dr2
135170837731272707,83.77300006855,22.64340515248,13.336,II/389/ps1_dr2
135210837812993357,83.78126580337,22.67738101147,13.86,II/389/ps1_dr2
135210837160837016,83.71593869,22.68026918,14.0665,II/389/ps1_dr2
135220836966107766,83.69664747794,22.68929768878,12.972,II/389/ps1_dr2
135210837158117288,83.71582552679,22.68055422364,12.3,II/389/ps1_dr2
135210837557595440,83.75550821,22.67882229,12.026,II/389/ps1_dr2
135250837342072681,83.73421820583,22.71011336641,14.121,II/389/ps1_dr2
135250837500461596,83.75009086333,22.70917644087,14.5685,II/389/ps1_dr2
135260837677299727,83.76769793705,22.7242086558,14.0908,II/389/ps1_dr2
135280837585869175,83.75861895294,22.74049275248,14.9368,II/389/ps1_dr2
135220838440397615,83.84408286454,22.68923173887,13.6669,II/389/ps1_dr2
135210838539853986,83.85402262864,22.67787900728,13.7067,II/389/ps1_dr2
135230838214758839,83.82148875049,22.69858960629,13.956,II/389/ps1_dr2
135310839059972616,83.90602126295,22.76001839072,14.6892,II/389/ps1_dr2
135290838538326179,83.85390450644,22.74632428233,13.305,II/389/ps1_dr2
135290838540476438,83.8539121026,22.74630767735,13.2397,II/389/ps1_dr2
135310838964879042,83.89651849153,22.7653782969,14.8193,II/389/ps1_dr2
135320839047899734,83.90482011752,22.77428407712,14.864,II/389/ps1_dr2
135300838884676431,83.88847433127,22.75484258216,12.873,II/389/ps1_dr2
135260838071827694,83.80719322,22.7226721,10.234,II/389/ps1_dr2
135260838068857452,83.80674603,22.72232536,13.3169,II/389/ps1_dr2
135300838117984676,83.81181884523,22.75340178202,13.9699,II/389/ps1_dr2
135300838402311883,83.84027234446,22.75108778334,14.1152,II/389/ps1_dr2
135290837810041076,83.78097223171,22.74213491372,11.6,II/389/ps1_dr2
135270840098384258,84.00983939004,22.72810600273,14.5477,II/389/ps1_dr2
135320840558074987,84.05580131155,22.77039092182,13.097,II/389/ps1_dr2
135300840002900299,84.00028865704,22.74980215526,14.6917,II/389/ps1_dr2
135290840000238857,84.00003647891,22.74862347081,13.519,II/389/ps1_dr2
135320839890824864,83.98907723039,22.77027189506,14.3956,II/389/ps1_dr2
135390840226181615,84.02267003156,22.82584938844,14.8537,II/389/ps1_dr2
135370841071175077,84.10709419,22.81212054,12.571,II/389/ps1_dr2
135360841557725012,84.15576050852,22.8037491718,12.491,II/389/ps1_dr2
135390841869331750,84.18694448348,22.82601672168,12.67,II/389/ps1_dr2
135400841654462562,84.1654400131,22.83503667078,13.7888,II/389/ps1_dr2
135410841394802393,84.1394894266,22.84322548669,13.7882,II/389/ps1_dr2
135400840539356976,84.05394975028,22.83862628816,13.412,II/389/ps1_dr2
135400841090680999,84.10906914806,22.8337117642,14.2483,II/389/ps1_dr2
135430840857917076,84.08589879191,22.86375282662,13.463,II/389/ps1_dr2
135460841114352724,84.11138708,22.88519116,13.3507,II/389/ps1_dr2
135470841256294974,84.12584561,22.89539698,10.836,II/389/ps1_dr2
135470841262995300,84.12605123,22.89566901,12.7206,II/389/ps1_dr2
135470841261074925,84.12635679,22.89510597,10.8053,II/389/ps1_dr2
135460841110682827,84.11117885632,22.88520762145,13.135,II/389/ps1_dr2
135310839452883839,83.94530909586,22.76103896837,13.3,II/389/ps1_dr2
135340839427209172,83.94275695219,22.79049459338,14.6311,II/389/ps1_dr2
135360839638208789,83.96386691891,22.80682365155,13.9895,II/389/ps1_dr2
135370839573227584,83.95734351795,22.81413769836,13.715,II/389/ps1_dr2
135390839042248706,83.90422964691,22.8317380517,13.9397,II/389/ps1_dr2
135390838864399388,83.88649772898,22.83230969266,14.1544,II/389/ps1_dr2
135400838907520030,83.89077351421,22.83283393118,13.7757,II/389/ps1_dr2
135450839078139853,83.90784352939,22.8826999365,12.074,II/389/ps1_dr2
135450839082089695,83.90811021,22.88263636,14.4927,II/389/ps1_dr2
135460839322557221,83.93243536786,22.88889692311,12.496,II/389/ps1_dr2
135450840581871535,84.05825485799,22.87577315246,14.5745,II/389/ps1_dr2
135440840190706767,84.01919346999,22.87183016013,13.6636,II/389/ps1_dr2
135440840194506684,84.01919465005,22.87183724196,13.6627,II/389/ps1_dr2
135520840784667413,84.07854164592,22.93901850143,14.2932,II/389/ps1_dr2
135500840582169036,84.05825706354,22.92369292979,14.9573,II/389/ps1_dr2
135460839825947504,83.98263473351,22.8891262646,14.681,II/389/ps1_dr2
135520840041982648,84.00425030372,22.93502627249,14.8401,II/389/ps1_dr2
135540840197765772,84.01991267465,22.9543404054,13.291,II/389/ps1_dr2
135550839983139054,83.99840646,22.96519082,14.5872,II/389/ps1_dr2
135550839986739427,83.99874439792,22.96570151601,11.854,II/389/ps1_dr2
135270843609357509,84.36095111467,22.73081564388,14.5535,II/389/ps1_dr2
135270844066660594,84.40658,22.724888,9.078,II/389/ps1_dr2
135270844064400203,84.40656199,22.72482022,9.8285,II/389/ps1_dr2
135290844494496445,84.44945476379,22.74657173318,14.1384,II/389/ps1_dr2
135300844161392660,84.41609442972,22.75176425789,11.887,II/389/ps1_dr2
135280843120366352,84.31204312053,22.73819443023,14.6035,II/389/ps1_dr2
135320843165730489,84.31646143,22.76664917,11.8524,II/389/ps1_dr2
135330843418831454,84.3418895048,22.77577310755,14.4853,II/389/ps1_dr2
135320843162040299,84.31626701,22.766645,11.626,II/389/ps1_dr2
135340843788687273,84.37895116,22.788989,11.286,II/389/ps1_dr2
135340843807368221,84.3807119973,22.78973077311,12.416,II/389/ps1_dr2
135340843495671192,84.34940475,22.78382599,12.0072,II/389/ps1_dr2
135340843491990777,84.34920294802,22.78360138591,11.126,II/389/ps1_dr2
135340843490810434,84.34909336,22.78319708,13.0443,II/389/ps1_dr2
135370845211972562,84.52110022,22.80989704,12.6329,II/389/ps1_dr2
135370845209382189,84.52097175968,22.80971490243,11.883,II/389/ps1_dr2
135400845186859867,84.51869153897,22.84108380966,14.2024,II/389/ps1_dr2
135390844819290420,84.48194131265,22.82489726199,14.8966,II/389/ps1_dr2
135440845041390371,84.50415652144,22.86653127233,14.3099,II/389/ps1_dr2
135380844374813970,84.43748880295,22.81952388678,14.5913,II/389/ps1_dr2
135390843833221209,84.38332771362,22.82556151528,14.6081,II/389/ps1_dr2
135450844947855070,84.49478630286,22.87876257999,14.7793,II/389/ps1_dr2
135310842941746414,84.29418374579,22.76324547068,14.7862,II/389/ps1_dr2
135320843082205180,84.30822913594,22.7705503843,13.472,II/389/ps1_dr2
135360843170650172,84.31706091193,22.79969218595,13.9073,II/389/ps1_dr2
135360843080710697,84.30806967592,22.80015139664,12.369,II/389/ps1_dr2
135400843207019750,84.32067421543,22.84101800073,12.229,II/389/ps1_dr2
135360842431461578,84.24301488,22.80079517,9.937,II/389/ps1_dr2
135360842307938149,84.23080752009,22.80639768389,12.906,II/389/ps1_dr2
135360842429191224,84.2430827,22.80049157,10.422,II/389/ps1_dr2
135360842434921010,84.24349793,22.80033834,13.3834,II/389/ps1_dr2
135360842426401363,84.24256023,22.80086879,13.282,II/389/ps1_dr2
135390842219758523,84.22185188,22.83188421,12.6861,II/389/ps1_dr2
135390842216718562,84.22138554,22.83180243,14.2813,II/389/ps1_dr2
135390842218927899,84.22178767,22.83134666,11.916,II/389/ps1_dr2
135420843833368456,84.3832479,22.85639343,11.8206,II/389/ps1_dr2
135500843995963315,84.39960147443,22.91898150805,14.8147,II/389/ps1_dr2
135530844274981467,84.42750870858,22.94243133792,14.9283,II/389/ps1_dr2
135500843510334963,84.35112242,22.92026427,11.6942,II/389/ps1_dr2
135500843506754890,84.35079681,22.92035718,11.329,II/389/ps1_dr2
135530843218093741,84.3218442514,22.94433840256,13.9075,II/389/ps1_dr2
135530843226033321,84.32272332112,22.94378415664,12.064,II/389/ps1_dr2
135540843486189073,84.34859622712,22.95722694695,14.2791,II/389/ps1_dr2
135560843884672367,84.38839483,22.96803236,9.35,II/389/ps1_dr2
135560843892651973,84.38946768,22.96779721,14.3499,II/389/ps1_dr2
135560843886882097,84.38895987,22.96798155,13.4231,II/389/ps1_dr2
135580843716208603,84.37160869807,22.99006938251,12.585,II/389/ps1_dr2
135580843713606312,84.37108009,22.98816672,11.0494,II/389/ps1_dr2
135470845824265081,84.58241284708,22.89544446009,13.01,II/389/ps1_dr2
135490846051818267,84.60518183578,22.91474485875,14.0649,II/389/ps1_dr2
135480844792807022,84.47928318634,22.90537912287,14.2506,II/389/ps1_dr2
135570845476153231,84.54765120339,22.97721093811,11.805,II/389/ps1_dr2
135580846803794783,84.68042091,22.98689787,11.6622,II/389/ps1_dr2
135580846802034398,84.68001509,22.98663778,10.968,II/389/ps1_dr2
135620846901944875,84.6901942236,23.02024854024,14.3301,II/389/ps1_dr2
135600846724394209,84.67243240583,23.00302354836,14.4972,II/389/ps1_dr2
135560845876314636,84.58762257121,22.9700411508,13.215,II/389/ps1_dr2
135560845930680628,84.59309998457,22.96671810283,12.359,II/389/ps1_dr2
135580845923775664,84.59231728971,22.98754494334,13.178,II/389/ps1_dr2
135590846135398912,84.61354977351,22.99860696119,13.5628,II/389/ps1_dr2
135580845845197661,84.58448453,22.98922144,12.081,II/389/ps1_dr2
135580845609524203,84.56099472554,22.98637519684,13.9965,II/389/ps1_dr2
135600845994908402,84.59948050256,23.00652457503,12.972,II/389/ps1_dr2
135600846426911952,84.64268134501,23.00114082627,14.2538,II/389/ps1_dr2
135500844667809046,84.46677304,22.92377267,12.326,II/389/ps1_dr2
135500844664568943,84.46664443,22.92352061,13.7697,II/389/ps1_dr2
135560844853944119,84.48551197,22.96970391,12.387,II/389/ps1_dr2
135560844856084399,84.48586475,22.96974646,12.8464,II/389/ps1_dr2
135540844825452318,84.48255428859,22.95146519519,14.6583,II/389/ps1_dr2
135530844413728947,84.44134646634,22.9486413784,12.854,II/389/ps1_dr2
135540845091458456,84.50913502,22.95664584,11.366,II/389/ps1_dr2
135570844964050131,84.4964271004,22.974645926,13.8216,II/389/ps1_dr2
135570844171070136,84.41711804603,22.9746470238,13.9798,II/389/ps1_dr2
135590844192620429,84.41926737,22.99162666,10.614,II/389/ps1_dr2
135570844092525707,84.40925639461,22.97927703793,14.3669,II/389/ps1_dr2
135630844907990237,84.49081033195,23.02473560031,14.8601,II/389/ps1_dr2
135620845450802869,84.54500549,23.01850656,12.1824,II/389/ps1_dr2
135620845456463973,84.54564272,23.01953815,12.6632,II/389/ps1_dr2
135620845454063261,84.54539609,23.01900197,11.847,II/389/ps1_dr2
135610845492150261,84.54926746332,23.00809286483,14.4902,II/389/ps1_dr2
135620845458073301,84.54597326,23.01901674,13.6858,II/389/ps1_dr2
135620845328014103,84.53284793,23.01978056,11.527,II/389/ps1_dr2
135620845329544497,84.53275873,23.0200101,11.8159,II/389/ps1_dr2
135660846121512256,84.61227466,23.0514237,13.1304,II/389/ps1_dr2
135660846125382297,84.61245659,23.05150992,11.227,II/389/ps1_dr2
135680845661838243,84.56619018874,23.07300653959,12.239,II/389/ps1_dr2
135720845943960616,84.59438991148,23.09998070895,13.321,II/389/ps1_dr2
135730845305537475,84.53056475801,23.11406379403,14.5069,II/389/ps1_dr2
135740845333447167,84.53336530835,23.12214228174,14.945,II/389/ps1_dr2
135420841821732231,84.18218597129,22.85142798976,14.0543,II/389/ps1_dr2
135480842081089311,84.20816483141,22.90730936189,13.484,II/389/ps1_dr2
135510841741376998,84.17415198108,22.93039239776,14.0787,II/389/ps1_dr2
135500841485638754,84.14856135547,22.92350968424,14.9948,II/389/ps1_dr2
135530841967833208,84.19682884229,22.94391254662,13.2516,II/389/ps1_dr2
135530841967853208,84.19682593372,22.94390589752,13.468,II/389/ps1_dr2
135560841765322922,84.17653714,22.96863928,14.3,II/389/ps1_dr2
135560841765492892,84.17656494058,22.96862895807,14.267,II/389/ps1_dr2
135560841829670953,84.18299547839,22.96701935203,13.7294,II/389/ps1_dr2
135550842108568168,84.21090844525,22.96471506284,13.7739,II/389/ps1_dr2
135580843489281150,84.348941945,22.98383427181,13.8303,II/389/ps1_dr2
135630843363682597,84.33599530452,23.02659187642,13.9174,II/389/ps1_dr2
135630843359502439,84.33599472,23.02659101,13.9294,II/389/ps1_dr2
135550842342065294,84.23432654333,22.9623544431,13.015,II/389/ps1_dr2
135550842344395586,84.23432583634,22.96235457229,13.2227,II/389/ps1_dr2
135590842850964677,84.28519382644,22.99514295568,13.133,II/389/ps1_dr2
135650842797720572,84.27976014,23.0416145,11.567,II/389/ps1_dr2
135560840912191227,84.09125533662,22.96720681085,14.8509,II/389/ps1_dr2
135570841230857750,84.1230878409,22.9810107333,14.5912,II/389/ps1_dr2
135550841575429069,84.15754773414,22.96544087393,14.9586,II/389/ps1_dr2
135570841818077238,84.18187649706,22.98062601528,13.135,II/389/ps1_dr2
135580841498539500,84.14986062736,22.99080063946,14.8729,II/389/ps1_dr2
135610841421879468,84.14220062675,23.01577982122,12.644,II/389/ps1_dr2
135620841432750603,84.1432846724,23.01672396249,13.9983,II/389/ps1_dr2
135570840619796866,84.06202437528,22.98022597451,14.6405,II/389/ps1_dr2
135600840888792898,84.0888942763,23.00195550544,14.9545,II/389/ps1_dr2
135580840447098711,84.04476346267,22.99010723334,14.5572,II/389/ps1_dr2
135620840946747873,84.09468257082,23.02278012917,14.7797,II/389/ps1_dr2
135630840932889403,84.09329573164,23.03239155993,13.9404,II/389/ps1_dr2
135660840941413142,84.09415738897,23.05217856405,14.2038,II/389/ps1_dr2
135610842186707945,84.2186847695,23.01451784274,14.5942,II/389/ps1_dr2
135650841807670991,84.18078017499,23.04204312315,13.9429,II/389/ps1_dr2
135690842341367787,84.23403049,23.08090268,12.8359,II/389/ps1_dr2
135690842338827550,84.23402194,23.08087035,12.795,II/389/ps1_dr2
135690842343187415,84.23449969,23.08080907,12.7255,II/389/ps1_dr2
135680841722760957,84.1723323166,23.06695300166,14.0517,II/389/ps1_dr2
135710841999832766,84.19998888052,23.09351644326,14.0982,II/389/ps1_dr2
135740842325359701,84.23254760895,23.12429099379,14.294,II/389/ps1_dr2
135730841852149068,84.1852349911,23.11542024544,14.5631,II/389/ps1_dr2
135760841943759905,84.19439249317,23.14112937987,14.4022,II/389/ps1_dr2
135660843772016943,84.37721088168,23.05531472652,14.6946,II/389/ps1_dr2
135680844203157733,84.42033452326,23.07264392799,12.38,II/389/ps1_dr2
135700844391459238,84.43915164455,23.09057039602,14.5591,II/389/ps1_dr2
135690843924236593,84.3924927881,23.08005098832,11.284,II/389/ps1_dr2
135680843425202996,84.34252881187,23.0686970832,14.9032,II/389/ps1_dr2
135730843361119212,84.33613513245,23.11554175767,14.8484,II/389/ps1_dr2
135710844854347090,84.48559721,23.09714363,14.41,II/389/ps1_dr2
135720844779873884,84.47799126745,23.10276183443,14.2135,II/389/ps1_dr2
135740844172133778,84.41727561594,23.11935652015,13.5305,II/389/ps1_dr2
135760844023627096,84.40241644,23.13884582,8.331,II/389/ps1_dr2
135760844028896699,84.40289066,23.13845825,12.7748,II/389/ps1_dr2
135760844029137563,84.40287701,23.13906678,8.2155,II/389/ps1_dr2
135760844035335926,84.40327541,23.13797443,13.4517,II/389/ps1_dr2
135760844027137214,84.40256716,23.1389163,9.1491,II/389/ps1_dr2
135760844031807151,84.40331074,23.13898282,8.0775,II/389/ps1_dr2
135800844504610555,84.45046306792,23.166662405,14.2601,II/389/ps1_dr2
135770844099268186,84.41015332,23.14804403,10.234,II/389/ps1_dr2
135830844746298754,84.47463505569,23.19844384991,14.3671,II/389/ps1_dr2
135720842800188296,84.2800324571,23.10644806445,14.3848,II/389/ps1_dr2
135720842835972624,84.2836153074,23.10173214425,14.1133,II/389/ps1_dr2
135770842868555633,84.28695689,23.14598583,13.425,II/389/ps1_dr2
135790843518673240,84.35192802887,23.16058743313,13.4877,II/389/ps1_dr2
135820843250387965,84.32505830498,23.18948726981,14.6886,II/389/ps1_dr2
135790842607850005,84.26078939,23.15780585,10.285,II/389/ps1_dr2
135780842605429599,84.26068209,23.15757666,10.137,II/389/ps1_dr2
135780842602648826,84.26026652,23.15689817,12.65,II/389/ps1_dr2
135780842209488169,84.22096880196,23.15634581321,14.6384,II/389/ps1_dr2
135800842264558839,84.22660314,23.17362622,9.8244,II/389/ps1_dr2
135800842261298559,84.226246,23.173513,9.529,II/389/ps1_dr2
135810843016584763,84.30168413922,23.17847721322,14.9224,II/389/ps1_dr2
135810842683187167,84.26845362,23.18054416,11.413,II/389/ps1_dr2
135810842687557348,84.26877086,23.18065813,11.6088,II/389/ps1_dr2
135810843634939437,84.3635171202,23.18241361594,13.178,II/389/ps1_dr2
135880843776911294,84.3778288,23.23387346,11.203,II/389/ps1_dr2
135840843735972964,84.37362141669,23.20201548675,14.7883,II/389/ps1_dr2
135880844479541421,84.44796405,23.23406796,14.1597,II/389/ps1_dr2
135880844485541874,84.44849635,23.23431508,14.3832,II/389/ps1_dr2
135880844481091853,84.44811599252,23.23434334671,11.576,II/389/ps1_dr2
135890843525748619,84.35258581817,23.2483912113,14.2917,II/389/ps1_dr2
135890843013043186,84.30136127,23.24397427,13.0507,II/389/ps1_dr2
135890843018594059,84.30187831,23.24446659,10.8976,II/389/ps1_dr2
135890843014683841,84.30152398,23.24436576,10.777,II/389/ps1_dr2
135870843022733813,84.3021819,23.22760356,12.2248,II/389/ps1_dr2
135870843025774024,84.30254289,23.22781928,10.088,II/389/ps1_dr2
135880843317846876,84.33180458171,23.2386000247,12.56,II/389/ps1_dr2
135910843646406073,84.36464513729,23.26292222641,14.3102,II/389/ps1_dr2
135910844007137948,84.40077306874,23.2644428861,13.5652,II/389/ps1_dr2
135940844109872039,84.41103129261,23.28452380201,14.6536,II/389/ps1_dr2
135220850572447551,85.0572270006,22.68916708771,14.9976,II/389/ps1_dr2
135290851138150484,85.11380104094,22.74161152119,14.7886,II/389/ps1_dr2
135290850922458938,85.09222221933,22.7486547937,14.7545,II/389/ps1_dr2
135330851265873394,85.12655382446,22.77735041453,12.725,II/389/ps1_dr2
135310850077735622,85.00770327,22.76236715,14.0148,II/389/ps1_dr2
135310850087006079,85.00856338,22.76285362,12.9186,II/389/ps1_dr2
135310850083645344,85.00830325,22.76230384,10.005,II/389/ps1_dr2
135310850086595090,85.00882855,22.76221226,14.5428,II/389/ps1_dr2
135310850083144807,85.00831394,22.76188744,10.1609,II/389/ps1_dr2
135350850701554039,85.07016634215,22.79459303397,13.5371,II/389/ps1_dr2
135340851805860347,85.18057780024,22.78316647309,14.0305,II/389/ps1_dr2
135440851668714280,85.16685593992,22.8697706945,14.1633,II/389/ps1_dr2
135470851766931866,85.17667997464,22.89276063683,14.8508,II/389/ps1_dr2
135330849854131877,84.9854002668,22.77611957245,14.7959,II/389/ps1_dr2
135330849859758721,84.98609562802,22.78183046097,14.671,II/389/ps1_dr2
135370850378026068,85.03762241,22.81290904,13.2073,II/389/ps1_dr2
135370850379085612,85.03792671,22.81257952,9.2687,II/389/ps1_dr2
135370850138073647,85.01397292,22.81114432,10.1277,II/389/ps1_dr2
135370850366312246,85.03666188,22.80960055,14.6237,II/389/ps1_dr2
135370850383085739,85.038345,22.812729,9.258,II/389/ps1_dr2
135370850392035258,85.03907557,22.81246263,13.2224,II/389/ps1_dr2
135370850380716258,85.03811971,22.81337338,12.9717,II/389/ps1_dr2
135380850506192602,85.05058588,22.81835121,12.145,II/389/ps1_dr2
135380850509622409,85.05073127,22.8184912,13.9912,II/389/ps1_dr2
135430850369439802,85.03685825272,22.86602694495,11.706,II/389/ps1_dr2
135390849144567237,84.91444660139,22.83057643004,14.438,II/389/ps1_dr2
135410849805368702,84.98049629598,22.84846947735,12.385,II/389/ps1_dr2
135460849708062438,84.97077656645,22.88490877348,14.1817,II/389/ps1_dr2
135490850836659659,85.08362881153,22.91595930357,14.253,II/389/ps1_dr2
135500851248381150,85.12482931731,22.91716487932,14.3245,II/389/ps1_dr2
135510850684531252,85.06844548628,22.92558946762,14.5708,II/389/ps1_dr2
135530850593070191,85.05930725749,22.94137301944,14.2595,II/389/ps1_dr2
135570850910192236,85.09101294742,22.9764046019,14.8741,II/389/ps1_dr2
135480852627003727,85.26271021317,22.90264992338,14.6804,II/389/ps1_dr2
135470853095682383,85.30960898,22.89325551,12.94,II/389/ps1_dr2
135470853098302618,85.30978550615,22.89337390565,11.722,II/389/ps1_dr2
135470852222241072,85.22221287927,22.89209213686,13.7393,II/389/ps1_dr2
135450852058496774,85.20591213681,22.88017953826,13.6892,II/389/ps1_dr2
135540852815031444,85.28151221166,22.95074287269,14.0428,II/389/ps1_dr2
135570852460372811,85.24603032522,22.97688602707,13.269,II/389/ps1_dr2
135600853686513522,85.36856796937,23.00245155319,14.7555,II/389/ps1_dr2
135630853815312527,85.38162994,23.02644969,10.635,II/389/ps1_dr2
135630853822532742,85.38225063,23.02682366,14.0796,II/389/ps1_dr2
135630853813431956,85.38128318,23.02634906,10.8592,II/389/ps1_dr2
135620853739123203,85.37391947206,23.0188741288,14.8041,II/389/ps1_dr2
135590852688037158,85.26873112323,22.99711797708,12.748,II/389/ps1_dr2
135590852529603336,85.25297611634,22.99399081074,13.8599,II/389/ps1_dr2
135600852362667733,85.23627145994,23.00599234434,14.3518,II/389/ps1_dr2
135610852274230698,85.22743001126,23.00845944504,14.3519,II/389/ps1_dr2
135560851064861829,85.1064891299,22.96773806698,12.456,II/389/ps1_dr2
135600851444777179,85.1446401157,23.00556404678,12.963,II/389/ps1_dr2
135680853295625365,85.32960288321,23.07069451429,13.258,II/389/ps1_dr2
135720852923211914,85.29238057706,23.10113267624,13.107,II/389/ps1_dr2
135660852247813082,85.2248850062,23.05215048414,12.847,II/389/ps1_dr2
135660852248322727,85.2249754,23.05187945,13.8964,II/389/ps1_dr2
135660851979437909,85.19799310607,23.05613412369,13.034,II/389/ps1_dr2
135690852056990399,85.20560577019,23.07481672371,12.404,II/389/ps1_dr2
135690852053860155,85.20549396,23.07465677,13.2792,II/389/ps1_dr2
135720852804641444,85.28047829738,23.10076866579,13.8223,II/389/ps1_dr2
135720852803831776,85.28047543978,23.10078119955,13.8287,II/389/ps1_dr2
135460849380065124,84.93800463322,22.88720335113,14.6985,II/389/ps1_dr2
135500849732174039,84.97319926029,22.91958052505,13.7144,II/389/ps1_dr2
135500849682153259,84.96820599303,22.9189353833,14.6713,II/389/ps1_dr2
135500849146245998,84.91463068888,22.92120316864,13.5042,II/389/ps1_dr2
135520849581338001,84.9581353139,22.93954990008,14.6159,II/389/ps1_dr2
135450848551713315,84.85515698475,22.8772979024,14.7494,II/389/ps1_dr2
135480848772491527,84.87723934616,22.90082348726,14.63,II/389/ps1_dr2
135520848631434751,84.86313181786,22.93682367934,14.5532,II/389/ps1_dr2
135530849256238047,84.92561666409,22.94792045113,14.8586,II/389/ps1_dr2
135550849195659829,84.9195552084,22.96606877993,14.6935,II/389/ps1_dr2
135520848806330301,84.88062206468,22.93311033917,14.7188,II/389/ps1_dr2
135520850114342506,85.01151570108,22.93494913699,13.8167,II/389/ps1_dr2
135590849541049445,84.95410192738,22.99908363624,14.8943,II/389/ps1_dr2
135600849270264966,84.92700433543,23.00367442528,14.8516,II/389/ps1_dr2
135640850039285698,85.00392053242,23.037629591,14.5251,II/389/ps1_dr2
135630850178415242,85.01784387361,23.02891946556,14.2263,II/389/ps1_dr2
135550848371182310,84.83710654027,22.95978998252,13.6801,II/389/ps1_dr2
135560848076327992,84.80761045698,22.972843552,14.4952,II/389/ps1_dr2
135610848766967289,84.87669461741,23.01393822641,14.8556,II/389/ps1_dr2
135560847641145277,84.76403825502,22.97055870885,13.199,II/389/ps1_dr2
135650848331674718,84.83315652592,23.04512352567,14.1882,II/389/ps1_dr2
135630848375303502,84.83752090527,23.02744810228,14.2215,II/389/ps1_dr2
135620847834539812,84.78346068515,23.02435761985,14.6128,II/389/ps1_dr2
135660849419735387,84.94202624356,23.05402393079,14.7775,II/389/ps1_dr2
135690849673816232,84.96746420308,23.07974202565,12.342,II/389/ps1_dr2
135680849306716387,84.93066770572,23.07159332887,14.3451,II/389/ps1_dr2
135690848482200871,84.84819581166,23.07524942472,13.8871,II/389/ps1_dr2
135730848790241894,84.87898747,23.10951594,13.4203,II/389/ps1_dr2
135730848850503695,84.88503311419,23.1109498672,14.1106,II/389/ps1_dr2
135730848783701637,84.8783755,23.10922458,13.8109,II/389/ps1_dr2
135720848765394431,84.87652995205,23.10319487289,14.611,II/389/ps1_dr2
135750849099866696,84.91007577268,23.13014761819,12.722,II/389/ps1_dr2
135610850773484918,85.0773885411,23.0119936568,14.4307,II/389/ps1_dr2
135710851098752571,85.10989029583,23.0933457851,14.7506,II/389/ps1_dr2
135680850706549590,85.07070889617,23.0741990778,14.4991,II/389/ps1_dr2
135700850393919741,85.03946972964,23.09098715655,14.2424,II/389/ps1_dr2
135700850759088425,85.07598528964,23.08988735766,13.8118,II/389/ps1_dr2
135700850874563466,85.08747589072,23.08575724325,14.5171,II/389/ps1_dr2
135750851007674011,85.10076592326,23.12788747725,14.9897,II/389/ps1_dr2
135750851581760832,85.15817500544,23.12523150383,13.9461,II/389/ps1_dr2
135790852228382942,85.22283495335,23.16032900972,14.7066,II/389/ps1_dr2
135810852242813046,85.2242853856,23.1770726568,13.9196,II/389/ps1_dr2
135760851223548141,85.12235007978,23.13965973734,14.6524,II/389/ps1_dr2
135820851220021174,85.12200558803,23.18384917665,14.9616,II/389/ps1_dr2
135830851909810391,85.19099763355,23.19154031543,13.5183,II/389/ps1_dr2
135850851633234792,85.16331132,23.21183702,11.786,II/389/ps1_dr2
135850851632684455,85.16304967,23.21160104,12.7574,II/389/ps1_dr2
135740850010962278,85.00114516805,23.11812617719,13.5269,II/389/ps1_dr2
135740849871380941,84.98722273161,23.11700025588,13.255,II/389/ps1_dr2
135790849426184715,84.94270260908,23.1618006478,14.4338,II/389/ps1_dr2
135820849487054717,84.94880414714,23.1868155625,13.451,II/389/ps1_dr2
135800849786115228,84.97875757951,23.17055229739,12.272,II/389/ps1_dr2
135830850807958371,85.08085485235,23.19817137181,13.6262,II/389/ps1_dr2
135840850762773453,85.07633071072,23.20242030215,13.4851,II/389/ps1_dr2
135880850970697189,85.09712877453,23.23886495086,14.1877,II/389/ps1_dr2
135880850987743160,85.09883284379,23.2355027039,14.2746,II/389/ps1_dr2
135880850099087056,85.00998927812,23.23875256186,14.7197,II/389/ps1_dr2
135950850588792131,85.05894012929,23.29298529569,13.923,II/389/ps1_dr2
135950850719041123,85.07198597231,23.29214414297,13.432,II/389/ps1_dr2
135960850649436064,85.06500684377,23.30459622742,14.7787,II/389/ps1_dr2
135660854254676618,85.42547875273,23.05504230522,14.6233,II/389/ps1_dr2
135720854692904275,85.469465,23.103132,11.4771,II/389/ps1_dr2
135680854131734555,85.41320049189,23.06999643459,13.34,II/389/ps1_dr2
135710853995946920,85.39957924198,23.09696546363,13.22,II/389/ps1_dr2
135730854315781778,85.43153204,23.10929209,11.708,II/389/ps1_dr2
135730854334771824,85.43341179748,23.10940070051,14.239,II/389/ps1_dr2
135720854294295650,85.42944622665,23.10423750758,14.6029,II/389/ps1_dr2
135770854347620879,85.43476387669,23.14192618501,14.592,II/389/ps1_dr2
135740854276496176,85.42768658436,23.12130478505,13.96,II/389/ps1_dr2
135700855309249488,85.53099703614,23.09075973104,12.545,II/389/ps1_dr2
135700855311279825,85.53099362,23.09107627,13.7591,II/389/ps1_dr2
135710855302573210,85.53029684667,23.09386677542,14.6561,II/389/ps1_dr2
135730855040032325,85.50406708496,23.10979954883,14.1835,II/389/ps1_dr2
135800855845393797,85.58486191,23.16922385,11.7129,II/389/ps1_dr2
135800855848594091,85.58493472,23.16953684,13.1224,II/389/ps1_dr2
135810855252613320,85.52528307275,23.17729147262,14.8503,II/389/ps1_dr2
135840854908650764,85.49084275752,23.20016544402,13.7895,II/389/ps1_dr2
135870855128884879,85.51304895302,23.22865758408,12.909,II/389/ps1_dr2
135740853362266571,85.33624550248,23.12167141598,14.7813,II/389/ps1_dr2
135760853804793773,85.38054895114,23.13602666417,14.1755,II/389/ps1_dr2
135820853906821539,85.39069564853,23.18413842563,14.2976,II/389/ps1_dr2
135820854293469880,85.42935423261,23.19109742047,14.536,II/389/ps1_dr2
135860854092330838,85.4093345108,23.21694071466,12.708,II/389/ps1_dr2
135860854264298993,85.42643803093,23.22368921576,14.5495,II/389/ps1_dr2
135850854686474326,85.46868264299,23.21146693585,12.977,II/389/ps1_dr2
135820855997150287,85.5997315225,23.18309554207,14.615,II/389/ps1_dr2
135840856546912777,85.65470543479,23.20183185904,13.6487,II/389/ps1_dr2
135920856564902972,85.65647538,23.26855208,10.704,II/389/ps1_dr2
135840855573012781,85.55733258452,23.20183047027,12.47,II/389/ps1_dr2
135920856158286509,85.61590430498,23.27161263268,13.376,II/389/ps1_dr2
135960856070271617,85.60705440793,23.30086837125,14.1286,II/389/ps1_dr2
135890856945877920,85.69459540821,23.24778466968,13.6529,II/389/ps1_dr2
135940856737286471,85.67374265263,23.28824388009,14.2045,II/389/ps1_dr2
136010857288816653,85.72898489062,23.34677980807,13.321,II/389/ps1_dr2
135980856427404102,85.64276098362,23.31960283219,14.6959,II/389/ps1_dr2
135910855146701990,85.51468214,23.25946324,12.454,II/389/ps1_dr2
135990854767592567,85.47685144,23.32669716,12.9711,II/389/ps1_dr2
135990854773062903,85.4773096,23.32690058,13.1449,II/389/ps1_dr2
136010854682183814,85.46824788481,23.34437102035,14.1528,II/389/ps1_dr2
135990854781921890,85.47823409,23.32615917,6.217,II/389/ps1_dr2
135990854790280900,85.47909209,23.32530747,13.2093,II/389/ps1_dr2
136030854891193690,85.48925518458,23.36099640926,14.3266,II/389/ps1_dr2
136030854895563508,85.48968036,23.36077656,14.8861,II/389/ps1_dr2
136040855038688767,85.50388375953,23.37349255276,14.5084,II/389/ps1_dr2
136030856379245848,85.63769389,23.36291304,10.156,II/389/ps1_dr2
136030856379915275,85.6380283,23.36228967,10.3746,II/389/ps1_dr2
136080856449392076,85.64503046,23.40112572,12.8238,II/389/ps1_dr2
136080856447401694,85.64479891,23.40095296,11.229,II/389/ps1_dr2
136110856595120989,85.6594922106,23.42535680192,11.737,II/389/ps1_dr2
136050855561881217,85.55626304482,23.37555861708,12.984,II/389/ps1_dr2
136070855940122479,85.59403076858,23.39325212219,14.7544,II/389/ps1_dr2
136130855800089937,85.58003963027,23.44946228993,12.925,II/389/ps1_dr2
135840852616341282,85.26165092008,23.20061442696,13.7941,II/389/ps1_dr2
135860852434997061,85.24351246904,23.22209405526,13.196,II/389/ps1_dr2
135850852820996313,85.28211818274,23.21314591364,13.7488,II/389/ps1_dr2
135860852759573065,85.27595990695,23.21874012869,14.8667,II/389/ps1_dr2
135900851960824945,85.19608460473,23.25365896898,14.6284,II/389/ps1_dr2
135940852210582202,85.22107306458,23.28471941757,14.739,II/389/ps1_dr2
135930852402099924,85.24021269416,23.28281161456,14.6248,II/389/ps1_dr2
135930853788211487,85.37886438558,23.27575131753,12.9713,II/389/ps1_dr2
135980854025455037,85.40256780823,23.32041493047,13.978,II/389/ps1_dr2
135970853690917067,85.36912605258,23.31376662246,13.463,II/389/ps1_dr2
135990853055733167,85.30558602703,23.32717137136,14.095,II/389/ps1_dr2
136020853431922416,85.34322125876,23.35155547387,13.9767,II/389/ps1_dr2
136010853349522542,85.33496823546,23.34332909603,14.7492,II/389/ps1_dr2
136040853698730712,85.3699076394,23.36679388466,14.8583,II/389/ps1_dr2
136030853768219055,85.37687763142,23.36540669621,14.2788,II/389/ps1_dr2
136020853334276549,85.33351336,23.35480995,14.9134,II/389/ps1_dr2
136020853332337283,85.33345495,23.35570774,11.6253,II/389/ps1_dr2
136020853329177014,85.33303223,23.35530056,10.064,II/389/ps1_dr2
136020853329086213,85.33308371,23.35450662,11.9121,II/389/ps1_dr2
136020853330586541,85.33300049,23.35517764,10.9058,II/389/ps1_dr2
136020853336636794,85.33356211,23.3551615,13.5991,II/389/ps1_dr2
136020853322016819,85.33215721,23.35518459,12.6461,II/389/ps1_dr2
136050853538354105,85.35387674562,23.37795766252,14.5,II/389/ps1_dr2
135920851317319586,85.13199756,23.27425666,11.131,II/389/ps1_dr2
135920851576617125,85.15765819287,23.2721532699,14.7877,II/389/ps1_dr2
135970852439786149,85.24398637785,23.31300268149,14.9569,II/389/ps1_dr2
135990852187511625,85.2187623774,23.32590582648,14.3455,II/389/ps1_dr2
135970851979512527,85.1979518686,23.30998418621,14.1722,II/389/ps1_dr2
135960851919134864,85.19196044285,23.30359991257,13.4717,II/389/ps1_dr2
136000851921669896,85.19215829219,23.3411262852,12.692,II/389/ps1_dr2
135970850929519516,85.09301063111,23.31581557416,14.7385,II/389/ps1_dr2
135970851079707497,85.10803373805,23.31412680978,14.2328,II/389/ps1_dr2
135960851051755764,85.10513612554,23.30414286708,13.8492,II/389/ps1_dr2
136020851517833295,85.15183666879,23.35229056128,12.961,II/389/ps1_dr2
136060851733812056,85.17344703167,23.38458565811,14.4647,II/389/ps1_dr2
136040852506078741,85.25058696,23.37345642,10.104,II/389/ps1_dr2
136050853108787623,85.31089082741,23.38088888025,14.8828,II/389/ps1_dr2
136050853089018881,85.30899300412,23.38197224555,12.8933,II/389/ps1_dr2
136050852199628600,85.22004379,23.38167831,12.8805,II/389/ps1_dr2
136020854287327752,85.42874598334,23.35599453574,14.4294,II/389/ps1_dr2
136040854810039289,85.48101875569,23.37392740769,14.8782,II/389/ps1_dr2
136110854694270600,85.46929565,23.42522099,10.2194,II/389/ps1_dr2
136100854686329773,85.46857709,23.42434898,13.5209,II/389/ps1_dr2
136110854698180866,85.46973642,23.4251746,10.048,II/389/ps1_dr2
136110854704011297,85.47010262,23.42550315,14.843,II/389/ps1_dr2
136090854624684114,85.46248787552,23.41127776641,14.9104,II/389/ps1_dr2
136050853707755767,85.37080884607,23.37936556523,14.6228,II/389/ps1_dr2
136150855751105332,85.57511040244,23.46229500727,12.331,II/389/ps1_dr2
136130854766346398,85.47665473162,23.4465121027,14.3586,II/389/ps1_dr2
136150854531879440,85.4533327,23.46582908,13.1159,II/389/ps1_dr2
136150854535589832,85.45360519,23.46599272,11.788,II/389/ps1_dr2
136150854538429565,85.45371987,23.46573746,14.3033,II/389/ps1_dr2
136200854797338179,85.47975864748,23.50632969685,14.6905,II/389/ps1_dr2
136230855308516647,85.53088885098,23.53005482469,14.258,II/389/ps1_dr2
136230855006179853,85.50064646342,23.53273511214,14.7993,II/389/ps1_dr2
136110853167869676,85.31685693,23.43268405,11.711,II/389/ps1_dr2
136110853171229509,85.31713036,23.43250537,11.8312,II/389/ps1_dr2
136120853166910053,85.31665985,23.4330645,12.1857,II/389/ps1_dr2
136160854128087853,85.41265361,23.47295551,12.9095,II/389/ps1_dr2
136160854125057772,85.41244145,23.47275547,9.645,II/389/ps1_dr2
136170854103580263,85.41039808113,23.47470564463,12.01,II/389/ps1_dr2
136160854125678216,85.41235,23.47291,10.4639,II/389/ps1_dr2
136170853841048247,85.38415258114,23.48140960418,13.362,II/389/ps1_dr2
136180853822878164,85.3823195377,23.48965453605,14.8827,II/389/ps1_dr2
136200853731769823,85.37320354264,23.50771126425,14.4417,II/389/ps1_dr2
136190852705753430,85.27064953118,23.49403528302,11.552,II/389/ps1_dr2
136220853456333829,85.3457270567,23.519431279,13.402,II/389/ps1_dr2
136230853538205236,85.35387376278,23.52889323482,14.1146,II/389/ps1_dr2
136220853481465447,85.34830567645,23.52081554277,12.583,II/389/ps1_dr2
136190854381228736,85.43815324449,23.49846681606,14.3576,II/389/ps1_dr2
136190854391767884,85.43920099539,23.49776464245,13.529,II/389/ps1_dr2
136220854259025685,85.42595572721,23.52094028388,12.92,II/389/ps1_dr2
136250854287004289,85.42874443591,23.54476416575,13.6578,II/389/ps1_dr2
136270854494226248,85.44947128415,23.56305241177,14.651,II/389/ps1_dr2
136280854431067533,85.44312507294,23.57246266275,14.3284,II/389/ps1_dr2
136260853679815507,85.36801526757,23.55411268507,14.7701,II/389/ps1_dr2
136290853929909558,85.39306694465,23.58248743023,13.095,II/389/ps1_dr2
136350854245777862,85.4246339529,23.63105435855,12.772,II/389/ps1_dr2
136350854230497485,85.42305940497,23.63076213155,14.6985,II/389/ps1_dr2
135600847377679766,84.73776264974,23.00765480441,14.4039,II/389/ps1_dr2
135670847263941169,84.72650955681,23.05888828869,12.878,II/389/ps1_dr2
135680847206783031,84.72058523254,23.06866486054,11.927,II/389/ps1_dr2
135650847729530768,84.7729400753,23.0418262468,14.2326,II/389/ps1_dr2
135700847444804849,84.74456534234,23.0868331883,14.0394,II/389/ps1_dr2
135720846798052653,84.67977452721,23.10172836707,13.8402,II/389/ps1_dr2
135700848164833839,84.81644618613,23.0860417735,14.94,II/389/ps1_dr2
135710848075477288,84.80754250006,23.09727367169,14.513,II/389/ps1_dr2
135720847951650437,84.79507088919,23.09986152682,12.222,II/389/ps1_dr2
135810848734369124,84.87350914619,23.18214450321,13.328,II/389/ps1_dr2
135750847644061016,84.76438018257,23.1253696721,13.567,II/389/ps1_dr2
135790847934437423,84.79350534236,23.16404516852,14.1301,II/389/ps1_dr2
135840848329846385,84.8330579422,23.2047949622,13.0,II/389/ps1_dr2
135840848208741571,84.82092847849,23.20079320833,13.17,II/389/ps1_dr2
135720846316272457,84.63162957918,23.10152247891,13.47,II/389/ps1_dr2
135750846582119827,84.65822489667,23.13268547095,14.3474,II/389/ps1_dr2
135730846085019775,84.60848722457,23.11595060114,13.324,II/389/ps1_dr2
135730846291060808,84.62910698394,23.10848975334,14.7988,II/389/ps1_dr2
135740846206564691,84.62064210518,23.12004128868,13.6543,II/389/ps1_dr2
135790846211459308,84.62117534863,23.16558447926,14.7716,II/389/ps1_dr2
135800846215305239,84.62151151367,23.17050165007,12.656,II/389/ps1_dr2
135810846307353127,84.63076368349,23.17710215406,14.4549,II/389/ps1_dr2
135820846545290275,84.65455957612,23.1830641417,14.9477,II/389/ps1_dr2
135810847113535466,84.71137216986,23.17906146799,14.8911,II/389/ps1_dr2
135840847463202619,84.74633619384,23.20169992748,14.7192,II/389/ps1_dr2
135890847449482584,84.74494482825,23.24331524806,13.9122,II/389/ps1_dr2
135840846877117208,84.68774652277,23.20551594401,12.222,II/389/ps1_dr2
135840846880397466,84.68801271,23.2057251,13.5467,II/389/ps1_dr2
135850846891755440,84.68922428878,23.21238424256,13.9085,II/389/ps1_dr2
135890847070534436,84.70706916036,23.24488591828,14.7229,II/389/ps1_dr2
135890846586334087,84.65866404478,23.24459241691,14.455,II/389/ps1_dr2
135910846716969383,84.67170948277,23.26568155195,14.9129,II/389/ps1_dr2
135900847408218640,84.74083856449,23.25672693871,14.8816,II/389/ps1_dr2
135850849628515568,84.96289367078,23.21247455455,12.8627,II/389/ps1_dr2
135850849666068876,84.96668331,23.21520276,9.5907,II/389/ps1_dr2
135850849667399196,84.966696,23.215406,9.491,II/389/ps1_dr2
135850849663398697,84.96638526,23.21520634,9.5887,II/389/ps1_dr2
135910849339654489,84.93411988368,23.26158629186,12.831,II/389/ps1_dr2
135870848684112701,84.86851928,23.2268464,12.154,II/389/ps1_dr2
135870848687483169,84.86876452,23.2270943,13.5583,II/389/ps1_dr2
135900849024368970,84.90243530836,23.25701287371,13.133,II/389/ps1_dr2
135900848832297423,84.883229422,23.2557257662,14.4914,II/389/ps1_dr2
135930849174190656,84.91742916873,23.27508677672,13.038,II/389/ps1_dr2
135930848664973702,84.86654968374,23.27761757486,14.7871,II/389/ps1_dr2
135950848872800462,84.88735572504,23.29158718464,14.761,II/389/ps1_dr2
135950849959533806,84.99604537353,23.29437435449,14.3347,II/389/ps1_dr2
135950849559508541,84.95567939,23.29834107,12.1845,II/389/ps1_dr2
136000849861054037,84.98619696003,23.33623428743,14.4597,II/389/ps1_dr2
136020850243909708,85.02433216,23.35755678,12.3145,II/389/ps1_dr2
136030850244820223,85.02454537026,23.35806388728,11.303,II/389/ps1_dr2
135940847866517978,84.7867161,23.28968164,13.9363,II/389/ps1_dr2
135940847876757251,84.78788579,23.28868798,12.3545,II/389/ps1_dr2
135940847893015838,84.78932171,23.28777868,13.7031,II/389/ps1_dr2
135940847899108178,84.79005436,23.28978763,13.9937,II/389/ps1_dr2
135940847886586393,84.78842633,23.28803434,9.4692,II/389/ps1_dr2
135960848135462364,84.81342757,23.30139832,14.1675,II/389/ps1_dr2
135970848189553480,84.81899667422,23.31077354815,14.8063,II/389/ps1_dr2
135960848130561937,84.81293339,23.30100527,14.3208,II/389/ps1_dr2
135960848130122439,84.81318625,23.30155469,12.416,II/389/ps1_dr2
135960848133992703,84.81344471,23.30194929,12.2284,II/389/ps1_dr2
135980848252021762,84.82527017215,23.31767358687,13.8203,II/389/ps1_dr2
135980848120169068,84.81196196,23.32375528,9.3127,II/389/ps1_dr2
136000847936046627,84.79369749247,23.3383873665,12.277,II/389/ps1_dr2
136050848075479954,84.80767075783,23.38285776213,11.963,II/389/ps1_dr2
136050848325179377,84.83257754951,23.38235637615,14.2394,II/389/ps1_dr2
136050849639707243,84.96403208,23.38061402,13.5019,II/389/ps1_dr2
136050849641827191,84.96425114,23.3805487,12.01,II/389/ps1_dr2
136070848446914088,84.84470603962,23.39462809804,13.387,II/389/ps1_dr2
136100848634077591,84.86339480757,23.42253531025,12.63,II/389/ps1_dr2
136130849159101105,84.91599797418,23.44211241547,14.9533,II/389/ps1_dr2
135830845321827837,84.53219667084,23.19771343651,14.7749,II/389/ps1_dr2
135880845128327364,84.51283203576,23.23894889188,13.376,II/389/ps1_dr2
135880845107127746,84.5107288923,23.23927859852,13.642,II/389/ps1_dr2
135950845341360256,84.53417047049,23.29139448064,14.4148,II/389/ps1_dr2
135940845544941209,84.55452477736,23.28386183749,14.46,II/389/ps1_dr2
135960847064609912,84.70647668449,23.30776861194,14.4766,II/389/ps1_dr2
135980846787428446,84.67875541102,23.32323614712,14.6144,II/389/ps1_dr2
136000846856304587,84.68564103523,23.33668294291,14.7721,II/389/ps1_dr2
135990845612940424,84.56132522202,23.32486561283,14.4584,II/389/ps1_dr2
136030846735514574,84.673562951,23.36166193432,14.867,II/389/ps1_dr2
136010846123786477,84.61240447074,23.34656819023,14.6038,II/389/ps1_dr2
136060846381809101,84.6382664155,23.39044541079,12.583,II/389/ps1_dr2
135950844828278773,84.48286301689,23.29848366514,14.5632,II/389/ps1_dr2
135970845285233701,84.52855671689,23.31093154499,14.648,II/389/ps1_dr2
136010844127139032,84.4127772669,23.34871104284,13.9365,II/389/ps1_dr2
136000844499567782,84.44997677987,23.33928646272,13.321,II/389/ps1_dr2
136010844514362004,84.45145796981,23.34280945241,12.847,II/389/ps1_dr2
136030844591824114,84.45924855,23.36127374,12.1472,II/389/ps1_dr2
136040844543780085,84.45443549208,23.36626068335,14.0841,II/389/ps1_dr2
136030844595433912,84.45955856,23.36113779,13.795,II/389/ps1_dr2
136030844591045220,84.45918143378,23.36223447499,12.35,II/389/ps1_dr2
136010845716752252,84.5717488705,23.3430583749,12.904,II/389/ps1_dr2
136060845868557384,84.58684106769,23.38895181047,13.404,II/389/ps1_dr2
136090845214063974,84.52144607336,23.4111591297,14.8009,II/389/ps1_dr2
136120845166395425,84.51664215,23.43737491,12.684,II/389/ps1_dr2
136030847568229904,84.75682724732,23.36613162054,12.343,II/389/ps1_dr2
136040847575380873,84.7575685449,23.36691966054,14.306,II/389/ps1_dr2
136060846840807279,84.68410976592,23.38890241423,14.565,II/389/ps1_dr2
136030846837492732,84.68376805504,23.36011303247,14.8252,II/389/ps1_dr2
136100847363600782,84.73632477,23.41676636,12.829,II/389/ps1_dr2
136100847366750473,84.73659989,23.41683156,14.8119,II/389/ps1_dr2
136110848407358724,84.8407381517,23.43181118798,14.5968,II/389/ps1_dr2
136180848872538877,84.88734693095,23.49027432571,12.92,II/389/ps1_dr2
136160848314012042,84.8314532,23.46782636,13.4048,II/389/ps1_dr2
136150848331407141,84.83314282523,23.4638248102,14.9615,II/389/ps1_dr2
136160848310851542,84.83119061,23.46749881,10.2118,II/389/ps1_dr2
136180848343341226,84.83435474691,23.48373122255,14.3613,II/389/ps1_dr2
136170848411847462,84.8411759728,23.48075030903,13.114,II/389/ps1_dr2
136240848026552178,84.80266716315,23.53466292643,13.475,II/389/ps1_dr2
136230848107807495,84.81078618973,23.53076955616,14.2793,II/389/ps1_dr2
136120846445609226,84.64458760824,23.44051795934,14.6847,II/389/ps1_dr2
136140846665713796,84.66648425,23.45259935,10.847,II/389/ps1_dr2
136150846583868739,84.65837224323,23.46516254702,13.9021,II/389/ps1_dr2
136160846578890736,84.65791284169,23.46679398334,14.616,II/389/ps1_dr2
136210846895470340,84.68954982028,23.50814625897,12.406,II/389/ps1_dr2
136170846223686427,84.62238587779,23.47990203009,11.923,II/389/ps1_dr2
136170845760270817,84.57604297034,23.47522338849,14.406,II/389/ps1_dr2
136180846398944406,84.63990460218,23.48654444497,14.1851,II/389/ps1_dr2
136240846561876472,84.65616232363,23.53825703204,14.2259,II/389/ps1_dr2
136200847229301743,84.72296197,23.50104194,11.578,II/389/ps1_dr2
136290847462500748,84.74625443266,23.57513045537,12.918,II/389/ps1_dr2
136250846908466630,84.69085916623,23.54671565052,13.437,II/389/ps1_dr2
136300846723088637,84.67231251631,23.59004121667,14.9123,II/389/ps1_dr2
136280846740946158,84.67410432968,23.57131458454,14.6412,II/389/ps1_dr2
136340847231088827,84.72306285453,23.62355987972,13.7713,II/389/ps1_dr2
136320847268179210,84.72678702004,23.60722224357,14.715,II/389/ps1_dr2
136040850615530896,85.0615449,23.36700022,12.192,II/389/ps1_dr2
136040850611150474,85.06133863,23.36665192,10.81,II/389/ps1_dr2
136030850526430407,85.05271879098,23.35820831425,14.8611,II/389/ps1_dr2
136060851537748054,85.15365238,23.38936589,11.8054,II/389/ps1_dr2
136060851542198651,85.15434777,23.38993385,11.4268,II/389/ps1_dr2
136060851538588468,85.15395631,23.38991113,11.244,II/389/ps1_dr2
136040850318264341,85.03182446051,23.36981502006,13.031,II/389/ps1_dr2
136080850663950841,85.06662265,23.40037076,10.0601,II/389/ps1_dr2
136050850138698127,85.01364653,23.38112148,12.536,II/389/ps1_dr2
136050850135367894,85.01347546,23.38086911,11.482,II/389/ps1_dr2
136080850845188379,85.08450776901,23.40651673792,14.1678,II/389/ps1_dr2
136130850501811461,85.05031151684,23.4424293837,12.512,II/389/ps1_dr2
136140851392629618,85.13933394929,23.4575520265,13.9333,II/389/ps1_dr2
136190851385416074,85.13863424507,23.49627575638,12.689,II/389/ps1_dr2
136230851885653080,85.18855412,23.52712773,13.5193,II/389/ps1_dr2
136230851895832284,85.18925388,23.52636283,10.1394,II/389/ps1_dr2
136230851891142191,85.1889025,23.52639605,10.362,II/389/ps1_dr2
136260851591993157,85.15925769088,23.55217410888,14.147,II/389/ps1_dr2
136130850045096426,85.00459041986,23.44654937197,14.5469,II/389/ps1_dr2
136140850424723079,85.04252181324,23.45209751693,14.438,II/389/ps1_dr2
136170850490546577,85.04913870995,23.4800197627,13.5969,II/389/ps1_dr2
136210850297878153,85.02985406704,23.51465778923,14.8076,II/389/ps1_dr2
136170849369751100,84.93705962602,23.47544681708,14.5075,II/389/ps1_dr2
136230849857529930,84.98583767114,23.53279421781,14.4685,II/389/ps1_dr2
136220850670035554,85.0668893218,23.52071522187,14.8925,II/389/ps1_dr2
136230850504197559,85.05050404053,23.53083367489,13.494,II/389/ps1_dr2
136290850953170342,85.09531494091,23.57483190433,14.579,II/389/ps1_dr2
136270850461045450,85.04594041,23.56250104,12.9689,II/389/ps1_dr2
136270850460465789,85.04615247,23.56273957,11.819,II/389/ps1_dr2
136270850656443646,85.06561233707,23.56071630538,14.9928,II/389/ps1_dr2
136280850878305845,85.08798022,23.57107423,11.38,II/389/ps1_dr2
136310850706602274,85.07067998253,23.59311346114,14.0547,II/389/ps1_dr2
136320850992840366,85.09930331688,23.59983301999,13.227,II/389/ps1_dr2
136310851004429500,85.10046316348,23.59912341585,11.762,II/389/ps1_dr2
136300850589077590,85.05898181154,23.58919734789,14.7409,II/389/ps1_dr2
136330850858468912,85.08592813035,23.61530167661,12.359,II/389/ps1_dr2
136210852614539867,85.2614618398,23.5161294282,12.194,II/389/ps1_dr2
136210852837765715,85.28366377,23.51254858,9.012,II/389/ps1_dr2
136210852842555491,85.28441988,23.51242198,13.2921,II/389/ps1_dr2
136210852836455396,85.283573,23.512554,10.3755,II/389/ps1_dr2
136220852617920169,85.26157165,23.51629789,13.8072,II/389/ps1_dr2
136200852779276882,85.27799220725,23.50530023368,14.2446,II/389/ps1_dr2
136210852812907323,85.2813130674,23.51397068115,14.937,II/389/ps1_dr2
136250852386660914,85.23872131618,23.54198750918,13.369,II/389/ps1_dr2
136250852458974278,85.24596341534,23.54476725782,13.399,II/389/ps1_dr2
136240853041502183,85.30423330303,23.53472031223,13.9544,II/389/ps1_dr2
136240851993345660,85.19939979746,23.5375981249,14.7519,II/389/ps1_dr2
136310852686788320,85.26872483281,23.59814018338,13.8887,II/389/ps1_dr2
136300853688786228,85.36891195839,23.5880347302,14.5796,II/389/ps1_dr2
136320853863006826,85.38633496388,23.60521512476,14.511,II/389/ps1_dr2
136370853927751054,85.39280466048,23.64206899544,14.9627,II/389/ps1_dr2
136390852955363965,85.29553985005,23.66117384743,13.6799,II/389/ps1_dr2
136380852914517713,85.29144548311,23.65596705125,12.869,II/389/ps1_dr2
136380853559488993,85.35603156664,23.65701758993,13.432,II/389/ps1_dr2
136380853562068761,85.35604919403,23.65699375805,13.3849,II/389/ps1_dr2
136420853404668210,85.34047063822,23.68970613304,14.3066,II/389/ps1_dr2
136330851795664093,85.17964077143,23.61128973614,13.7771,II/389/ps1_dr2
136440851685132959,85.16855504,23.70200248,13.0479,II/389/ps1_dr2
136450852123899772,85.21240486518,23.71600834977,13.378,II/389/ps1_dr2
136470852271897097,85.22720471907,23.73045281056,14.4391,II/389/ps1_dr2
136470852080821767,85.20810243744,23.72601497079,14.4015,II/389/ps1_dr2
136470852091127374,85.20913260866,23.73068228133,14.6673,II/389/ps1_dr2
136510852576318987,85.25768582146,23.76527178405,13.402,II/389/ps1_dr2
136530852744797837,85.27436138702,23.78112843687,13.7759,II/389/ps1_dr2
136550852612727068,85.26114956003,23.79715272688,13.387,II/389/ps1_dr2
136220848847771511,84.88477959807,23.51745052055,13.8005,II/389/ps1_dr2
136280848342741987,84.83427838284,23.56785911143,14.9792,II/389/ps1_dr2
136310848965593803,84.89649685,23.59452686,10.6668,II/389/ps1_dr2
136310848956432943,84.89561767,23.59393462,13.4598,II/389/ps1_dr2
136310848963313404,84.89647321,23.59409592,10.199,II/389/ps1_dr2
136310848959543362,84.89602865,23.59411702,11.1948,II/389/ps1_dr2
136340849932016007,84.99327014724,23.62123012392,12.489,II/389/ps1_dr2
136340849955005909,84.99539924278,23.62105353803,14.677,II/389/ps1_dr2
136350850546478302,85.05469086133,23.63151788475,14.648,II/389/ps1_dr2
136370850720340152,85.07205590917,23.6413372434,13.8449,II/389/ps1_dr2
136350850119586618,85.01198340879,23.63006356933,14.7379,II/389/ps1_dr2
136380850047088351,85.00467435102,23.65650925276,13.629,II/389/ps1_dr2
136420849785230660,84.97856293857,23.6833882015,13.229,II/389/ps1_dr2
136430849770355763,84.9769915,23.69601938,9.4939,II/389/ps1_dr2
136430849767025559,84.97683913,23.69589568,8.76,II/389/ps1_dr2
136430849774965240,84.97750308,23.69557461,12.6524,II/389/ps1_dr2
136430849772196316,84.97725025,23.6964715,11.7649,II/389/ps1_dr2
136360848562223183,84.85620753904,23.6355358839,14.2326,II/389/ps1_dr2
136340847572184678,84.75724898979,23.62010282499,14.126,II/389/ps1_dr2
136360847314028487,84.73139286089,23.63995016312,14.4573,II/389/ps1_dr2
136380848161316351,84.81596212,23.65494997,11.8873,II/389/ps1_dr2
136380848161386836,84.81599013,23.65530683,10.6949,II/389/ps1_dr2
136400848023825288,84.80226764767,23.67055751912,12.899,II/389/ps1_dr2
136380848164826621,84.81636145,23.65494679,11.51,II/389/ps1_dr2
136420848296266587,84.82955179103,23.68836469947,12.972,II/389/ps1_dr2
136410848912728515,84.89127175901,23.68170303387,12.734,II/389/ps1_dr2
136440849508753554,84.95073741,23.70267478,9.906,II/389/ps1_dr2
136440849514403718,84.95149657,23.70266542,13.3326,II/389/ps1_dr2
136440849509664174,84.95098504,23.7028454,9.9673,II/389/ps1_dr2
136440849504413519,84.95028134,23.70223741,11.5512,II/389/ps1_dr2
136490849383983851,84.93843043393,23.74442915853,14.6666,II/389/ps1_dr2
136480849069018876,84.90686858322,23.7402974926,14.3662,II/389/ps1_dr2
136480849026707472,84.90266013652,23.73913499706,14.9295,II/389/ps1_dr2
136530848971033918,84.89706372749,23.77781692394,14.1498,II/389/ps1_dr2
136410850788365441,85.07883222126,23.67910802628,13.833,II/389/ps1_dr2
136450851485539174,85.14851918154,23.71555005768,14.4841,II/389/ps1_dr2
136440850315981600,85.03163957252,23.70088538274,12.925,II/389/ps1_dr2
136440850505637166,85.0505398541,23.70555771922,13.5473,II/389/ps1_dr2
136460850131366442,85.01316322933,23.72158172059,13.691,II/389/ps1_dr2
136500850180980073,85.01804954526,23.74962987846,14.0273,II/389/ps1_dr2
136520850589171633,85.05891239805,23.7676010626,14.733,II/389/ps1_dr2
136500850532872264,85.05333902918,23.75142097674,11.887,II/389/ps1_dr2
136550850931910929,85.09337161,23.7919167,12.8611,II/389/ps1_dr2
136530850881766161,85.08820412,23.77949899,11.036,II/389/ps1_dr2
136530850886776682,85.08859902,23.78012691,14.0848,II/389/ps1_dr2
136560851768792475,85.17680749391,23.80164176041,13.8281,II/389/ps1_dr2
136540851143330119,85.11422956865,23.78303289974,13.416,II/389/ps1_dr2
136570851019017583,85.10189701492,23.81423108632,14.7915,II/389/ps1_dr2
136560850953250062,85.09531037726,23.79963446654,14.4005,II/389/ps1_dr2
136580851794218569,85.17947793869,23.82336039878,10.97,II/389/ps1_dr2
136480849868930163,84.98692617079,23.73301516639,14.3089,II/389/ps1_dr2
136500849587248151,84.95877050356,23.75634788103,13.7944,II/389/ps1_dr2
136510849553059772,84.95513338,23.76583352,12.687,II/389/ps1_dr2
136510849545019025,84.95455102,23.76535989,12.2392,II/389/ps1_dr2
136510849796804180,84.97970591058,23.76136441653,14.1718,II/389/ps1_dr2
136570850706352457,85.07063015348,23.80997940837,14.9907,II/389/ps1_dr2
136520849437252316,84.94370440624,23.76818779342,14.3874,II/389/ps1_dr2
136600849467923030,84.94677162289,23.83543977962,14.4127,II/389/ps1_dr2
136610849730254861,84.97297828237,23.84530546931,13.9378,II/389/ps1_dr2
136640850786372428,85.07861141759,23.86826779791,14.1637,II/389/ps1_dr2
136650851283464649,85.12820221,23.87857019,12.5521,II/389/ps1_dr2
136650851279974512,85.12806909,23.87841517,12.644,II/389/ps1_dr2
136670850825895626,85.08258424761,23.89593057994,14.6291,II/389/ps1_dr2
135230836706566101,83.67052615,22.69615356,11.927,II/389/ps1_dr2
135240836667845177,83.66682982651,22.70380747794,13.406,II/389/ps1_dr2
135210836676207889,83.66767839,22.6811644,10.979,II/389/ps1_dr2
135210836678318293,83.66796809,22.68159004,11.8241,II/389/ps1_dr2
135210836664056818,83.66643907569,22.68024435707,13.335,II/389/ps1_dr2
135250836654060396,83.66544537551,22.70817196675,13.7161,II/389/ps1_dr2
135310837369581909,83.73699789511,22.75941235944,14.9467,II/389/ps1_dr2
135290836988401636,83.69858977,22.74252088,12.1089,II/389/ps1_dr2
135290836985121340,83.69854351,22.74247311,12.137,II/389/ps1_dr2
135280836152093353,83.61523802227,22.73562357008,14.8316,II/389/ps1_dr2
135290836476794116,83.64768571338,22.74461113576,14.9104,II/389/ps1_dr2
135320836169744365,83.61704467,22.76996217,11.9077,II/389/ps1_dr2
135320836173864727,83.6174317,22.76989681,13.2733,II/389/ps1_dr2
135340836220151599,83.62205497982,22.78417511717,14.8236,II/389/ps1_dr2
135340836318611651,83.63189973269,22.78419132818,13.305,II/389/ps1_dr2
135320836170134712,83.6169032,22.77001001,11.534,II/389/ps1_dr2
135350836343315743,83.63437147354,22.79596257172,14.4205,II/389/ps1_dr2
135340838004258077,83.80045307233,22.78956573713,14.0363,II/389/ps1_dr2
135340837668387202,83.76679098793,22.78886501587,14.0973,II/389/ps1_dr2
135330837721507757,83.77209736971,22.78100618198,14.5386,II/389/ps1_dr2
135320837378315787,83.73787403,22.77096111,11.274,II/389/ps1_dr2
135360837921955881,83.79229075623,22.80430552856,14.0557,II/389/ps1_dr2
135360837926026189,83.79269935137,22.8046773616,13.573,II/389/ps1_dr2
135390838322659809,83.8323427464,22.83269309148,13.347,II/389/ps1_dr2
135400838134112534,83.81347665791,22.83496561921,13.5985,II/389/ps1_dr2
135410838235149355,83.82355313803,22.84898429928,14.5171,II/389/ps1_dr2
135380837025770383,83.70261740511,22.81649422443,13.3512,II/389/ps1_dr2
135400837409759514,83.74104738897,22.84078367331,14.468,II/389/ps1_dr2
135380836980515522,83.69808399945,22.82077719948,14.9396,II/389/ps1_dr2
135420837537017823,83.75384509835,22.85606195377,12.324,II/389/ps1_dr2
135460837427391750,83.74279785607,22.88431516798,14.9325,II/389/ps1_dr2
135330836024392565,83.602476844,22.77663756822,14.7855,II/389/ps1_dr2
135340835570889329,83.55713397013,22.79061688086,13.9943,II/389/ps1_dr2
135370835759271219,83.57595553894,22.80885581209,14.8075,II/389/ps1_dr2
135380835507608705,83.55079496061,22.82342971092,14.8162,II/389/ps1_dr2
135390835126428732,83.51268676251,22.83177764467,14.3595,II/389/ps1_dr2
135390835241683708,83.52421854917,22.82754622086,13.9093,II/389/ps1_dr2
135440835832021360,83.58302056,22.86733399,13.1299,II/389/ps1_dr2
135420835739927965,83.57403380958,22.85612414151,12.736,II/389/ps1_dr2
135400835787946302,83.57882872057,22.83802491182,13.4839,II/389/ps1_dr2
135450836120854079,83.61211498197,22.8778991654,14.8428,II/389/ps1_dr2
135440835851947440,83.58524154935,22.87235587927,14.1076,II/389/ps1_dr2
135430835566750227,83.55662984,22.85792826,11.625,II/389/ps1_dr2
135430835571560507,83.55687223,22.85814321,12.9456,II/389/ps1_dr2
135460836979403666,83.69789189114,22.88595708632,14.6479,II/389/ps1_dr2
135480836786412683,83.6786763442,22.90174146239,14.5845,II/389/ps1_dr2
135470836738267806,83.67385915942,22.89767837553,14.604,II/389/ps1_dr2
135510837386701905,83.73871953341,22.92610204216,12.942,II/389/ps1_dr2
135480836915423284,83.69153075871,22.90229300101,13.9749,II/389/ps1_dr2
135520837148695279,83.71491951573,22.93724368149,14.626,II/389/ps1_dr2
135510837079982920,83.70804696064,22.9269471603,13.057,II/389/ps1_dr2
135550836482305716,83.64825900119,22.96264413044,14.2979,II/389/ps1_dr2
135570836576040159,83.65762764214,22.97468198129,13.454,II/389/ps1_dr2
135560836745178095,83.67456945771,22.97290061305,14.559,II/389/ps1_dr2
135560836786165483,83.67866367644,22.97073402796,13.7603,II/389/ps1_dr2
135420838455551009,83.84550697326,22.85028474926,11.939,II/389/ps1_dr2
135460839068236971,83.90686957671,22.88867178465,14.4905,II/389/ps1_dr2
135480839196700813,83.91970919367,22.90020643158,12.666,II/389/ps1_dr2
135500837779314020,83.77797198878,22.91953955393,14.8943,II/389/ps1_dr2
135590839468313468,83.94688759195,22.99408129471,14.905,II/389/ps1_dr2
135560839095905421,83.90968752046,22.97071291045,14.7738,II/389/ps1_dr2
135570839102560546,83.91036413571,22.9749876967,13.093,II/389/ps1_dr2
135600838728698815,83.87306171014,23.00691896733,13.005,II/389/ps1_dr2
135630839684736988,83.96851952123,23.03032697641,13.9188,II/389/ps1_dr2
135620839129584165,83.91301701952,23.01966558259,14.1881,II/389/ps1_dr2
135640839286496023,83.92869921381,23.03786825251,14.8458,II/389/ps1_dr2
135630839177611611,83.91780838392,23.02586815319,14.4757,II/389/ps1_dr2
135490837585507694,83.75859196875,22.91426515375,14.8823,II/389/ps1_dr2
135510837640019318,83.76405163066,22.93227893217,14.9843,II/389/ps1_dr2
135510837487989293,83.74884845123,22.93226457739,14.3845,II/389/ps1_dr2
135540837648339547,83.764900235,22.95747582077,13.6943,II/389/ps1_dr2
135540837205593924,83.72060767643,22.95278403467,14.8521,II/389/ps1_dr2
135570837958077905,83.79592455138,22.98111781159,13.7531,II/389/ps1_dr2
135570837896346237,83.7896693611,22.97970847519,14.4115,II/389/ps1_dr2
135590837720263179,83.77207554926,22.99383249179,14.9555,II/389/ps1_dr2
135600838050743599,83.80513938289,23.00251384416,14.002,II/389/ps1_dr2
135540837178397890,83.71788856167,22.95608334728,14.2658,II/389/ps1_dr2
135590836854070857,83.68544936181,22.99188492958,14.7365,II/389/ps1_dr2
135570836870115911,83.6870567399,22.97942697178,14.7824,II/389/ps1_dr2
135630837166644931,83.71670688168,23.02862205084,14.8188,II/389/ps1_dr2
135610837487284991,83.74877734962,23.01201489847,14.5844,II/389/ps1_dr2
135690839074039113,83.90768787576,23.08220853544,13.7583,II/389/ps1_dr2
135690839047827068,83.90483084,23.08038772,12.029,II/389/ps1_dr2
135720838987852926,83.89884307339,23.10195745669,14.1645,II/389/ps1_dr2
135700838869204526,83.88698784212,23.0866245873,14.2946,II/389/ps1_dr2
135690838391235325,83.83919582001,23.07897177556,14.5817,II/389/ps1_dr2
135730838808144621,83.88086891969,23.11170680518,14.4826,II/389/ps1_dr2
135740838725352082,83.87260176847,23.11792248985,14.882,II/389/ps1_dr2
135720838281121436,83.82814142599,23.10073804893,14.8622,II/389/ps1_dr2
135400834927782660,83.49281338805,22.8350653113,14.393,II/389/ps1_dr2
135420834977682723,83.49780372457,22.85174421058,14.4023,II/389/ps1_dr2
135420834793701584,83.47940654003,22.85079647391,14.8051,II/389/ps1_dr2
135450834749705233,83.4750191857,22.87886396256,12.975,II/389/ps1_dr2
135450834763022579,83.47634628316,22.8766388436,14.8708,II/389/ps1_dr2
135470835070936478,83.5071287506,22.8965574592,14.1537,II/389/ps1_dr2
135470835163790932,83.51641281639,22.89188454459,13.9238,II/389/ps1_dr2
135500835738441874,83.57389320696,22.9177163917,13.114,II/389/ps1_dr2
135490835269949382,83.52703289448,22.91563766239,14.2269,II/389/ps1_dr2
135480834743498038,83.47438395439,22.90618233667,14.1243,II/389/ps1_dr2
135500834892120925,83.48922431565,22.91689559711,14.9534,II/389/ps1_dr2
135500834620371581,83.46208761041,22.91747452117,14.6898,II/389/ps1_dr2
135490834236518224,83.42365703025,22.9146889543,13.5329,II/389/ps1_dr2
135510834509768423,83.45099110545,22.93154155699,14.6548,II/389/ps1_dr2
135530834850250688,83.48507038125,22.9417222058,14.3314,II/389/ps1_dr2
135490834962917008,83.49632722667,22.91365807363,14.5649,II/389/ps1_dr2
135540835190943353,83.51908360407,22.95232754753,13.8267,II/389/ps1_dr2
135530835019279905,83.50217039741,22.94935123373,14.5173,II/389/ps1_dr2
135580835016643988,83.50169097206,22.9861848864,14.4928,II/389/ps1_dr2
135580834920684693,83.49209526879,22.98676806227,14.2557,II/389/ps1_dr2
135550835976714115,83.59771905799,22.96129098483,14.6718,II/389/ps1_dr2
135550835864521026,83.58649191199,22.95869950713,14.5001,II/389/ps1_dr2
135590836348641267,83.63489011008,22.99226480945,14.8806,II/389/ps1_dr2
135590836038424292,83.6038636,22.99477079,12.876,II/389/ps1_dr2
135590836047528744,83.60478258662,22.99848324483,14.4241,II/389/ps1_dr2
135580835438834876,83.54390666887,22.98692777346,14.4779,II/389/ps1_dr2
135560835344642525,83.53448580086,22.96830959302,13.9165,II/389/ps1_dr2
135620835533395772,83.5533772,23.02088742,11.425,II/389/ps1_dr2
135600835322185121,83.53223639958,23.00379755949,14.5247,II/389/ps1_dr2
135630835516100176,83.55161416273,23.02466763456,14.7435,II/389/ps1_dr2
135670835955855760,83.59562016,23.06262882,12.01,II/389/ps1_dr2
135510834114641820,83.41147941474,22.92603723552,14.803,II/389/ps1_dr2
135550833927045241,83.39272443515,22.96223244478,13.8384,II/389/ps1_dr2
135560834368146339,83.43686095498,22.97148505069,13.4166,II/389/ps1_dr2
135600834300721615,83.43009509032,23.00087381531,14.7452,II/389/ps1_dr2
135550833635682986,83.36358482105,22.96035211225,14.7265,II/389/ps1_dr2
135580833756024162,83.37563029896,22.98632871651,13.7818,II/389/ps1_dr2
135570833349468953,83.33495673356,22.98200389805,14.9542,II/389/ps1_dr2
135600833979386093,83.39795589263,23.0046109063,14.7181,II/389/ps1_dr2
135630834411364353,83.44115641185,23.02815134782,14.7491,II/389/ps1_dr2
135630834432213076,83.4432370738,23.02707146536,13.9686,II/389/ps1_dr2
135650834039351977,83.40396236254,23.04284876721,13.9472,II/389/ps1_dr2
135680834055861491,83.40560009564,23.06744863012,14.3199,II/389/ps1_dr2
135630835096143334,83.50953328864,23.02726278939,13.02,II/389/ps1_dr2
135660834782366062,83.4782577865,23.05459766408,13.8601,II/389/ps1_dr2
135660834931939915,83.49321742812,23.05779600749,14.2447,II/389/ps1_dr2
135680834514498732,83.45153754288,23.0734418269,13.6218,II/389/ps1_dr2
135700834797611117,83.47978013305,23.08379624621,14.8657,II/389/ps1_dr2
135740835122386406,83.51225734813,23.12152997311,14.1452,II/389/ps1_dr2
135760834878666661,83.48788083561,23.13839563636,13.458,II/389/ps1_dr2
135630836355639719,83.6356082304,23.0325956254,14.0343,II/389/ps1_dr2
135670837381817383,83.73805608,23.06399733,11.1728,II/389/ps1_dr2
135670837378447391,83.73789317,23.06393852,10.885,II/389/ps1_dr2
135720837155029298,83.71554081551,23.10726362228,14.9872,II/389/ps1_dr2
135710836425489608,83.64258816712,23.09918768222,14.358,II/389/ps1_dr2
135710837736755013,83.7737281864,23.09535368265,12.911,II/389/ps1_dr2
135760838289159123,83.82896986366,23.14044693152,13.6867,II/389/ps1_dr2
135740837137491144,83.71377395015,23.11714825228,14.9062,II/389/ps1_dr2
135820837145416138,83.71459198896,23.18794846191,14.1645,II/389/ps1_dr2
135810837050236975,83.70505812878,23.18031922744,14.3216,II/389/ps1_dr2
135820837628689144,83.76290446353,23.19046107931,14.8736,II/389/ps1_dr2
135820837877668836,83.78780237079,23.19021209419,14.9715,II/389/ps1_dr2
135850837455888251,83.74564263835,23.21471131886,14.4958,II/389/ps1_dr2
135860837606024011,83.76064561041,23.21950989549,13.8773,II/389/ps1_dr2
135750835774016938,83.57747432524,23.13030789022,14.0566,II/389/ps1_dr2
135740836263808352,83.62641609304,23.12313935687,14.9419,II/389/ps1_dr2
135770836178302692,83.61787334202,23.14340526555,13.8289,II/389/ps1_dr2
135780836340807809,83.63435441,23.15598318,12.1571,II/389/ps1_dr2
135780836337877567,83.63390952,23.15585063,11.902,II/389/ps1_dr2
135830835912949677,83.59137138,23.19931843,11.625,II/389/ps1_dr2
135840837046762221,83.70477519,23.20137372,11.449,II/389/ps1_dr2
135870836676111281,83.66777951,23.22566208,11.475,II/389/ps1_dr2
135870836739516112,83.67399618487,23.2295946323,13.7545,II/389/ps1_dr2
135870836678711576,83.66785511,23.22577563,11.2325,II/389/ps1_dr2
135860837055670808,83.70560138509,23.21685008273,14.4211,II/389/ps1_dr2
135880837047628806,83.70481321455,23.24017014719,14.009,II/389/ps1_dr2
135870836417764147,83.64180488511,23.22797001087,14.6052,II/389/ps1_dr2
135910836157142793,83.61577987206,23.2601441835,13.364,II/389/ps1_dr2
135900836856878009,83.68573362482,23.25616538878,13.9662,II/389/ps1_dr2
135910836657453338,83.66578504334,23.26061521609,14.2422,II/389/ps1_dr2
135930836545983502,83.65455419005,23.27744356052,13.854,II/389/ps1_dr2
135610840390518245,84.03910604233,23.01472349453,14.8257,II/389/ps1_dr2
135620840398062977,84.03985292836,23.0186660953,14.7242,II/389/ps1_dr2
135630840403018222,84.04037344995,23.03135741255,14.0049,II/389/ps1_dr2
135640839888806171,83.98892124694,23.03800215154,14.3657,II/389/ps1_dr2
135670840618480848,84.06186982439,23.05858504073,13.855,II/389/ps1_dr2
135700840698567294,84.06989255,23.08898062,13.6773,II/389/ps1_dr2
135700840700757654,84.07009734282,23.08926803828,13.6595,II/389/ps1_dr2
135700840702497950,84.07014066,23.08927536,13.6552,II/389/ps1_dr2
135670839815729015,83.9816111992,23.0653421111,12.001,II/389/ps1_dr2
135690839460437691,83.94619006102,23.08096031192,13.8814,II/389/ps1_dr2
135710839713754984,83.97139755459,23.09537151986,13.5252,II/389/ps1_dr2
135730839949841781,83.99502680425,23.10929011751,13.22,II/389/ps1_dr2
135770840155735872,84.01559597068,23.14611321266,14.8632,II/389/ps1_dr2
135730841359486880,84.13597398174,23.1135969656,14.5061,II/389/ps1_dr2
135740840734450498,84.07346778169,23.11664399867,14.3988,II/389/ps1_dr2
135760841383896807,84.1384479739,23.13857057931,13.262,II/389/ps1_dr2
135780841514108110,84.15146022397,23.1563174817,14.955,II/389/ps1_dr2
135790840567154257,84.05676201115,23.16144031589,13.678,II/389/ps1_dr2
135780840532863681,84.05339212539,23.15263501172,13.307,II/389/ps1_dr2
135740839295385629,83.92958097905,23.12088145587,14.9349,II/389/ps1_dr2
135790839183621685,83.91837193861,23.15918779704,12.35,II/389/ps1_dr2
135820839661522141,83.96621231933,23.18463229659,14.6432,II/389/ps1_dr2
135820840349794438,84.03499969185,23.1865838463,13.4227,II/389/ps1_dr2
135840840706047258,84.07062979548,23.20560346651,13.9383,II/389/ps1_dr2
135880840331276314,84.03317749794,23.23810400743,14.8947,II/389/ps1_dr2
135910840841362703,84.0841675975,23.26008738507,14.8308,II/389/ps1_dr2
135880839935815523,83.99363209784,23.23745511011,14.3729,II/389/ps1_dr2
135930840208777812,84.02094689558,23.28099805541,13.5751,II/389/ps1_dr2
135960840142918234,84.01434138481,23.30634086857,12.718,II/389/ps1_dr2
135840841640102345,84.16401801086,23.20147746354,14.222,II/389/ps1_dr2
135880842190193093,84.21902211464,23.2354702771,14.9506,II/389/ps1_dr2
135900842223627384,84.22238292565,23.25570000889,13.9116,II/389/ps1_dr2
135850841636350466,84.16366024745,23.20826360827,13.8542,II/389/ps1_dr2
135870841379392618,84.13796159323,23.22672919536,14.4924,II/389/ps1_dr2
135880841256486130,84.1256700952,23.23798574633,14.1722,II/389/ps1_dr2
135900841459894257,84.14600785034,23.25308381005,13.168,II/389/ps1_dr2
135890842054714471,84.20549134379,23.24492332666,14.9636,II/389/ps1_dr2
135930842193794521,84.21941046974,23.27831562544,14.294,II/389/ps1_dr2
135930841789359485,84.1786642,23.28247097,12.9,II/389/ps1_dr2
135910843009515258,84.30096081857,23.26225683593,14.5044,II/389/ps1_dr2
135940842560053409,84.25642904,23.28571936,10.472,II/389/ps1_dr2
135930842804041634,84.28045061708,23.27584844914,14.8859,II/389/ps1_dr2
135960843449647413,84.34493324,23.30593035,12.8577,II/389/ps1_dr2
135960843451768211,84.34518901,23.30626752,10.586,II/389/ps1_dr2
135990843542569546,84.3542618338,23.33248443136,14.0385,II/389/ps1_dr2
135990842969361041,84.29694226659,23.32539821265,13.295,II/389/ps1_dr2
135970842956594848,84.2956486111,23.31192766409,14.1376,II/389/ps1_dr2
136040842737694822,84.27380009117,23.37017925028,14.028,II/389/ps1_dr2
135900841047037406,84.10470314,23.25552383,11.279,II/389/ps1_dr2
135900841069069643,84.10695252838,23.25753548984,13.392,II/389/ps1_dr2
135950841195482970,84.11960827972,23.29344533797,13.5027,II/389/ps1_dr2
135960841059918755,84.10602231599,23.3067726028,12.326,II/389/ps1_dr2
135940841631947006,84.16326834585,23.2886727639,13.31,II/389/ps1_dr2
135930841578579398,84.1579196262,23.28232711308,13.4865,II/389/ps1_dr2
135990841885863852,84.18867516264,23.32756752538,13.9587,II/389/ps1_dr2
135960840601633479,84.06021707282,23.30239715473,13.491,II/389/ps1_dr2
135970840722505966,84.07227889844,23.31281621737,14.7693,II/389/ps1_dr2
135970840624288826,84.06247894009,23.31517107948,14.0816,II/389/ps1_dr2
136010840769440589,84.07699984357,23.34166118207,14.758,II/389/ps1_dr2
136000840490114116,84.04903356965,23.33621419955,11.395,II/389/ps1_dr2
136020842344843339,84.23451775516,23.35227836268,14.1561,II/389/ps1_dr2
136050842521971647,84.25222276616,23.37587402705,14.804,II/389/ps1_dr2
136080842031863786,84.20324000499,23.40266829654,13.6259,II/389/ps1_dr2
136070841521732368,84.1522074442,23.39315898107,14.6965,II/389/ps1_dr2
136050841431398308,84.14316885372,23.38141890107,13.149,II/389/ps1_dr2
136120842134714107,84.21347407,23.436304,12.7693,II/389/ps1_dr2
136120842152702344,84.21521578,23.4349138,9.211,II/389/ps1_dr2
136120841841411653,84.18417780411,23.43420765298,13.975,II/389/ps1_dr2
135800838405408758,83.84058420407,23.17347550858,14.3712,II/389/ps1_dr2
135810838343976143,83.83444317362,23.17962752249,13.8542,II/389/ps1_dr2
135810838560353407,83.85608406561,23.17735079929,14.8177,II/389/ps1_dr2
135840838502888846,83.85033460158,23.20688077839,14.6411,II/389/ps1_dr2
135850838478525961,83.84790614104,23.21279920632,13.8613,II/389/ps1_dr2
135830838905329847,83.89058568879,23.19938297968,14.1699,II/389/ps1_dr2
135850837980993358,83.79813394935,23.21063840171,14.1489,II/389/ps1_dr2
135910838404772689,83.84052857806,23.26009274293,13.4941,II/389/ps1_dr2
135940838771031528,83.87723075,23.28449091,13.1767,II/389/ps1_dr2
135930838792330223,83.87928909518,23.27469160069,14.3427,II/389/ps1_dr2
135940838769821146,83.8770535,23.2840216,10.8377,II/389/ps1_dr2
135930838368175128,83.83686857698,23.27878787351,13.8043,II/389/ps1_dr2
135940838421404742,83.84218303255,23.2867949177,14.7336,II/389/ps1_dr2
135890839480508906,83.94807668083,23.24863701664,14.71,II/389/ps1_dr2
135910839127288122,83.91278454171,23.26460123934,14.2634,II/389/ps1_dr2
135990840001720497,84.00021326465,23.3249168003,14.2698,II/389/ps1_dr2
135980840158926158,84.01593342289,23.32128110697,12.958,II/389/ps1_dr2
136000839593472399,83.95938598479,23.33484234424,14.0754,II/389/ps1_dr2
136000839166705640,83.91671318652,23.33754277807,12.925,II/389/ps1_dr2
136040839450373800,83.94508971351,23.36939212307,13.8025,II/389/ps1_dr2
135910837816372568,83.78168266943,23.25998213861,14.2292,II/389/ps1_dr2
135940837966564900,83.79672316988,23.28694863424,12.387,II/389/ps1_dr2
135960838200353595,83.82010555008,23.30248872913,14.6527,II/389/ps1_dr2
135970837013951364,83.70142969205,23.30896831985,12.567,II/389/ps1_dr2
136060837591201597,83.75916339841,23.38416189332,14.3802,II/389/ps1_dr2
136030838168650563,83.81693240011,23.35829693763,14.1715,II/389/ps1_dr2
136070838709370737,83.87096520463,23.39181872849,14.3313,II/389/ps1_dr2
136070838822655001,83.88230182474,23.3953311734,14.3858,II/389/ps1_dr2
136070838459338567,83.8459864209,23.3982889569,12.939,II/389/ps1_dr2
136090838416427052,83.84171489972,23.41368991745,13.9648,II/389/ps1_dr2
136140838427655138,83.842734,23.45381918,14.0313,II/389/ps1_dr2
136150838306762746,83.83070772894,23.46014639593,13.234,II/389/ps1_dr2
136020840469782439,84.04702898908,23.35152514257,14.6254,II/389/ps1_dr2
136050840335511859,84.03358519912,23.37605628012,14.8406,II/389/ps1_dr2
136090839958330324,83.99593978758,23.40810451263,13.343,II/389/ps1_dr2
136100839587104593,83.95874154429,23.41997966776,13.274,II/389/ps1_dr2
136110840417588315,84.04178538593,23.43141903084,13.7921,II/389/ps1_dr2
136100841116520522,84.11166906172,23.4165755455,12.343,II/389/ps1_dr2
136170841552505792,84.15526982735,23.47932301636,14.9245,II/389/ps1_dr2
136180841711328988,84.17116949454,23.4903141257,13.6281,II/389/ps1_dr2
136180841278172572,84.12786854537,23.48496785074,13.5007,II/389/ps1_dr2
136160840878587269,84.08787811329,23.47223660443,13.7207,II/389/ps1_dr2
136150839340112003,83.93405814777,23.45948954969,14.0927,II/389/ps1_dr2
136170840202075639,84.02024941647,23.47920269199,13.9882,II/389/ps1_dr2
136160839915845470,83.99162350008,23.47072242939,14.2883,II/389/ps1_dr2
136190839552000221,83.95522932542,23.49135204411,14.0688,II/389/ps1_dr2
136220839741066665,83.97409724336,23.52167458698,12.385,II/389/ps1_dr2
136220839532133620,83.95353474,23.519446,13.1451,II/389/ps1_dr2
136230839362338291,83.93626711698,23.5314164728,14.3395,II/389/ps1_dr2
136240840187722388,84.01880331752,23.53481576072,14.9302,II/389/ps1_dr2
136270840793895774,84.07942846923,23.5625843216,13.9071,II/389/ps1_dr2
136280839955694968,83.99557311,23.57029618,14.114,II/389/ps1_dr2
136280839955694967,83.9955986917,23.570290795,14.2946,II/389/ps1_dr2
136260839943304996,83.99436180847,23.55364591461,13.109,II/389/ps1_dr2
136290839594968145,83.95953686034,23.58127300044,14.9698,II/389/ps1_dr2
136300839926226518,83.99270679881,23.58826915407,14.3134,II/389/ps1_dr2
136290840358113336,84.03585661882,23.57725647841,14.0114,II/389/ps1_dr2
136330840371469716,84.03720283,23.61608024,12.2894,II/389/ps1_dr2
136330840367499579,84.03688187,23.61607149,12.3325,II/389/ps1_dr2
135630832885207005,83.28853137649,23.03039505199,14.4176,II/389/ps1_dr2
135690833588687520,83.35887921623,23.08080356067,13.024,II/389/ps1_dr2
135710833476378801,83.3476178003,23.09845886138,13.253,II/389/ps1_dr2
135690833635587880,83.3635514624,23.08109473576,14.0337,II/389/ps1_dr2
135720832806568503,83.28065287978,23.10663005297,12.298,II/389/ps1_dr2
135740833297287770,83.32974536063,23.12266819731,13.442,II/389/ps1_dr2
135750834245294425,83.42454149164,23.12821045099,14.8609,II/389/ps1_dr2
135760834553520794,83.45552019,23.13356293,11.383,II/389/ps1_dr2
135760834557420729,83.4558474,23.13331254,11.9811,II/389/ps1_dr2
135780834896105082,83.48963162206,23.15376357725,14.7537,II/389/ps1_dr2
135780834937605189,83.49377827972,23.15384921788,14.6541,II/389/ps1_dr2
135800833566323021,83.35663504776,23.16871659004,14.5444,II/389/ps1_dr2
135800834016975294,83.40175883,23.17058649,14.7244,II/389/ps1_dr2
135800834020255070,83.40221458,23.17047054,11.5386,II/389/ps1_dr2
135800834017054907,83.40176589,23.17015494,12.8261,II/389/ps1_dr2
135830834136697466,83.41367667988,23.19740873691,14.6857,II/389/ps1_dr2
135830834221927142,83.42219382673,23.1971445172,14.9988,II/389/ps1_dr2
135840834326468180,83.43266175368,23.20633835231,14.3847,II/389/ps1_dr2
135830834235015308,83.42350189575,23.19560455254,13.4097,II/389/ps1_dr2
135820833877141061,83.38772000273,23.18375026601,14.8671,II/389/ps1_dr2
135870834087781433,83.4087827245,23.22571371831,14.2502,II/389/ps1_dr2
135730832180553925,83.21805690255,23.11116315272,14.5274,II/389/ps1_dr2
135730831970379165,83.1970523727,23.11554427961,13.7717,II/389/ps1_dr2
135770832267330319,83.22662647,23.14150176,13.1719,II/389/ps1_dr2
135770832720591204,83.27213896,23.14223501,8.9908,II/389/ps1_dr2
135770832724820429,83.27258389,23.14155624,12.7835,II/389/ps1_dr2
135740832746455195,83.27464788615,23.12055102512,14.7868,II/389/ps1_dr2
135780832757431836,83.27577425387,23.15103740862,14.8591,II/389/ps1_dr2
135770832762717924,83.27633994176,23.14777389858,13.8324,II/389/ps1_dr2
135770832721490840,83.27221692,23.14191304,8.8481,II/389/ps1_dr2
135800833014547067,83.3014551182,23.17209971106,14.8796,II/389/ps1_dr2
135790832467447861,83.24675284266,23.16440077753,12.682,II/389/ps1_dr2
135760831792680646,83.17935858678,23.13346962174,12.654,II/389/ps1_dr2
135800832150884408,83.2150891628,23.16989605292,14.7742,II/389/ps1_dr2
135800832422825760,83.24228722089,23.17101802234,14.6052,II/389/ps1_dr2
135830832452001995,83.24520402528,23.19287889578,14.2805,II/389/ps1_dr2
135800833087844773,83.30878322545,23.17018998929,14.6378,II/389/ps1_dr2
135860833073264866,83.3073183306,23.22025999672,13.1859,II/389/ps1_dr2
135870833657259923,83.36573046002,23.23279687386,14.424,II/389/ps1_dr2
135860833912118531,83.39121744487,23.22328723195,13.26,II/389/ps1_dr2
135870832982443337,83.298127,23.227312,10.222,II/389/ps1_dr2
135870832980643047,83.29831609,23.22697825,10.5792,II/389/ps1_dr2
135890832612907950,83.26132739389,23.24783353506,12.807,II/389/ps1_dr2
135910832668676842,83.26689526498,23.26352192975,13.064,II/389/ps1_dr2
135800835017633839,83.50178289866,23.16938761642,14.9155,II/389/ps1_dr2
135860834818808674,83.48189578961,23.22341244664,14.4729,II/389/ps1_dr2
135850835370481127,83.53708340116,23.20876727503,14.9058,II/389/ps1_dr2
135880835371561453,83.53721222622,23.23400804559,13.291,II/389/ps1_dr2
135880835185635703,83.51864076328,23.23757372515,12.557,II/389/ps1_dr2
135880835195796081,83.51962488526,23.23788364368,12.934,II/389/ps1_dr2
135860834763934649,83.47640932354,23.22005941161,14.9251,II/389/ps1_dr2
135870834828941710,83.48291065332,23.22594002731,14.9706,II/389/ps1_dr2
135880834876064007,83.48763052634,23.23618166983,14.5739,II/389/ps1_dr2
135900834431895544,83.44320422321,23.25413176089,14.9218,II/389/ps1_dr2
135910834718840578,83.47190273613,23.25832666476,14.4115,II/389/ps1_dr2
135900834516387887,83.45165196742,23.25609949022,14.2711,II/389/ps1_dr2
135900834527894634,83.45280497063,23.25337358199,14.8159,II/389/ps1_dr2
135940835233696041,83.52342349631,23.28783814397,13.7594,II/389/ps1_dr2
135960836461597765,83.64622336184,23.30596053455,12.835,II/389/ps1_dr2
135970835151080518,83.51514945065,23.30824715403,14.7383,II/389/ps1_dr2
136000835201261628,83.52017199242,23.33416977739,14.943,II/389/ps1_dr2
135990835764744385,83.57655216582,23.32808665742,12.944,II/389/ps1_dr2
136050836085331140,83.608562804,23.37544622172,14.9574,II/389/ps1_dr2
135920834428127399,83.44282566037,23.27235397174,14.4146,II/389/ps1_dr2
135970834821375936,83.48218111889,23.3127534894,14.8506,II/389/ps1_dr2
135990834284462118,83.42849122044,23.32623530693,12.906,II/389/ps1_dr2
135960834294282767,83.4294452884,23.30183003703,14.9393,II/389/ps1_dr2
135950833723174788,83.37235409589,23.29514687635,14.2661,II/389/ps1_dr2
135970833819008145,83.38198788,23.31462244,12.369,II/389/ps1_dr2
135990833631694131,83.36324662926,23.32796027424,12.718,II/389/ps1_dr2
136000833481744046,83.348263,23.336497,11.4801,II/389/ps1_dr2
136000833484434448,83.34848396,23.33612036,11.0268,II/389/ps1_dr2
136010833907090814,83.39066587,23.34178967,13.1741,II/389/ps1_dr2
136000834050267401,83.40511338524,23.33900069475,14.0655,II/389/ps1_dr2
136010833901371501,83.39005769,23.3423938,9.3315,II/389/ps1_dr2
136010833896810652,83.38977684,23.34168964,10.1739,II/389/ps1_dr2
136010833898811218,83.39002866,23.34226381,8.484,II/389/ps1_dr2
136060834141179642,83.41414831028,23.39089303987,14.6419,II/389/ps1_dr2
136050834731822692,83.47321911773,23.37672616006,13.239,II/389/ps1_dr2
136010834680363637,83.46807504588,23.34419323986,14.9982,II/389/ps1_dr2
136040834696841121,83.46968083235,23.36708681633,13.081,II/389/ps1_dr2
136060835208220207,83.52086000453,23.38299149098,13.8315,II/389/ps1_dr2
136060835242035962,83.52423332914,23.38779232035,14.8621,II/389/ps1_dr2
136100835208631486,83.52084299,23.41739298,13.121,II/389/ps1_dr2
136080834402770156,83.44029213536,23.3996622171,14.1196,II/389/ps1_dr2
136080834590928198,83.45913062,23.40638052,12.4877,II/389/ps1_dr2
136100834597930108,83.45980778092,23.41628209926,14.4736,II/389/ps1_dr2
136100834606351579,83.46065211636,23.4174907314,14.4042,II/389/ps1_dr2
136080834594268438,83.45937431,23.40662947,10.548,II/389/ps1_dr2
136090835005127241,83.50055366425,23.41384214255,14.1262,II/389/ps1_dr2
136120834613066556,83.46127750153,23.4382468708,11.77,II/389/ps1_dr2
136140834884831747,83.48848574824,23.45094141337,12.711,II/389/ps1_dr2
135820831420462106,83.14209587397,23.18457351852,13.031,II/389/ps1_dr2
135830831317683854,83.13182733025,23.19437276811,13.6365,II/389/ps1_dr2
135860831746491333,83.17469250365,23.21727684495,14.277,II/389/ps1_dr2
135890831002226238,83.10029973765,23.24635095283,13.369,II/389/ps1_dr2
135890831010455120,83.10106269952,23.24543198449,12.949,II/389/ps1_dr2
135940831570691146,83.15712639018,23.28382481466,12.836,II/389/ps1_dr2
135890832255033253,83.22554152661,23.24388296807,14.6344,II/389/ps1_dr2
135950832183536096,83.21841219945,23.29626026141,13.9076,II/389/ps1_dr2
136000832873195043,83.28733027997,23.33707130036,14.811,II/389/ps1_dr2
135970832210442790,83.22109122078,23.31015111974,14.3882,II/389/ps1_dr2
135880830541219514,83.05389508,23.24087314,11.048,II/389/ps1_dr2
135880830542379139,83.05418303,23.24074505,11.6135,II/389/ps1_dr2
135880830544779867,83.05444507,23.24109329,10.3689,II/389/ps1_dr2
135940830698810801,83.06994250655,23.28349610861,14.6027,II/389/ps1_dr2
135930830584797588,83.05853882125,23.28080351883,14.4429,II/389/ps1_dr2
135970831005953976,83.10068389882,23.3111488141,13.8842,II/389/ps1_dr2
135970831117505173,83.11180280911,23.31213544895,14.8839,II/389/ps1_dr2
135990831304341698,83.13050838813,23.32591346569,14.3293,II/389/ps1_dr2
136000830867711268,83.08683964006,23.33389168581,12.128,II/389/ps1_dr2
136000830866390393,83.08666594,23.33319304,11.6187,II/389/ps1_dr2
135950830101957249,83.01019616322,23.29721528036,14.3204,II/389/ps1_dr2
135980830379067322,83.03796897736,23.3222214937,13.177,II/389/ps1_dr2
136010830309420143,83.03085789,23.34128252,13.7525,II/389/ps1_dr2
136000830187567354,83.01878083115,23.33894830236,13.9862,II/389/ps1_dr2
136000830701753810,83.07019131081,23.33604429115,14.6009,II/389/ps1_dr2
136030830360582901,83.03609419593,23.36024622392,14.5883,II/389/ps1_dr2
136010830315840849,83.03178619,23.34197132,13.3121,II/389/ps1_dr2
136030830161144711,83.01615327357,23.36176501792,12.387,II/389/ps1_dr2
136010830313260272,83.03150048,23.34139596,10.604,II/389/ps1_dr2
136010830316910504,83.03167411,23.3416384,11.1566,II/389/ps1_dr2
136070831429523308,83.14285858,23.39399523,13.3108,II/389/ps1_dr2
136070831429734280,83.14286841,23.39473233,10.319,II/389/ps1_dr2
136070831435214644,83.14347407,23.39512563,13.9845,II/389/ps1_dr2
136070831439133644,83.14389101,23.39432166,13.456,II/389/ps1_dr2
136070831443254098,83.14406527,23.39468148,14.0894,II/389/ps1_dr2
136070831436834129,83.14359618,23.39470707,8.9559,II/389/ps1_dr2
136070831433293929,83.14350763,23.3945851,9.326,II/389/ps1_dr2
136050830929168751,83.09296583479,23.38178794979,13.295,II/389/ps1_dr2
136090831268816490,83.12685801,23.41332039,13.0885,II/389/ps1_dr2
136090831273406532,83.12741731,23.41340949,13.3192,II/389/ps1_dr2
136090831271136156,83.1271490544,23.41318151802,12.557,II/389/ps1_dr2
136010833356884469,83.33569519896,23.34491904434,14.9311,II/389/ps1_dr2
136040833563193644,83.35634121456,23.3691929946,14.8638,II/389/ps1_dr2
136060833431370522,83.34318457627,23.38326211454,13.9347,II/389/ps1_dr2
136060833360136587,83.33607772497,23.38830626512,14.4009,II/389/ps1_dr2
136110833691997627,83.36921634554,23.430864673,14.0442,II/389/ps1_dr2
136040832736274059,83.27365226156,23.36954776332,14.8582,II/389/ps1_dr2
136080832774280709,83.27747004,23.39991022,14.5359,II/389/ps1_dr2
136080832772420287,83.27726738,23.39973261,12.751,II/389/ps1_dr2
136090832841820099,83.28418572364,23.40787725812,12.512,II/389/ps1_dr2
136100833169764408,83.31703294056,23.419832393,14.1272,II/389/ps1_dr2
136110833097580222,83.3096925,23.42472674,14.3401,II/389/ps1_dr2
136110833098940660,83.30994974,23.4250594,12.571,II/389/ps1_dr2
136110833015260443,83.30157888605,23.42486717321,14.039,II/389/ps1_dr2
136100833026849982,83.30271897387,23.42444984786,14.1934,II/389/ps1_dr2
136120832888416163,83.28889254198,23.43796461991,14.6423,II/389/ps1_dr2
136160833054990019,83.30554047515,23.46616493639,13.8262,II/389/ps1_dr2
136120833763221766,83.37634220486,23.43431761614,14.7018,II/389/ps1_dr2
136140834373879965,83.43741786534,23.45779270715,14.3136,II/389/ps1_dr2
136180834444853831,83.44451844329,23.48602149374,13.409,II/389/ps1_dr2
136160834217728749,83.42171734,23.47338457,12.336,II/389/ps1_dr2
136140833605352726,83.36056778649,23.45177508157,14.4901,II/389/ps1_dr2
136150833432988432,83.34335482391,23.46487207868,14.0419,II/389/ps1_dr2
136220833930791891,83.39308894234,23.51776360531,13.477,II/389/ps1_dr2
136240833921813888,83.39221648414,23.53606841847,14.8411,II/389/ps1_dr2
136110832296710749,83.22952045,23.42498067,11.8903,II/389/ps1_dr2
136110832301721233,83.22997739,23.42544078,10.7892,II/389/ps1_dr2
136100832247054703,83.22473752659,23.42008102732,13.9757,II/389/ps1_dr2
136110832298921084,83.22971947,23.42548925,10.64,II/389/ps1_dr2
136110832049816829,83.20501682328,23.43018699919,14.9025,II/389/ps1_dr2
136130832190555104,83.21909673149,23.44539912276,13.343,II/389/ps1_dr2
136180832064244477,83.20646033885,23.48654682596,14.7164,II/389/ps1_dr2
136180831477870886,83.14783255147,23.48356239481,14.5736,II/389/ps1_dr2
136200832505748941,83.25065215,23.5069188,12.234,II/389/ps1_dr2
136240832210423116,83.22108231005,23.53542430971,13.687,II/389/ps1_dr2
136270833796288514,83.37966795628,23.56491612921,14.4928,II/389/ps1_dr2
136260832434735219,83.24351784431,23.55383166139,13.46,II/389/ps1_dr2
136300832943638688,83.29438121903,23.59010437636,13.9336,II/389/ps1_dr2
136030836982468261,83.69829449654,23.36471771869,13.163,II/389/ps1_dr2
136050836834105330,83.68350238931,23.37891198853,12.446,II/389/ps1_dr2
136070836885507094,83.68860134069,23.39708555379,14.001,II/389/ps1_dr2
136080837121812936,83.71221772498,23.40194018099,14.96,II/389/ps1_dr2
136060836602988265,83.66034054756,23.38971406505,14.0539,II/389/ps1_dr2
136120836594135942,83.6594553694,23.43783091626,14.031,II/389/ps1_dr2
136150837722690390,83.77222412,23.45809767,12.678,II/389/ps1_dr2
136150837720720063,83.77229614,23.45810657,12.7713,II/389/ps1_dr2
136150837726290723,83.77230639,23.45812888,12.7564,II/389/ps1_dr2
136150838104652587,83.81050887123,23.45996316059,12.647,II/389/ps1_dr2
136150838169248004,83.81694762349,23.46453507612,14.9658,II/389/ps1_dr2
136160837364611152,83.73649919229,23.46710988512,12.652,II/389/ps1_dr2
136220837851023956,83.78510920501,23.51949516001,14.0777,II/389/ps1_dr2
136170836378986755,83.63792987011,23.48011149117,14.3135,II/389/ps1_dr2
136180836059780172,83.60616962,23.48288219,11.281,II/389/ps1_dr2
136200836202502860,83.62026480353,23.50184759324,14.363,II/389/ps1_dr2
136170835271152247,83.52714432021,23.47635933263,13.8634,II/389/ps1_dr2
136170835178134998,83.51781480963,23.47860870467,11.633,II/389/ps1_dr2
136190835142174952,83.51425296267,23.49528355243,13.246,II/389/ps1_dr2
136200836587411475,83.65843579,23.50090925,12.9559,II/389/ps1_dr2
136200836909361167,83.69096567872,23.5004578834,14.7576,II/389/ps1_dr2
136200836581851606,83.65814505,23.50084983,12.097,II/389/ps1_dr2
136230836402040768,83.64024293869,23.52512024117,14.5244,II/389/ps1_dr2
136260837366153353,83.73665523365,23.55227165928,13.8946,II/389/ps1_dr2
136250836439663206,83.64377247,23.54357374,11.423,II/389/ps1_dr2
136290836629307033,83.6629700645,23.58034710468,14.2597,II/389/ps1_dr2
136310836792200079,83.67924189379,23.59122109231,14.8403,II/389/ps1_dr2
136310836911011536,83.6910822,23.59242589,11.5202,II/389/ps1_dr2
136310837043045635,83.70431967337,23.5958976466,14.7933,II/389/ps1_dr2
136200838551936172,83.85521060837,23.50464174847,14.9771,II/389/ps1_dr2
136220838555818169,83.85563118039,23.52295285756,14.7901,II/389/ps1_dr2
136210838329656449,83.83287987,23.51320007,9.1493,II/389/ps1_dr2
136210838333686091,83.83348726,23.51277657,13.3527,II/389/ps1_dr2
136210838329286101,83.8328179,23.51302765,9.305,II/389/ps1_dr2
136210838322626912,83.83251112,23.51355636,12.517,II/389/ps1_dr2
136230838507011058,83.85075414048,23.52535551648,14.3282,II/389/ps1_dr2
136230838886485868,83.88864176503,23.52940356135,13.166,II/389/ps1_dr2
136260838980109251,83.8980681114,23.55718835591,13.31,II/389/ps1_dr2
136280839155317313,83.91561846736,23.57226359185,13.8603,II/389/ps1_dr2
136290838299713903,83.83001711712,23.57773042081,14.5597,II/389/ps1_dr2
136300838545649390,83.85447165,23.59072351,10.3998,II/389/ps1_dr2
136300838539908322,83.85374603,23.59009713,13.5128,II/389/ps1_dr2
136290838654699220,83.86552386991,23.58215842652,12.812,II/389/ps1_dr2
136310838311297766,83.83121593731,23.59763179022,13.435,II/389/ps1_dr2
136310838243850706,83.82442597276,23.5917461488,14.4422,II/389/ps1_dr2
136340838644653260,83.86450022721,23.61886537124,14.457,II/389/ps1_dr2
136290839441629774,83.94420549489,23.58262251237,14.812,II/389/ps1_dr2
136320839522294123,83.95227653927,23.60293456388,14.3242,II/389/ps1_dr2
136350839312955666,83.93136941194,23.62921865448,13.9376,II/389/ps1_dr2
136370839530107961,83.95304541541,23.64777724073,14.9879,II/389/ps1_dr2
136400839839300028,83.98398111394,23.66616644051,13.418,II/389/ps1_dr2
136400838849039646,83.88495637247,23.67416733881,14.2606,II/389/ps1_dr2
136380839379815373,83.93801531928,23.65396438826,14.6146,II/389/ps1_dr2
136380839455426678,83.94561051224,23.65505137526,13.9477,II/389/ps1_dr2
136410839458679587,83.94591471367,23.68247430711,14.2494,II/389/ps1_dr2
136310837447028302,83.74471550031,23.59812140621,13.302,II/389/ps1_dr2
136360838306924161,83.83074094367,23.63627250567,14.2532,II/389/ps1_dr2
136340837059470036,83.70596180392,23.61622595112,14.7433,II/389/ps1_dr2
136410837120845835,83.7121229892,23.6793299238,14.7127,II/389/ps1_dr2
136410838891949076,83.88922035504,23.68200945776,13.7615,II/389/ps1_dr2
136440838462871544,83.8463369584,23.70075290142,14.4004,II/389/ps1_dr2
136460838799228316,83.87996012142,23.72306341209,14.9176,II/389/ps1_dr2
136470838368922164,83.83691257897,23.72624752147,11.97,II/389/ps1_dr2
136480837861253712,83.78617344181,23.73588170801,13.952,II/389/ps1_dr2
136500838772869559,83.87733781171,23.75743539354,13.8322,II/389/ps1_dr2
136250835566351242,83.5566737752,23.54221117604,13.685,II/389/ps1_dr2
136240835575069017,83.55731459,23.5403699,11.472,II/389/ps1_dr2
136240835566389126,83.55660247,23.54044766,12.2352,II/389/ps1_dr2
136240835577789166,83.55765534,23.54037727,11.795,II/389/ps1_dr2
136270835408138449,83.54086221289,23.56486996957,13.1,II/389/ps1_dr2
136280835884537961,83.58848061928,23.57278848133,14.9138,II/389/ps1_dr2
136320835928587916,83.59289062502,23.60608316973,14.8785,II/389/ps1_dr2
136320835888855555,83.58891913022,23.60411320402,14.8982,II/389/ps1_dr2
136340836302626181,83.63027460852,23.62127350843,12.154,II/389/ps1_dr2
136320836315398246,83.6315777411,23.60634638906,13.9353,II/389/ps1_dr2
136330835474749329,83.54751610141,23.61558069825,14.8453,II/389/ps1_dr2
136350835565681410,83.55660508334,23.62565852184,13.472,II/389/ps1_dr2
136330835473618987,83.54751701,23.61558693,14.8472,II/389/ps1_dr2
136360835752434552,83.57526145113,23.63657752013,12.944,II/389/ps1_dr2
136370835469641204,83.54699765889,23.64215674338,14.6223,II/389/ps1_dr2
136300834341019283,83.43413814708,23.59056423759,13.659,II/389/ps1_dr2
136300833916069322,83.39165592073,23.59058367364,14.827,II/389/ps1_dr2
136320834026907029,83.40272357,23.60538371,11.079,II/389/ps1_dr2
136340833899655275,83.38998604814,23.62058017669,13.262,II/389/ps1_dr2
136410833740402829,83.37408018414,23.67683341797,13.175,II/389/ps1_dr2
136440834063730963,83.40640223119,23.70030722503,14.9289,II/389/ps1_dr2
136440834957302152,83.49576683981,23.70128338941,14.6691,II/389/ps1_dr2
136480835624293171,83.56246087197,23.73546265929,14.9658,II/389/ps1_dr2
136450835184284223,83.5184618557,23.71134049613,14.9861,II/389/ps1_dr2
136470834293666386,83.42940360557,23.72980524626,14.9383,II/389/ps1_dr2
136490834503381926,83.45037935605,23.74275796353,14.6142,II/389/ps1_dr2
136500834781826676,83.47822971301,23.7550319615,13.9492,II/389/ps1_dr2
136480836534624571,83.65349501656,23.73661780141,14.9944,II/389/ps1_dr2
136490836644009325,83.66442016875,23.7489785298,12.652,II/389/ps1_dr2
136520836657930947,83.66581626406,23.76692172526,13.35,II/389/ps1_dr2
136510836540424791,83.65404861,23.76186736,12.194,II/389/ps1_dr2
136510837831586715,83.78321194567,23.76338585272,14.4364,II/389/ps1_dr2
136510837554255306,83.75542854,23.76220991,11.621,II/389/ps1_dr2
136590838082394265,83.80834445638,23.82801881296,12.461,II/389/ps1_dr2
136540837015579701,83.70160147271,23.79088653015,14.3585,II/389/ps1_dr2
136550836557351481,83.65581439469,23.79242345244,13.7982,II/389/ps1_dr2
136610837054411136,83.70546073536,23.84215681922,14.2913,II/389/ps1_dr2
136650837227468250,83.72278062953,23.88134519743,14.6342,II/389/ps1_dr2
136680836122086637,83.61229690262,23.90504147885,13.477,II/389/ps1_dr2
136710836871293358,83.68716086826,23.92729333907,14.8393,II/389/ps1_dr2
136710836715986692,83.67162511506,23.9300611769,13.9644,II/389/ps1_dr2
136740836577386554,83.65770172842,23.9552571724,13.7393,II/389/ps1_dr2
136740836578836973,83.65787475567,23.95528958833,13.7483,II/389/ps1_dr2
136030844043523836,84.40439671711,23.36104162229,14.508,II/389/ps1_dr2
136030844058052791,84.40588415745,23.3601868948,12.303,II/389/ps1_dr2
136020843891896772,84.38923524573,23.35515023162,14.0776,II/389/ps1_dr2
136050844115031057,84.41159876103,23.37536153625,13.347,II/389/ps1_dr2
136080844318761115,84.43186982741,23.40042190196,12.989,II/389/ps1_dr2
136070843892865896,84.38930723057,23.39609635208,13.9874,II/389/ps1_dr2
136070843969676846,84.39698679361,23.39688618965,14.0449,II/389/ps1_dr2
136150843838120947,84.38383765875,23.45862688145,14.9558,II/389/ps1_dr2
136140844493128690,84.44933077051,23.45677019293,14.2109,II/389/ps1_dr2
136140844596664382,84.45969503749,23.45318525605,14.0827,II/389/ps1_dr2
136150845024392785,84.50246408177,23.46020416882,14.3705,II/389/ps1_dr2
136160845032949032,84.50332758657,23.47373030544,14.6998,II/389/ps1_dr2
136180844728213006,84.47282323382,23.48535325022,12.616,II/389/ps1_dr2
136170843867920713,84.3867355,23.47510902,10.512,II/389/ps1_dr2
136170843866640068,84.38670235,23.47460551,10.7445,II/389/ps1_dr2
136130842948583481,84.29484906,23.44402552,14.7539,II/389/ps1_dr2
136130842946143056,84.29476354075,23.44391390429,14.7561,II/389/ps1_dr2
136150842778724949,84.2778688991,23.46198974232,14.4542,II/389/ps1_dr2
136150843042037598,84.30417207,23.46410776,12.097,II/389/ps1_dr2
136170843308320563,84.33085795103,23.47498180467,14.0319,II/389/ps1_dr2
136170843518583642,84.35187768061,23.47754474925,14.839,II/389/ps1_dr2
136220843314001726,84.3314253485,23.51761308142,14.8719,II/389/ps1_dr2
136140842387188770,84.23879177,23.45690362,10.746,II/389/ps1_dr2
136140842388719227,84.23888444,23.45705166,10.5384,II/389/ps1_dr2
136140842385648425,84.23861998,23.45644413,11.3498,II/389/ps1_dr2
136160842620999433,84.26209992192,23.47405771637,13.199,II/389/ps1_dr2
136160842171600436,84.21719436851,23.46651877374,14.5648,II/389/ps1_dr2
136180842322399249,84.23238249893,23.49059175553,13.345,II/389/ps1_dr2
136190843752833021,84.37536026,23.49354064,11.236,II/389/ps1_dr2
136250843848115488,84.38484081861,23.54574744047,14.9848,II/389/ps1_dr2
136230844118099706,84.41183876985,23.53261246932,14.6024,II/389/ps1_dr2
136270843959854560,84.39599124134,23.56163084292,12.265,II/389/ps1_dr2
136290844004867188,84.40049939878,23.58049980663,12.552,II/389/ps1_dr2
136260843436912884,84.34372880275,23.55191696365,14.7681,II/389/ps1_dr2
136290843317557360,84.33167393,23.58042289,12.9581,II/389/ps1_dr2
136290843166759407,84.31668448413,23.58234905183,13.088,II/389/ps1_dr2
136290843311785737,84.33116938,23.57926004,9.868,II/389/ps1_dr2
136300843244994878,84.32445035458,23.58692186053,13.012,II/389/ps1_dr2
136320843752645368,84.37528018635,23.60399242743,14.6768,II/389/ps1_dr2
136350843732216800,84.37319015,23.63010575,12.107,II/389/ps1_dr2
136250846149998104,84.61500112138,23.54795609351,14.9229,II/389/ps1_dr2
136270845727075631,84.5727274853,23.56256183363,14.4608,II/389/ps1_dr2
136290846094923169,84.60948379019,23.57719977841,13.7616,II/389/ps1_dr2
136280844904785652,84.49049136258,23.57092711766,13.6505,II/389/ps1_dr2
136290845458294798,84.54584461562,23.57854015855,14.119,II/389/ps1_dr2
136310845373623145,84.53738574504,23.59382420168,14.5212,II/389/ps1_dr2
136350845494696227,84.54945624008,23.62965749244,11.892,II/389/ps1_dr2
136300846442375559,84.64425759477,23.58748249824,13.472,II/389/ps1_dr2
136330846524679823,84.65243102692,23.61599279178,13.7143,II/389/ps1_dr2
136340846863822364,84.68619832949,23.61813404128,14.698,II/389/ps1_dr2
136340846861252156,84.68619809876,23.61812960381,14.6686,II/389/ps1_dr2
136380847128123130,84.71282539863,23.6520997584,14.6484,II/389/ps1_dr2
136380846836624668,84.68364462556,23.65344581711,14.7111,II/389/ps1_dr2
136380846147504414,84.61473913846,23.65325110379,14.8204,II/389/ps1_dr2
136400846155408971,84.61550628981,23.67370375298,12.331,II/389/ps1_dr2
136450846249262994,84.6249861,23.71021599,13.2272,II/389/ps1_dr2
136300844485744081,84.44860905994,23.58624678699,13.35,II/389/ps1_dr2
136330845093988030,84.50943348368,23.61456360694,13.4039,II/389/ps1_dr2
136380845024537778,84.50248302551,23.65604181655,13.8431,II/389/ps1_dr2
136370844552731398,84.4552987832,23.64236711591,13.4144,II/389/ps1_dr2
136360844571038587,84.45713140381,23.6400267108,13.847,II/389/ps1_dr2
136380845392128218,84.5392188614,23.65637607904,14.931,II/389/ps1_dr2
136400845464308037,84.54642963719,23.67295294394,14.7252,II/389/ps1_dr2
136430845987709762,84.59874150923,23.69936777754,13.6129,II/389/ps1_dr2
136450845877589216,84.58772760799,23.71558890274,13.973,II/389/ps1_dr2
136460845879595791,84.58795939642,23.72107202945,14.7561,II/389/ps1_dr2
136500845832780915,84.5832827132,23.75035188384,14.8379,II/389/ps1_dr2
136530845698755677,84.56984850352,23.77930056166,14.4791,II/389/ps1_dr2
136530845221763178,84.52221768789,23.77717675901,14.5239,II/389/ps1_dr2
136230842334138143,84.23338358783,23.53129155211,12.276,II/389/ps1_dr2
136280842254423456,84.22549894451,23.56905989046,14.2103,II/389/ps1_dr2
136300841664680074,84.16650815525,23.58287263444,14.8864,II/389/ps1_dr2
136290841452432092,84.14528338822,23.57621552112,14.1378,II/389/ps1_dr2
136320842007531807,84.2007560918,23.60102567485,12.71,II/389/ps1_dr2
136310842177936039,84.21779961621,23.59620652428,14.7232,II/389/ps1_dr2
136340842678634937,84.26787639852,23.6202915752,14.1567,II/389/ps1_dr2
136330842592156184,84.25921477,23.61298698,11.871,II/389/ps1_dr2
136320842810536106,84.28103901781,23.6045573611,11.741,II/389/ps1_dr2
136330842895877590,84.28960213671,23.61416211651,12.92,II/389/ps1_dr2
136420843010910963,84.301075445,23.68362791077,11.548,II/389/ps1_dr2
136300841013985020,84.10144489272,23.5869913303,12.892,II/389/ps1_dr2
136320840913913871,84.09145462,23.60294575,14.4102,II/389/ps1_dr2
136320840915493544,84.09127044,23.60281784,10.4286,II/389/ps1_dr2
136320840919743916,84.09180452,23.60267033,10.173,II/389/ps1_dr2
136350841103747490,84.11038707111,23.6307590095,14.94,II/389/ps1_dr2
136340841642817424,84.16439936,23.62246902,11.7472,II/389/ps1_dr2
136340841644257894,84.16421476,23.62270608,11.56,II/389/ps1_dr2
136340841647777632,84.16476813,23.62256962,12.3081,II/389/ps1_dr2
136340841648328022,84.16478047,23.62279889,14.2812,II/389/ps1_dr2
136340841641357059,84.16414019,23.62207135,14.8917,II/389/ps1_dr2
136370841798366368,84.17971838537,23.64638693642,12.8616,II/389/ps1_dr2
136360841180857089,84.1180860514,23.63875196354,13.8385,II/389/ps1_dr2
136360841217118754,84.12171047625,23.64014537883,14.5876,II/389/ps1_dr2
136450841259902543,84.12587636,23.70992719,11.5,II/389/ps1_dr2
136450841263032477,84.1263928,23.7095887,13.6923,II/389/ps1_dr2
136420842402923402,84.24029672525,23.68567866845,13.8762,II/389/ps1_dr2
136430841750983593,84.1753205083,23.69422569183,13.6132,II/389/ps1_dr2
136430841753903716,84.17535973012,23.69423830328,13.644,II/389/ps1_dr2
136470842438263614,84.24381385137,23.72753567203,13.7891,II/389/ps1_dr2
136540842182033899,84.21816335915,23.78618025082,14.636,II/389/ps1_dr2
136430844077523224,84.40775007,23.69379705,11.744,II/389/ps1_dr2
136480843983457569,84.39837170698,23.73926491682,14.656,II/389/ps1_dr2
136440843390631999,84.33907995559,23.70118447482,13.4864,II/389/ps1_dr2
136450843283909936,84.32839053864,23.71612851039,13.1,II/389/ps1_dr2
136460843559273975,84.35589899269,23.71958325311,14.7231,II/389/ps1_dr2
136530843799005527,84.3801664,23.77919938,14.1178,II/389/ps1_dr2
136530843799205939,84.37984635,23.77935962,9.838,II/389/ps1_dr2
136530843795815621,84.37914772,23.77946619,9.8931,II/389/ps1_dr2
136530843795066026,84.37946427,23.77967641,13.7038,II/389/ps1_dr2
136480844627483129,84.46284338305,23.73542292253,13.8832,II/389/ps1_dr2
136520844570454850,84.4570732287,23.77030000082,13.8073,II/389/ps1_dr2
136560845332232832,84.53321261549,23.8019736154,14.6264,II/389/ps1_dr2
136580844018405002,84.40185208596,23.82040400087,14.626,II/389/ps1_dr2
136580844252550455,84.42528343553,23.81660893018,14.957,II/389/ps1_dr2
136630844438232322,84.44383716215,23.85985102166,13.4931,II/389/ps1_dr2
136600843274193165,84.3274142619,23.83558731125,13.463,II/389/ps1_dr2
136540842467488687,84.24679894866,23.79006672896,11.975,II/389/ps1_dr2
136630842568610296,84.2567935896,23.85817311237,11.71,II/389/ps1_dr2
136630842572861899,84.2573039559,23.8594522604,13.56,II/389/ps1_dr2
136610842464378402,84.24633692099,23.84828060355,13.8724,II/389/ps1_dr2
136580843786758048,84.37869462091,23.82293507929,14.9276,II/389/ps1_dr2
136630843974474653,84.3974324587,23.86184794893,13.6029,II/389/ps1_dr2
136640844348422763,84.43488412709,23.86850028852,13.6954,II/389/ps1_dr2
136650843956598310,84.39569136113,23.8815026365,13.7028,II/389/ps1_dr2
136650843392533163,84.33925607078,23.87721817565,14.1481,II/389/ps1_dr2
136680843040084358,84.30382155696,23.90309882184,14.7403,II/389/ps1_dr2
136660842940114622,84.29391371253,23.88672836181,13.095,II/389/ps1_dr2
136710843336700832,84.33348472388,23.92516168219,14.2127,II/389/ps1_dr2
136700843787351126,84.37874144669,23.91714368268,13.8186,II/389/ps1_dr2
136690843609354701,84.36070795074,23.91170143361,14.5204,II/389/ps1_dr2
136700843956226618,84.39578251,23.92150283,12.9824,II/389/ps1_dr2
136700843958346218,84.39581901628,23.92144223705,12.871,II/389/ps1_dr2
136690843951343104,84.39513951191,23.91042703462,13.149,II/389/ps1_dr2
136710843882280803,84.38806797,23.9250525,11.2841,II/389/ps1_dr2
136710843879850552,84.3878964,23.92495802,11.531,II/389/ps1_dr2
136410847465416365,84.74652052878,23.67986461725,14.7231,II/389/ps1_dr2
136430847739574381,84.77393832887,23.69488328881,12.63,II/389/ps1_dr2
136480847680212624,84.76801256307,23.73505613967,13.8812,II/389/ps1_dr2
136500847484017120,84.74838947338,23.75546395278,13.7661,II/389/ps1_dr2
136540847425036137,84.74235944,23.78793935,11.1909,II/389/ps1_dr2
136540847428635803,84.74277667,23.78778564,11.211,II/389/ps1_dr2
136540847430176473,84.74291527,23.78801723,11.4109,II/389/ps1_dr2
136540847425755156,84.74232781,23.78719082,14.1682,II/389/ps1_dr2
136530848374768379,84.83736151552,23.78152145275,12.479,II/389/ps1_dr2
136540848110946184,84.81118208441,23.7879703255,13.6242,II/389/ps1_dr2
136540848170167523,84.81702410327,23.78913819858,14.64,II/389/ps1_dr2
136550847757125262,84.77563782637,23.79559454621,13.2666,II/389/ps1_dr2
136570847837005412,84.78370797939,23.81239100629,14.5931,II/389/ps1_dr2
136650848084037359,84.80840269549,23.88067806678,14.9131,II/389/ps1_dr2
136550846759108373,84.6757611644,23.7981656341,13.1086,II/389/ps1_dr2
136540846841630302,84.68406772,23.7831671,11.925,II/389/ps1_dr2
136570846966155474,84.69662087,23.81239046,12.3822,II/389/ps1_dr2
136560846671494659,84.66700129,23.8034165,11.843,II/389/ps1_dr2
136580847294033603,84.72938283532,23.81924676809,14.045,II/389/ps1_dr2
136640847847642314,84.78473734545,23.86815757951,13.7207,II/389/ps1_dr2
136700846798821946,84.67982995597,23.91785373171,13.9237,II/389/ps1_dr2
136730847033466558,84.70333389305,23.94669365684,12.668,II/389/ps1_dr2
136740847163384977,84.71638853423,23.95368018385,14.4653,II/389/ps1_dr2
136630849316295634,84.93161743354,23.86260756744,14.4263,II/389/ps1_dr2
136670848419332193,84.84197140352,23.89303777515,13.213,II/389/ps1_dr2
136700848630948643,84.86306855519,23.92347791717,12.406,II/389/ps1_dr2
136700849054863769,84.90548415709,23.91938740414,14.8152,II/389/ps1_dr2
136750849127891635,84.91276026321,23.95926997827,13.418,II/389/ps1_dr2
136740850107070427,85.01069846367,23.94993875881,14.9194,II/389/ps1_dr2
136740850393267934,85.03926823156,23.95619457891,13.7022,II/389/ps1_dr2
136790850491493319,85.04892053,23.99396832,12.9919,II/389/ps1_dr2
136790850493243891,85.04940858,23.99454806,10.2147,II/389/ps1_dr2
136770850270257532,85.02704428632,23.98082343012,14.2467,II/389/ps1_dr2
136790850380166667,85.03803605099,23.99676469988,14.0764,II/389/ps1_dr2
136790850489143047,85.04893444,23.99381239,12.9321,II/389/ps1_dr2
136760849762088852,84.97621075,23.97371485,13.1135,II/389/ps1_dr2
136760849758978622,84.97573986,23.97331262,11.765,II/389/ps1_dr2
136820850087137741,85.00868812,24.02270542,12.279,II/389/ps1_dr2
136750848683865971,84.86836569438,23.96289741264,14.1365,II/389/ps1_dr2
136760848651789173,84.86519525964,23.97385701085,14.9113,II/389/ps1_dr2
136740847434727065,84.74337750526,23.95545162955,13.114,II/389/ps1_dr2
136760847272473965,84.72722186484,23.96955195148,14.9405,II/389/ps1_dr2
136820848229761741,84.82280623,24.01785747,11.9028,II/389/ps1_dr2
136810848347279398,84.83469991251,24.01576921426,13.7779,II/389/ps1_dr2
136820848228802351,84.82295506,24.0184047,11.8929,II/389/ps1_dr2
136820848923186081,84.89229216437,24.02133044777,14.8257,II/389/ps1_dr2
136840848525359025,84.85250891299,24.04047155855,14.4514,II/389/ps1_dr2
136850848214378802,84.82147545896,24.04854832975,14.7399,II/389/ps1_dr2
136870848588772566,84.8586616,24.05982438,12.8732,II/389/ps1_dr2
136870848585212265,84.8586319,24.05979174,12.373,II/389/ps1_dr2
136630845966402382,84.59663619681,23.85991336697,14.8188,II/389/ps1_dr2
136650846279904959,84.62797399251,23.87872790508,14.7715,II/389/ps1_dr2
136670846151065880,84.61513206795,23.89610922473,14.2734,II/389/ps1_dr2
136660845714718242,84.57149401747,23.88973210896,12.395,II/389/ps1_dr2
136700845888067678,84.58880362246,23.92263984786,14.7506,II/389/ps1_dr2
136640844947250906,84.49472387042,23.8670161701,14.7652,II/389/ps1_dr2
136670845284264267,84.52841974997,23.89480261822,14.8752,II/389/ps1_dr2
136720845780420569,84.57802857787,23.93338214693,14.4269,II/389/ps1_dr2
136720845591402830,84.55913814969,23.93526677467,14.3548,II/389/ps1_dr2
136700845264212893,84.52640060311,23.91865627209,14.2767,II/389/ps1_dr2
136740846339231062,84.63390940447,23.95045739572,14.9023,II/389/ps1_dr2
136740846732081702,84.67330201,23.95091124,13.6002,II/389/ps1_dr2
136740846735911743,84.67349632545,23.95099937876,12.897,II/389/ps1_dr2
136730845988669889,84.59880349,23.94947272,11.722,II/389/ps1_dr2
136760846023480772,84.60227774,23.96696027,10.845,II/389/ps1_dr2
136770845920899732,84.59205797,23.98259249,14.4909,II/389/ps1_dr2
136770845925879300,84.59258394,23.98240506,10.262,II/389/ps1_dr2
136770845921658218,84.59214517,23.9814145,12.9256,II/389/ps1_dr2
136770845925809710,84.59263237,23.98281315,10.323,II/389/ps1_dr2
136770845931419400,84.59326226,23.98241923,13.5758,II/389/ps1_dr2
136770846315137404,84.63149212328,23.98075767008,14.6219,II/389/ps1_dr2
136840846458779746,84.64586447852,24.04102280144,13.333,II/389/ps1_dr2
136790844941238191,84.49411828263,23.99806475773,14.6254,II/389/ps1_dr2
136770844400916896,84.44009353636,23.98031567305,14.5931,II/389/ps1_dr2
136850845958788499,84.59585587273,24.04832390533,14.2418,II/389/ps1_dr2
136850844782754344,84.47830158867,24.04483094009,14.8389,II/389/ps1_dr2
136900845782658447,84.57822707451,24.08993482705,13.7735,II/389/ps1_dr2
136890845337375396,84.53373653192,24.07905730987,14.6373,II/389/ps1_dr2
136780847417816180,84.74174950986,23.98806787898,13.055,II/389/ps1_dr2
136780847304131182,84.73038335037,23.98364331216,12.994,II/389/ps1_dr2
136850847414330558,84.74140121682,24.04171215077,12.729,II/389/ps1_dr2
136870847719948850,84.77201382093,24.06524755048,14.6211,II/389/ps1_dr2
136840846933649724,84.69332873123,24.04100238123,13.39,II/389/ps1_dr2
136890847233325400,84.72331579815,24.07906758994,13.6262,II/389/ps1_dr2
136900847590590073,84.7590762213,24.08295943289,13.204,II/389/ps1_dr2
136930848089650024,84.80893165988,24.1079395418,14.2779,II/389/ps1_dr2
136940847944796655,84.79445467362,24.12180431356,14.6618,II/389/ps1_dr2
136950847919104931,84.7918698916,24.12862262016,13.251,II/389/ps1_dr2
136980847558855814,84.75597774,24.15437323,11.946,II/389/ps1_dr2
137030848033112377,84.80337708,24.19309048,13.0612,II/389/ps1_dr2
137030848036592557,84.80365681,24.19339131,11.8,II/389/ps1_dr2
136890846390472698,84.639032984,24.07682269287,14.0444,II/389/ps1_dr2
136910846762332992,84.67619168786,24.09370811979,13.6875,II/389/ps1_dr2
136910846377260020,84.63769619339,24.09125679709,14.5045,II/389/ps1_dr2
136960846844880832,84.68447054,24.13354588,11.843,II/389/ps1_dr2
136950846632584806,84.66315982048,24.12852746865,12.935,II/389/ps1_dr2
136930846083709390,84.60823869,24.1155399,13.2661,II/389/ps1_dr2
136930846081259086,84.60809734315,24.11546517071,12.531,II/389/ps1_dr2
136980846247636544,84.62484732,24.15480132,13.1879,II/389/ps1_dr2
137010846728450696,84.67287128325,24.17511694925,13.354,II/389/ps1_dr2
136980846185237078,84.61848573716,24.15545510559,14.1305,II/389/ps1_dr2
137000846003088190,84.60040737,24.17312152,12.9542,II/389/ps1_dr2
137000846005568403,84.60075633,24.17316808,11.755,II/389/ps1_dr2
137000847214195439,84.72139492042,24.17075696164,13.482,II/389/ps1_dr2
137060846482326606,84.64821645838,24.2217533473,13.192,II/389/ps1_dr2
137090846788118770,84.67881247505,24.24852840876,14.59,II/389/ps1_dr2
136390840380204660,84.03805833414,23.66170123398,14.6021,II/389/ps1_dr2
136420840595044187,84.05960628963,23.68632693675,13.3777,II/389/ps1_dr2
136440840287878747,84.02884924711,23.70679747803,11.765,II/389/ps1_dr2
136430840636268338,84.06369699238,23.69805353367,13.6456,II/389/ps1_dr2
136470840088406009,84.00888750786,23.72948678801,14.1281,II/389/ps1_dr2
136480839804540852,83.98048689648,23.73351722296,14.977,II/389/ps1_dr2
136510840574065343,84.05745169621,23.76223288254,14.4681,II/389/ps1_dr2
136530840050201126,84.00511069947,23.77543121249,12.571,II/389/ps1_dr2
136480841095748388,84.10957542114,23.73984867279,14.6476,II/389/ps1_dr2
136520840992207908,84.09921975147,23.77277817177,14.5357,II/389/ps1_dr2
136540841596143322,84.15966377121,23.78556437609,13.8278,II/389/ps1_dr2
136600841517862163,84.1517511004,23.83468219649,13.9932,II/389/ps1_dr2
136570840808867649,84.08088421654,23.81423834832,14.1857,II/389/ps1_dr2
136590840714755353,84.0713536629,23.82902739195,13.487,II/389/ps1_dr2
136610841401727137,84.14018520953,23.84715536941,14.9924,II/389/ps1_dr2
136600841182339599,84.11820830258,23.84091232745,12.883,II/389/ps1_dr2
136610841134229829,84.11342681177,23.8494032516,13.8578,II/389/ps1_dr2
136500839269586913,83.92703173281,23.75521892698,13.7448,II/389/ps1_dr2
136510839020658522,83.90218136,23.76493746,12.097,II/389/ps1_dr2
136550839286050671,83.92864393046,23.79168168288,13.305,II/389/ps1_dr2
136580838679348981,83.86795507,23.82374632,13.7124,II/389/ps1_dr2
136580838682568988,83.86822726,23.82379104,11.9211,II/389/ps1_dr2
136580838675708371,83.86751372,23.82338805,12.5374,II/389/ps1_dr2
136610838925442042,83.89253849,23.84283776,13.5712,II/389/ps1_dr2
136610838922031689,83.89239417726,23.84259070825,12.147,II/389/ps1_dr2
136580840080839361,84.00811947104,23.82393616432,14.8409,II/389/ps1_dr2
136600840283757033,84.02834981,23.8388225,13.3683,II/389/ps1_dr2
136600840284727737,84.02869999,23.83921122,11.0827,II/389/ps1_dr2
136600840285307383,84.02858028,23.83914066,11.067,II/389/ps1_dr2
136640840831686398,84.08317142277,23.87157162192,13.9035,II/389/ps1_dr2
136660840624281929,84.06246459036,23.88441664018,14.5074,II/389/ps1_dr2
136660839628791040,83.96286620597,23.88363317883,14.3838,II/389/ps1_dr2
136710840270332112,84.02705943253,23.92623917008,14.5471,II/389/ps1_dr2
136710840034337795,84.00342436,23.93099681,9.777,II/389/ps1_dr2
136710840040727583,84.00410508,23.93093763,14.1556,II/389/ps1_dr2
136710840029987806,84.00300027,23.93105389,9.8371,II/389/ps1_dr2
136710840028676507,84.00278215,23.92985197,13.2933,II/389/ps1_dr2
136650842695372275,84.2695336854,23.87645407042,14.9554,II/389/ps1_dr2
136680842219103304,84.22188966205,23.90228943541,14.5912,II/389/ps1_dr2
136680841795153343,84.17946020326,23.90234775321,13.909,II/389/ps1_dr2
136650841325186781,84.13252949,23.88024236,13.366,II/389/ps1_dr2
136690842037123161,84.20368050929,23.91058279333,13.5675,II/389/ps1_dr2
136700842304813217,84.23042361,23.91899599,11.895,II/389/ps1_dr2
136700842303893652,84.23039697,23.91925619,13.1157,II/389/ps1_dr2
136730842270410756,84.22703739645,23.94188972596,14.0259,II/389/ps1_dr2
136730843509038088,84.35091215965,23.94796494278,14.5313,II/389/ps1_dr2
136770842565928690,84.25661045821,23.9817498184,14.656,II/389/ps1_dr2
136750842665168025,84.26635664964,23.96449012461,12.843,II/389/ps1_dr2
136800843240275907,84.3240425902,24.00445432288,13.463,II/389/ps1_dr2
136820842646773287,84.2646777072,24.01899508234,11.812,II/389/ps1_dr2
136680841224967290,84.12259909,23.90565033,10.791,II/389/ps1_dr2
136720841429094388,84.14298794209,23.93647114135,13.8314,II/389/ps1_dr2
136750840828419558,84.08278989806,23.96593411768,13.6637,II/389/ps1_dr2
136760840903548107,84.09044673,23.97286731,12.991,II/389/ps1_dr2
136790840675956306,84.067594582,23.9964331319,13.8888,II/389/ps1_dr2
136790841341713412,84.13414507184,23.99401725346,14.5685,II/389/ps1_dr2
136810841162571508,84.11626181935,24.00911326706,14.8816,II/389/ps1_dr2
136820840888839366,84.08887915,24.02395006,12.67,II/389/ps1_dr2
136830841071032355,84.10710495987,24.02648895488,14.7906,II/389/ps1_dr2
136800842135057775,84.21351171841,24.00600289148,14.9724,II/389/ps1_dr2
136810841845707638,84.18458711,24.01424366,12.468,II/389/ps1_dr2
136860842849441105,84.2849625257,24.05044572264,14.5709,II/389/ps1_dr2
136840841786792618,84.17859048,24.03494793,10.574,II/389/ps1_dr2
136840841786942267,84.17848146,24.03491446,10.8962,II/389/ps1_dr2
136890841714527897,84.17145083879,24.08110126768,12.814,II/389/ps1_dr2
136890841712367541,84.17121657,24.08082721,14.3567,II/389/ps1_dr2
136640838679128551,83.86795440623,23.87323251195,14.356,II/389/ps1_dr2
136700838871880956,83.88722525392,23.91692913259,14.4212,II/389/ps1_dr2
136700838799520914,83.88002361088,23.9169155981,13.357,II/389/ps1_dr2
136620837963858176,83.79660724119,23.85656223432,13.3872,II/389/ps1_dr2
136620837966278395,83.79660931134,23.85657293735,13.255,II/389/ps1_dr2
136680838250214805,83.825074366,23.90347182224,14.3557,II/389/ps1_dr2
136690838421019655,83.84213600113,23.91584169942,12.319,II/389/ps1_dr2
136720838322960804,83.83232656265,23.93347824174,14.4924,II/389/ps1_dr2
136720838162801473,83.81638425,23.93392821,11.001,II/389/ps1_dr2
136710839263331020,83.92639576935,23.92537089794,14.5076,II/389/ps1_dr2
136730839262301460,83.92624091075,23.94240100116,13.251,II/389/ps1_dr2
136780839689207565,83.96893162253,23.98916945483,14.7423,II/389/ps1_dr2
136730837372872343,83.73730454305,23.94312316634,14.603,II/389/ps1_dr2
136740837948985314,83.79491547116,23.95390494874,13.9203,II/389/ps1_dr2
136760838462065011,83.84623501947,23.97030691965,12.89,II/389/ps1_dr2
136780837542206214,83.75423094098,23.98801769707,14.6878,II/389/ps1_dr2
136820837615093841,83.76155566006,24.01934464746,14.7675,II/389/ps1_dr2
136780838438897155,83.84391814072,23.98877795184,14.2874,II/389/ps1_dr2
136810838858504096,83.88588661143,24.01129018693,12.753,II/389/ps1_dr2
136840838647167364,83.86482958,24.03908358,13.6374,II/389/ps1_dr2
136840838613419070,83.86135585,24.04017653,4.6971,II/389/ps1_dr2
136840838651627569,83.86516512,24.03931212,13.5339,II/389/ps1_dr2
136840838618749827,83.86204993,24.04104346,13.2873,II/389/ps1_dr2
136840838644886262,83.86469731,24.03830745,14.1513,II/389/ps1_dr2
136830838187708460,83.81878670711,24.0315432764,14.5068,II/389/ps1_dr2
136820837978575511,83.79787268387,24.02075359902,13.411,II/389/ps1_dr2
136860838255062646,83.82555991,24.051428,9.8575,II/389/ps1_dr2
136860838253802322,83.82543692,24.05159591,10.9693,II/389/ps1_dr2
136890838307678540,83.83079971868,24.0816053395,14.0261,II/389/ps1_dr2
136770840242874300,84.02430552998,23.97811529163,13.925,II/389/ps1_dr2
136830839970427564,83.99705022667,24.03082857589,14.4661,II/389/ps1_dr2
136860839924156986,83.99241454068,24.05534423826,13.989,II/389/ps1_dr2
136860839519897628,83.95199936771,24.05588209355,14.2671,II/389/ps1_dr2
136920840088445205,84.00885956749,24.10386949382,13.6036,II/389/ps1_dr2
136900840868129390,84.08679752498,24.09068270903,13.9418,II/389/ps1_dr2
136930841509168905,84.15090003383,24.11531549495,14.0928,II/389/ps1_dr2
136960840738584633,84.07387702,24.1368742,12.559,II/389/ps1_dr2
136960840743075008,84.07395077,24.13679977,12.5754,II/389/ps1_dr2
137000841110523122,84.11104317,24.16879438,11.5644,II/389/ps1_dr2
136990841083596684,84.10834265425,24.16340578965,12.654,II/389/ps1_dr2
137000841112382290,84.111076,24.16798922,13.2006,II/389/ps1_dr2
136930839285895997,83.92862273026,24.11288178981,14.1595,II/389/ps1_dr2
136930839451438705,83.94515590616,24.11515101022,13.451,II/389/ps1_dr2
137000839822792711,83.9822948869,24.16845906748,14.5622,II/389/ps1_dr2
136950838828569625,83.88286691488,24.13254624593,13.7589,II/389/ps1_dr2
137020839413229056,83.94133922613,24.19041667401,14.8713,II/389/ps1_dr2
137070840791989638,84.07920348349,24.23256257365,14.9796,II/389/ps1_dr2
137020839808907808,83.98091035302,24.18937089798,14.2103,II/389/ps1_dr2
137020839796568064,83.97966849854,24.18958385653,13.562,II/389/ps1_dr2
137110840410968072,84.04109926552,24.26457921852,13.6256,II/389/ps1_dr2
137110840486283997,84.04864644826,24.26119236584,14.8367,II/389/ps1_dr2
137100839933833267,83.99340166898,24.25225171047,12.873,II/389/ps1_dr2
137100839895643755,83.98958651796,24.25265568748,14.0877,II/389/ps1_dr2
136810843490219573,84.34904563506,24.01584660586,13.5689,II/389/ps1_dr2
136820843437382758,84.34376799914,24.01849536294,13.277,II/389/ps1_dr2
136830844296974523,84.42969110868,24.0283357234,14.7483,II/389/ps1_dr2
136870843439889973,84.34395957568,24.06621384829,14.5291,II/389/ps1_dr2
136910844040896678,84.40408875512,24.09681447135,12.149,II/389/ps1_dr2
136910844082011420,84.40822444698,24.09237539527,14.9401,II/389/ps1_dr2
136910843663716384,84.36635249748,24.09656235544,14.6012,II/389/ps1_dr2
136880844853728163,84.48537038589,24.0730333915,14.6454,II/389/ps1_dr2
136930845118617006,84.51187712,24.11375115,13.199,II/389/ps1_dr2
137000844285429728,84.4285333391,24.1743270254,13.8042,II/389/ps1_dr2
137030844719867037,84.47181598,24.19692807,11.432,II/389/ps1_dr2
136880842939247069,84.29421033,24.0719352,13.3566,II/389/ps1_dr2
136880842942846692,84.29418422,24.07197632,13.0852,II/389/ps1_dr2
136890842857706802,84.28577680874,24.08022446744,13.8934,II/389/ps1_dr2
136950843549878387,84.3549712094,24.13156128374,13.3636,II/389/ps1_dr2
136970842505563943,84.25055463,24.14448988,10.84,II/389/ps1_dr2
136970842503923617,84.25038277,24.14417007,12.6973,II/389/ps1_dr2
137020843968185178,84.3968136799,24.18720636469,14.5441,II/389/ps1_dr2
137040843772109331,84.37712241973,24.20729804976,13.402,II/389/ps1_dr2
137010844167461825,84.41673625744,24.17608397605,14.2218,II/389/ps1_dr2
137090844199624052,84.41995448373,24.24459085192,14.403,II/389/ps1_dr2
137070843129468343,84.31290199556,24.23142313317,14.6921,II/389/ps1_dr2
137100843283944038,84.32830417815,24.25288233909,13.6723,II/389/ps1_dr2
137120843532493737,84.35322773149,24.26934835803,14.0044,II/389/ps1_dr2
137010845704667670,84.57045729849,24.18093664533,13.3685,II/389/ps1_dr2
137000845769011377,84.57686099365,24.16739076544,13.8006,II/389/ps1_dr2
137010845291793594,84.52916945006,24.17753111922,13.8975,II/389/ps1_dr2
137090845984796036,84.59848124459,24.24622874021,14.1221,II/389/ps1_dr2
137090845995046974,84.59950156235,24.24699911855,13.354,II/389/ps1_dr2
137040845044847829,84.50447042235,24.20604681059,14.4099,II/389/ps1_dr2
137040845184256618,84.51840220391,24.20503098876,13.522,II/389/ps1_dr2
137030845240869982,84.52407925401,24.19952838305,14.1229,II/389/ps1_dr2
137040845199276474,84.51990918755,24.20491139174,12.347,II/389/ps1_dr2
137060844812015806,84.48124357,24.2210657,9.932,II/389/ps1_dr2
137060844817335511,84.48175775,24.22076602,13.8383,II/389/ps1_dr2
137050845047417479,84.50473987405,24.21407784126,13.5313,II/389/ps1_dr2
137060844805326275,84.48066307,24.22148358,14.2744,II/389/ps1_dr2
137060844806165856,84.48057316,24.22108861,10.2195,II/389/ps1_dr2
137080845638162108,84.56376101,24.23452211,11.9337,II/389/ps1_dr2
137080845633142281,84.56341354,24.23481655,11.185,II/389/ps1_dr2
137080845633251943,84.56357059,24.23447892,13.03,II/389/ps1_dr2
137080846284935589,84.62850884,24.23752622,11.777,II/389/ps1_dr2
137080846192777851,84.61916028,24.23953176,11.555,II/389/ps1_dr2
137120846359183985,84.6359194812,24.2695259081,14.305,II/389/ps1_dr2
137120846971475958,84.69707174,24.27128838,11.258,II/389/ps1_dr2
137120846966635724,84.69685485,24.27120023,13.0811,II/389/ps1_dr2
137120846975276416,84.69750019,24.27157309,13.5371,II/389/ps1_dr2
137150846987312779,84.69872404,24.29356685,12.8387,II/389/ps1_dr2
137150846938964486,84.69388190496,24.29496239635,14.9592,II/389/ps1_dr2
137180846925835823,84.69256120828,24.32109236509,13.7978,II/389/ps1_dr2
137120845948864343,84.59488308827,24.26981778233,14.5663,II/389/ps1_dr2
137160845623544646,84.56233009168,24.30341049114,13.983,II/389/ps1_dr2
137210846613255681,84.66129602467,24.34596361841,14.3203,II/389/ps1_dr2
137200846650738933,84.66503714899,24.34032649453,12.713,II/389/ps1_dr2
137230846316000732,84.63155191188,24.35849836223,13.053,II/389/ps1_dr2
137100844749201622,84.47490758756,24.25089107806,14.437,II/389/ps1_dr2
137110844907141669,84.49070569678,24.25926698613,14.9361,II/389/ps1_dr2
137130844772127696,84.47720177125,24.28091483181,12.413,II/389/ps1_dr2
137150845413680201,84.54132678873,24.29137483424,14.9061,II/389/ps1_dr2
137170845309247846,84.53092319,24.3144186,9.163,II/389/ps1_dr2
137170845316537812,84.53159946,24.31422474,13.6715,II/389/ps1_dr2
137170845303038038,84.53038001,24.31473115,13.2822,II/389/ps1_dr2
137170845295594842,84.52968692,24.31211027,14.6915,II/389/ps1_dr2
137160845122689941,84.51225823543,24.30781564422,14.3767,II/389/ps1_dr2
137190845017197956,84.501716739,24.33115910186,14.0294,II/389/ps1_dr2
137150844215411665,84.42152333642,24.29259042294,13.7901,II/389/ps1_dr2
137160844276290174,84.42761769217,24.29968597374,14.5823,II/389/ps1_dr2
137190844380494991,84.43815145,24.32879131,11.878,II/389/ps1_dr2
137180844389816385,84.43893765543,24.32152064403,13.029,II/389/ps1_dr2
137220844718111023,84.47178078923,24.35039634991,13.494,II/389/ps1_dr2
137170845313308099,84.53133451,24.3146384,11.6025,II/389/ps1_dr2
137200845574797595,84.55742622,24.33919585,11.701,II/389/ps1_dr2
137200845575397946,84.557605,24.33944768,12.8628,II/389/ps1_dr2
137200845542229858,84.55420708211,24.34109265307,14.5513,II/389/ps1_dr2
137230846036755174,84.60362051883,24.36219397492,14.3672,II/389/ps1_dr2
137240845859862734,84.58595228221,24.36849668947,13.6367,II/389/ps1_dr2
137270845452967073,84.54529748345,24.39707762118,14.6185,II/389/ps1_dr2
137270845388012669,84.53878603921,24.39337453518,13.8721,II/389/ps1_dr2
137310845835854454,84.58354738104,24.42826752226,14.2985,II/389/ps1_dr2
137280845208978730,84.5207341,24.40692367,14.4472,II/389/ps1_dr2
137280845201519002,84.52023186,24.40711063,11.722,II/389/ps1_dr2
137280845204029401,84.52042476,24.40732181,12.8817,II/389/ps1_dr2
137300845341691911,84.53415833496,24.41779885871,14.5529,II/389/ps1_dr2
136990842029755240,84.20296793486,24.16223470008,13.9272,II/389/ps1_dr2
137010842321345280,84.23212004709,24.17894965698,13.7609,II/389/ps1_dr2
137020842304809846,84.23045857015,24.19111786705,14.94,II/389/ps1_dr2
137050841730265399,84.17301307563,24.21237096484,14.7473,II/389/ps1_dr2
137030841323796439,84.13236919184,24.19656293924,14.537,II/389/ps1_dr2
137080841956010632,84.19559599224,24.23339623379,14.9286,II/389/ps1_dr2
137090841979395920,84.19788205,24.24628622,11.378,II/389/ps1_dr2
137090841981816466,84.19810284,24.24639712,11.4733,II/389/ps1_dr2
137130842130903283,84.2133134,24.27756963,10.6918,II/389/ps1_dr2
137080842889233058,84.28878193,24.23548302,10.0039,II/389/ps1_dr2
137120842853286372,84.28527851735,24.27153520044,14.6849,II/389/ps1_dr2
137160842978387201,84.29781871718,24.30555713373,14.793,II/389/ps1_dr2
137170843267451113,84.32667453,24.30895015,11.737,II/389/ps1_dr2
137170843269461718,84.32681697,24.30911308,11.5936,II/389/ps1_dr2
137140842387608593,84.23873526854,24.2900718773,14.4449,II/389/ps1_dr2
137140842789297188,84.27888048901,24.28887314504,14.8743,II/389/ps1_dr2
137180842728528721,84.27284793886,24.32351359815,13.298,II/389/ps1_dr2
137200842922264449,84.29219888159,24.33662141371,13.451,II/389/ps1_dr2
137110841407926245,84.14078696329,24.26307278461,14.6657,II/389/ps1_dr2
137090841337623893,84.13375496815,24.2444511188,14.9085,II/389/ps1_dr2
137140841011851084,84.10118971746,24.28376345097,14.0542,II/389/ps1_dr2
137190841643483418,84.16431744423,24.32741667054,14.3715,II/389/ps1_dr2
137190840550091109,84.0549552,24.32559116,12.4106,II/389/ps1_dr2
137190840551731504,84.05512601,24.32588485,12.545,II/389/ps1_dr2
137190841112781568,84.11126030727,24.3257989312,13.9442,II/389/ps1_dr2
137200841148645455,84.11461574352,24.33739032985,13.295,II/389/ps1_dr2
137220840907248633,84.09071004662,24.35673004903,14.1238,II/389/ps1_dr2
137240841173202741,84.11720238,24.36856086,9.3889,II/389/ps1_dr2
137240841164083610,84.11654711,24.36931718,14.3249,II/389/ps1_dr2
137240841177582947,84.11796944,24.36857596,13.5167,II/389/ps1_dr2
137240842090553709,84.20902570402,24.36932548969,14.1414,II/389/ps1_dr2
137270842430141414,84.24274694,24.39212682,11.1831,II/389/ps1_dr2
137290842381204556,84.2380915371,24.41161582333,14.5147,II/389/ps1_dr2
137270842427290902,84.24273927,24.39186976,11.024,II/389/ps1_dr2
137250841252412739,84.1252240963,24.37680313032,13.281,II/389/ps1_dr2
137230841321266137,84.13182289,24.36289056,11.149,II/389/ps1_dr2
137200843997160998,84.39967342103,24.33371936163,12.729,II/389/ps1_dr2
137200843997691428,84.39968413,24.33371063,12.8382,II/389/ps1_dr2
137240843805492029,84.38054997,24.36791627,12.239,II/389/ps1_dr2
137280844350373473,84.43502203754,24.40245721261,13.8608,II/389/ps1_dr2
137220843316440483,84.33160064873,24.34996683219,14.0127,II/389/ps1_dr2
137280844652766918,84.46525563959,24.40532190363,14.5616,II/389/ps1_dr2
137350844538117837,84.45377556912,24.4644432946,14.0553,II/389/ps1_dr2
137400844493473372,84.44933434041,24.5023382078,14.0538,II/389/ps1_dr2
137410844404381406,84.44046410672,24.50904215233,14.2735,II/389/ps1_dr2
137300843100519943,84.31002029821,24.42452305492,14.345,II/389/ps1_dr2
137320843315999612,84.33157794843,24.44089791366,14.3508,II/389/ps1_dr2
137340843257333244,84.32573332035,24.4522393881,13.6128,II/389/ps1_dr2
137350843711964061,84.37135054,24.46132492,11.1212,II/389/ps1_dr2
137360842998034334,84.29978903736,24.46979033933,14.1436,II/389/ps1_dr2
137370842314711242,84.23143521438,24.47560108016,14.8855,II/389/ps1_dr2
137410843087386431,84.30874126076,24.51321001708,13.994,II/389/ps1_dr2
137390842726127647,84.27260087171,24.49750316885,12.569,II/389/ps1_dr2
137400842524700662,84.2524900167,24.5000740079,14.8468,II/389/ps1_dr2
137350843734345076,84.37342531661,24.46208057372,13.27,II/389/ps1_dr2
137420843794643767,84.37946696728,24.51931557473,14.0508,II/389/ps1_dr2
137440844516796751,84.45169388801,24.53848030129,14.8462,II/389/ps1_dr2
137460844287201184,84.42874565352,24.55052475059,14.8755,II/389/ps1_dr2
137470844289620707,84.42897710499,24.55843260827,14.1194,II/389/ps1_dr2
137480843691481963,84.36915252712,24.56782403951,14.8751,II/389/ps1_dr2
133030802446305241,80.24460357837,20.86226855774,14.3577,II/389/ps1_dr2
133050802293463054,80.22931243643,20.87711194529,14.7819,II/389/ps1_dr2
133100802982652346,80.29825275869,20.91816414284,14.6227,II/389/ps1_dr2
133070802010780297,80.20101986136,20.89144385727,14.8301,II/389/ps1_dr2
133080802197206325,80.21967744559,20.90484047756,13.7595,II/389/ps1_dr2
133080802105713075,80.21052827303,20.90214048307,14.4051,II/389/ps1_dr2
133100801742962334,80.17428614329,20.91818382594,14.309,II/389/ps1_dr2
133110802121431760,80.21212254378,20.92603618871,14.69,II/389/ps1_dr2
133120802520271253,80.25193586029,20.9337449439,12.6699,II/389/ps1_dr2
133120802518270979,80.2519442,20.93371869,12.883,II/389/ps1_dr2
133130802298413218,80.22981455008,20.94392276645,14.1867,II/389/ps1_dr2
133140801473957246,80.1473624,20.95563536,12.581,II/389/ps1_dr2
133150801548234357,80.15493865,20.96174985,10.5492,II/389/ps1_dr2
133150801549554804,80.154878,20.961847,9.857,II/389/ps1_dr2
133150801543884563,80.15457634,20.96179317,13.578,II/389/ps1_dr2
133170802222308870,80.22218471031,20.98186288171,13.156,II/389/ps1_dr2
133180801664457437,80.16643427236,20.98909925209,14.4027,II/389/ps1_dr2
133210801366486647,80.13649805897,21.01341917609,13.8103,II/389/ps1_dr2
133100803442844081,80.34423218647,20.91965893906,14.4219,II/389/ps1_dr2
133180803878132536,80.3877786681,20.98504264813,14.7988,II/389/ps1_dr2
133190803636294522,80.36359938049,20.99502996184,14.8999,II/389/ps1_dr2
133170803112323841,80.31123747479,20.97781047392,14.4736,II/389/ps1_dr2
133170802624970234,80.26246530986,20.97479880685,14.4086,II/389/ps1_dr2
133190802791045060,80.27907319012,20.99549154974,14.5575,II/389/ps1_dr2
133190803364871557,80.33644859941,20.99256310453,13.7979,II/389/ps1_dr2
133210803233029643,80.32330666218,21.01593925773,14.7571,II/389/ps1_dr2
133200804222843342,80.42212700752,21.0023241085,12.8636,II/389/ps1_dr2
133260804283371587,80.4283030576,21.05092080489,14.0804,II/389/ps1_dr2
133250803638318871,80.36378734229,21.04866585291,13.9699,II/389/ps1_dr2
133250803964422071,80.39640343541,21.04298539715,14.0065,II/389/ps1_dr2
133260804081055280,80.40808125897,21.05399983831,14.6168,II/389/ps1_dr2
133300804271359040,80.42710993112,21.09046102869,14.8877,II/389/ps1_dr2
133280802595653723,80.25952643921,21.06937612552,13.7081,II/389/ps1_dr2
133260802237203769,80.22391859312,21.05257611501,13.5824,II/389/ps1_dr2
133260802239703551,80.22391412092,21.05257516793,13.5779,II/389/ps1_dr2
133280801829071300,80.18290540245,21.06726028254,12.484,II/389/ps1_dr2
133290802402139645,80.24018310381,21.0826451,14.8467,II/389/ps1_dr2
133330802653136826,80.26529035819,21.11362809826,14.5155,II/389/ps1_dr2
133310802473229862,80.24729742151,21.09949064137,14.3537,II/389/ps1_dr2
133330802718022979,80.27177689124,21.11039825594,13.395,II/389/ps1_dr2
133350802591051636,80.25908549413,21.1259591659,14.7625,II/389/ps1_dr2
133300803276646982,80.32763675578,21.08874141916,14.2469,II/389/ps1_dr2
133290803295629841,80.32952192263,21.08279070637,14.061,II/389/ps1_dr2
133340803392990954,80.33927540847,21.11705791674,14.6792,II/389/ps1_dr2
133350803260093071,80.32599393082,21.12714784365,14.5383,II/389/ps1_dr2
133350803796670118,80.37961899477,21.12468250118,13.8601,II/389/ps1_dr2
133320803762756419,80.37630261147,21.10498060096,13.17,II/389/ps1_dr2
133360803162711256,80.31625899639,21.13396540518,14.6194,II/389/ps1_dr2
133370802656033100,80.26554760713,21.14384012969,14.1154,II/389/ps1_dr2
133390802865691115,80.2865116632,21.15884812341,14.0855,II/389/ps1_dr2
133390803535246159,80.35349007781,21.16310010666,13.7404,II/389/ps1_dr2
133410803174845183,80.31743776981,21.17891996591,13.7431,II/389/ps1_dr2
133430803153164731,80.31528189375,21.19519586811,13.7644,II/389/ps1_dr2
133440803374189830,80.33734659135,21.20778370016,13.062,II/389/ps1_dr2
133290801269709600,80.12696733931,21.08258218346,14.9665,II/389/ps1_dr2
133290801271448462,80.12711893079,21.08168151471,11.88,II/389/ps1_dr2
133350799956033731,79.9955682953,21.12771039987,14.5517,II/389/ps1_dr2
133340800284830321,80.02843599,21.11652057,11.383,II/389/ps1_dr2
133380800223932156,80.02253296,21.15154469,8.558,II/389/ps1_dr2
133380800227162229,80.02255659,21.15158773,9.305,II/389/ps1_dr2
133390800168429518,80.01681318187,21.16586219178,14.8562,II/389/ps1_dr2
133410800063337190,80.00630820818,21.18059208854,14.4875,II/389/ps1_dr2
133290801513794478,80.15121634,21.07842576,10.8712,II/389/ps1_dr2
133290801514804067,80.15155915,21.07802442,11.0376,II/389/ps1_dr2
133390801461037940,80.1460877005,21.16454102288,14.7898,II/389/ps1_dr2
133410801258396069,80.12579941399,21.17964990742,14.1626,II/389/ps1_dr2
133380802401571203,80.24009860547,21.15060375742,13.5746,II/389/ps1_dr2
133400802669487956,80.26690245846,21.17289708129,13.8442,II/389/ps1_dr2
133410802292832454,80.22931218139,21.17665988883,14.3172,II/389/ps1_dr2
133480803056577992,80.30563760124,21.23954180709,14.8188,II/389/ps1_dr2
133480803001946952,80.30015653346,21.23871744141,14.0165,II/389/ps1_dr2
133500802272178384,80.2271803448,21.25658357491,13.333,II/389/ps1_dr2
133430800397481481,80.03971472507,21.19251310975,14.938,II/389/ps1_dr2
133430800830459756,80.08302211788,21.19939998818,14.6911,II/389/ps1_dr2
133500801080657001,80.10804138761,21.25542620541,14.6465,II/389/ps1_dr2
133480800530566943,80.05290049642,21.23867962845,13.024,II/389/ps1_dr2
133510801929904721,80.19320109,21.2618765,12.027,II/389/ps1_dr2
133510801935454866,80.1932815,21.26194567,11.9511,II/389/ps1_dr2
133510801932764568,80.1934325,21.2615812,11.6472,II/389/ps1_dr2
133560802194187516,80.21937428549,21.30586997224,14.7633,II/389/ps1_dr2
133570802001086189,80.20007287465,21.31309263687,13.7633,II/389/ps1_dr2
133550801222770421,80.12224938518,21.29162070758,14.5735,II/389/ps1_dr2
133570801287317537,80.12869767248,21.314214482,14.0582,II/389/ps1_dr2
133570801490212394,80.14897108,21.3099342,11.505,II/389/ps1_dr2
133570801491012868,80.14909452,21.31026226,14.4443,II/389/ps1_dr2
133600801906882360,80.19064924908,21.33490063365,14.0868,II/389/ps1_dr2
133620801875643677,80.18752297971,21.35266715172,13.468,II/389/ps1_dr2
133600801300027877,80.129931065,21.33948510071,14.9853,II/389/ps1_dr2
133610801413764545,80.14134568424,21.34505552404,13.8184,II/389/ps1_dr2
133360805360791952,80.53605506414,21.13455223534,14.9616,II/389/ps1_dr2
133370804496275882,80.44960115803,21.14616651759,14.8247,II/389/ps1_dr2
133370804569151319,80.45689114638,21.14236223595,14.9242,II/389/ps1_dr2
133400806008901247,80.60085984634,21.16731304833,14.5712,II/389/ps1_dr2
133450806718046713,80.67177483086,21.2135428363,14.4802,II/389/ps1_dr2
133450805614217993,80.5613988,21.21475524,10.35,II/389/ps1_dr2
133450805609967925,80.56089449,21.21484457,11.4147,II/389/ps1_dr2
133410804224383064,80.42241852608,21.17715389766,14.8035,II/389/ps1_dr2
133420804100937986,80.41007241832,21.18958525614,14.007,II/389/ps1_dr2
133420804166978727,80.41667595159,21.19020721128,14.4794,II/389/ps1_dr2
133420804600603164,80.46002765662,21.18557926596,14.3154,II/389/ps1_dr2
133470804465295667,80.44649400824,21.22931367191,13.8721,II/389/ps1_dr2
133480803925037088,80.39247350481,21.23884330912,14.7632,II/389/ps1_dr2
133470803867178920,80.38673880971,21.2319965794,14.3921,II/389/ps1_dr2
133490805009139121,80.50085579417,21.24888219841,13.34,II/389/ps1_dr2
133510805053051842,80.50529096623,21.2594373896,14.9444,II/389/ps1_dr2
133640805105098898,80.51047907553,21.37370639304,12.845,II/389/ps1_dr2
133490806828340976,80.68281195995,21.24209442827,14.2211,II/389/ps1_dr2
133530806854593214,80.6854815972,21.27722262506,13.7183,II/389/ps1_dr2
133570807096826888,80.70966436524,21.31366649441,14.9605,II/389/ps1_dr2
133560806735555499,80.67355583682,21.30413068915,14.8923,II/389/ps1_dr2
133580806191941957,80.61912852874,21.31788590258,12.293,II/389/ps1_dr2
133580806300225256,80.62999752367,21.32065162879,14.1968,II/389/ps1_dr2
133600807130188586,80.71300115702,21.34006974809,14.2188,II/389/ps1_dr2
133640807211016888,80.72108478167,21.37198870963,14.8819,II/389/ps1_dr2
133690807833353582,80.78332412042,21.41090227515,14.8719,II/389/ps1_dr2
133710807717012093,80.77171256,21.42628365,12.0965,II/389/ps1_dr2
133710807713972032,80.77136368885,21.42628720148,11.366,II/389/ps1_dr2
133720807709883889,80.77096324739,21.43616167863,14.7174,II/389/ps1_dr2
133610805956227180,80.59558998391,21.34725040127,14.7612,II/389/ps1_dr2
133640806500427389,80.64998506645,21.37242062862,13.196,II/389/ps1_dr2
133660806303820279,80.63035560711,21.38315902093,14.0069,II/389/ps1_dr2
133670805260985357,80.52606904491,21.39573652122,14.5934,II/389/ps1_dr2
133670805599367029,80.55990889626,21.39711921322,14.7945,II/389/ps1_dr2
133700805760109817,80.57598422831,21.42444426962,14.7565,II/389/ps1_dr2
133680806748954845,80.67487785372,21.40362901775,14.2762,II/389/ps1_dr2
133770807024388224,80.70229805391,21.48139526056,12.442,II/389/ps1_dr2
133810806981147363,80.69805675429,21.51409142784,13.185,II/389/ps1_dr2
133800806902801774,80.69021588137,21.50104478087,13.163,II/389/ps1_dr2
133510803255471832,80.3255116626,21.25945300111,13.347,II/389/ps1_dr2
133510803282907676,80.32826958853,21.2643175964,14.1769,II/389/ps1_dr2
133540803582494432,80.35820934822,21.28663325326,14.3652,II/389/ps1_dr2
133590803829672138,80.3829440298,21.32636479425,14.0046,II/389/ps1_dr2
133550802889231661,80.28888518496,21.29265845721,13.9341,II/389/ps1_dr2
133570802605198916,80.26048033951,21.31536085885,14.4302,II/389/ps1_dr2
133560802532350247,80.25320316687,21.29981694682,14.4376,II/389/ps1_dr2
133580802631270504,80.2630926771,21.31669035584,14.1578,II/389/ps1_dr2
133600803029646727,80.30293502821,21.33854030366,14.2724,II/389/ps1_dr2
133580804059741013,80.40595353048,21.31711665185,14.8449,II/389/ps1_dr2
133600804320257506,80.43204965634,21.33914784315,14.651,II/389/ps1_dr2
133590804429565168,80.44292785086,21.32892630879,14.648,II/389/ps1_dr2
133660804281629572,80.42814784466,21.39087050143,14.4585,II/389/ps1_dr2
133680804397923090,80.43970031,21.40218567,12.1,II/389/ps1_dr2
133710803918472121,80.39180007411,21.42636272816,14.3206,II/389/ps1_dr2
133610802362891354,80.23624739541,21.34240156809,14.148,II/389/ps1_dr2
133620802150667232,80.2150338321,21.35563382785,13.6821,II/389/ps1_dr2
133610801992257189,80.19919551,21.34725645,13.406,II/389/ps1_dr2
133630802246757839,80.22462282518,21.36446601832,13.6824,II/389/ps1_dr2
133660801833673766,80.18333136727,21.38607257329,13.7872,II/389/ps1_dr2
133670802114335475,80.21139578883,21.39583122209,14.9736,II/389/ps1_dr2
133720802661622346,80.26612996375,21.43488045115,14.3473,II/389/ps1_dr2
133690802297377366,80.22968569208,21.41407005429,12.126,II/389/ps1_dr2
133690802299437660,80.22983304,21.41419203,13.0081,II/389/ps1_dr2
133700803441898251,80.34416302682,21.42311875793,14.8014,II/389/ps1_dr2
133690803593090615,80.35928753512,21.40845183454,13.8833,II/389/ps1_dr2
133730803446855985,80.34466146058,21.44622310037,14.9187,II/389/ps1_dr2
133740803891361742,80.38910898237,21.45100221836,13.088,II/389/ps1_dr2
133760803921564395,80.39213508826,21.46987087201,13.8221,II/389/ps1_dr2
133750803992422691,80.39936963,21.46025474,13.5278,II/389/ps1_dr2
133770803929298663,80.39289002801,21.48182446328,14.3288,II/389/ps1_dr2
133750803216340718,80.32159873549,21.45851870569,14.3437,II/389/ps1_dr2
133790803630078201,80.36298535527,21.49803916937,13.7605,II/389/ps1_dr2
133800803681492476,80.36812595614,21.50160516495,14.9767,II/389/ps1_dr2
133690805349784057,80.53490499094,21.41134797224,14.077,II/389/ps1_dr2
133770805481074557,80.54798646254,21.47834715422,12.371,II/389/ps1_dr2
133790804502901162,80.4502381801,21.49224291336,13.5669,II/389/ps1_dr2
133850803533098154,80.35330162355,21.54799549465,14.6682,II/389/ps1_dr2
133890803907193106,80.39064975781,21.57710982576,14.891,II/389/ps1_dr2
133870805125027730,80.51247128684,21.56438222303,14.9439,II/389/ps1_dr2
133880805089603236,80.50892808411,21.56899087621,12.883,II/389/ps1_dr2
133890805269972526,80.52695585673,21.57671810952,14.9906,II/389/ps1_dr2
133940805259033396,80.52592736973,21.61908038586,14.4581,II/389/ps1_dr2
133930804476668968,80.4476634291,21.61536615509,14.5874,II/389/ps1_dr2
133430799411616895,79.94110789365,21.19702310906,14.2457,II/389/ps1_dr2
133450799453676649,79.94530981812,21.21348190948,14.59,II/389/ps1_dr2
133460799532234979,79.95319407623,21.22041620412,14.1254,II/389/ps1_dr2
133460799744534864,79.97441873522,21.22034091583,13.538,II/389/ps1_dr2
133500799410505054,79.94093539773,21.25379004866,13.498,II/389/ps1_dr2
133590798425373288,79.8425218312,21.32733683641,14.7247,II/389/ps1_dr2
133620798323556754,79.83233269808,21.35522093173,14.5693,II/389/ps1_dr2
133510799516701426,79.9516372285,21.25917026126,12.192,II/389/ps1_dr2
133540799740801313,79.97405019163,21.28403152462,14.6941,II/389/ps1_dr2
133560799998844546,79.99986115561,21.30339353293,14.7984,II/389/ps1_dr2
133590800126526820,80.01264459017,21.3301872191,13.465,II/389/ps1_dr2
133530799507456205,79.9507154523,21.27977550782,14.3343,II/389/ps1_dr2
133530799497387290,79.94971955666,21.28069563385,14.6828,II/389/ps1_dr2
133560799542805901,79.95420123926,21.30451097553,14.548,II/389/ps1_dr2
133600800089777431,80.00868653,21.33901062,13.7941,II/389/ps1_dr2
133600800085407206,80.00853821603,21.33889188265,12.512,II/389/ps1_dr2
133650800379047075,80.0379076354,21.38044023666,12.449,II/389/ps1_dr2
133680800425945628,80.04259466,21.40430637,11.954,II/389/ps1_dr2
133710798997615673,79.89979044233,21.42927069276,13.7209,II/389/ps1_dr2
133730800113628511,80.01132815239,21.44836881925,14.3674,II/389/ps1_dr2
133750800285389023,80.02850334173,21.46545236185,14.2879,II/389/ps1_dr2
133760799749856859,79.97499686226,21.47192403812,14.0753,II/389/ps1_dr2
133830799878408243,79.98824049,21.53131013,14.5131,II/389/ps1_dr2
133820799752869456,79.97528467237,21.52413374177,14.5814,II/389/ps1_dr2
133830799880027803,79.98807745,21.53114234,14.4345,II/389/ps1_dr2
133700797349509593,79.73495794,21.42437352,12.8577,II/389/ps1_dr2
133700797570959061,79.75705515965,21.42380519165,14.6416,II/389/ps1_dr2
133700797352779951,79.73513011,21.42450494,12.027,II/389/ps1_dr2
133790796522266245,79.65220954514,21.49645078984,14.9129,II/389/ps1_dr2
133720798553143133,79.85526981504,21.43553088264,14.7182,II/389/ps1_dr2
133740797874008091,79.78736214497,21.45632866919,14.9226,II/389/ps1_dr2
133780797635994420,79.76356947101,21.48659769438,14.3929,II/389/ps1_dr2
133790798975882713,79.89746828476,21.49348688504,13.7245,II/389/ps1_dr2
133810799026795737,79.90264832499,21.51269098634,14.4882,II/389/ps1_dr2
133860799095843750,79.90956649223,21.55269777449,14.9323,II/389/ps1_dr2
133840798582225028,79.85819465486,21.53707903412,14.1651,II/389/ps1_dr2
133860798433479394,79.84332724356,21.55738121923,14.9181,II/389/ps1_dr2
133900799064241871,79.90653608,21.58455248,11.704,II/389/ps1_dr2
133900799070252035,79.90693672,21.58459732,12.816,II/389/ps1_dr2
133900799066352309,79.90661686,21.5845955,10.487,II/389/ps1_dr2
133930798954801304,79.89535872979,21.60895424225,12.793,II/389/ps1_dr2
133860796610439423,79.66086975911,21.55738426484,12.531,II/389/ps1_dr2
133900797141572792,79.71410969006,21.58522563916,13.39,II/389/ps1_dr2
133940798381761078,79.83821398,21.61715544,10.876,II/389/ps1_dr2
133720802110755449,80.21103155731,21.4374691328,13.7723,II/389/ps1_dr2
133710801097487565,80.10971574924,21.4308956155,14.9708,II/389/ps1_dr2
133770801318191792,80.13178040916,21.47609306223,13.9084,II/389/ps1_dr2
133780801043065638,80.10425946794,21.48762633462,13.9346,II/389/ps1_dr2
133760801115484796,80.11150845256,21.47026138168,14.9067,II/389/ps1_dr2
133770801554284523,80.15538762063,21.47836454229,14.6707,II/389/ps1_dr2
133850802993397262,80.29930548141,21.54727482921,14.8161,II/389/ps1_dr2
133860802585724834,80.2585392504,21.55358565068,14.8208,II/389/ps1_dr2
133860802553701696,80.25532986329,21.55095888283,14.1756,II/389/ps1_dr2
133830801760173685,80.17597951919,21.5276465508,14.0443,II/389/ps1_dr2
133890802262814839,80.22641437,21.57833451,13.2035,II/389/ps1_dr2
133890802264395270,80.22636943,21.57880594,12.074,II/389/ps1_dr2
133920802554528576,80.25544043085,21.60666261345,14.0434,II/389/ps1_dr2
133840801420882839,80.14205831586,21.53527225882,14.9053,II/389/ps1_dr2
133840799878758837,79.98781646045,21.5402312343,13.5041,II/389/ps1_dr2
133900800379273054,80.0378739584,21.58549892162,14.2414,II/389/ps1_dr2
133880801507756561,80.15075076342,21.57171172545,14.2645,II/389/ps1_dr2
133860801498850638,80.14996924,21.55005665,12.597,II/389/ps1_dr2
133860801500820930,80.14998839,21.55006801,12.515,II/389/ps1_dr2
133860801495150209,80.14977951,21.5498968,11.7693,II/389/ps1_dr2
133880801508607001,80.1507481733,21.57170189413,14.2589,II/389/ps1_dr2
133900801167406805,80.11669296101,21.58857799042,14.7427,II/389/ps1_dr2
134010801617476976,80.16170513933,21.68037953101,14.9935,II/389/ps1_dr2
133980803982259315,80.39818052092,21.65736270954,14.7996,II/389/ps1_dr2
133990802699861823,80.26999607161,21.65936688935,13.8413,II/389/ps1_dr2
134000802649374712,80.26493048653,21.67012544712,14.8616,II/389/ps1_dr2
134120802371946928,80.237164169,21.77201254173,14.4131,II/389/ps1_dr2
134070803222131336,80.32216805682,21.72568917151,14.081,II/389/ps1_dr2
134060803128257112,80.31281020871,21.72215708199,14.4621,II/389/ps1_dr2
133890799848605305,79.98483845171,21.57898393207,13.9623,II/389/ps1_dr2
133910799580998908,79.9580756125,21.59867183483,14.928,II/389/ps1_dr2
133920799853626888,79.98533548495,21.60531010434,14.7416,II/389/ps1_dr2
133900799428448045,79.94280785444,21.58960553557,13.639,II/389/ps1_dr2
133980800606771003,80.06064086511,21.65040034839,13.708,II/389/ps1_dr2
134050800371416208,80.03708895648,21.71310380426,12.678,II/389/ps1_dr2
134070800395490577,80.03946943857,21.72502890984,14.1752,II/389/ps1_dr2
134070800395941101,80.03947319,21.7250249,14.1778,II/389/ps1_dr2
133980798722049587,79.87214976538,21.65751067344,13.418,II/389/ps1_dr2
133990798607333477,79.86068494054,21.66078749436,14.5345,II/389/ps1_dr2
134020799484587132,79.94843111176,21.68882816346,14.9942,II/389/ps1_dr2
134060799155402249,79.91547189,21.71803603,11.116,II/389/ps1_dr2
134020798654632037,79.86534281044,21.68454482973,12.951,II/389/ps1_dr2
134030798589552484,79.85892382442,21.69327487557,14.8919,II/389/ps1_dr2
134090798585517081,79.85849595466,21.74711336478,14.3078,II/389/ps1_dr2
134070799910468374,79.99093652349,21.73150750844,13.8246,II/389/ps1_dr2
134170800307086435,80.03065856881,21.8132538545,14.7369,II/389/ps1_dr2
134260801993558616,80.19930088929,21.89006351736,14.8125,II/389/ps1_dr2
134290802631752364,80.26315668155,21.90983528909,14.745,II/389/ps1_dr2
134220801285001922,80.12845768802,21.85115131621,14.9487,II/389/ps1_dr2
134230800816278378,80.08160868605,21.86485064895,14.9328,II/389/ps1_dr2
134290801428659176,80.14280572595,21.91551316781,14.9217,II/389/ps1_dr2
134350801942194186,80.19433811,21.96135057,11.866,II/389/ps1_dr2
134350801945124454,80.19451685,21.96158902,13.5522,II/389/ps1_dr2
133710808497732129,80.84978256801,21.42632163532,13.078,II/389/ps1_dr2
133750808257958660,80.82582163369,21.46515189532,14.4478,II/389/ps1_dr2
133760808157144944,80.81569570912,21.47038734792,14.2244,II/389/ps1_dr2
133780808692629507,80.86928482006,21.49080312146,14.9481,II/389/ps1_dr2
133830808532643849,80.85327946238,21.52775907571,14.2682,II/389/ps1_dr2
133830810011610383,81.00116360893,21.52484196108,13.055,II/389/ps1_dr2
133820809097379492,80.90975690721,21.52411333435,14.8643,II/389/ps1_dr2
133870809188680454,80.91896804,21.5583406,11.6371,II/389/ps1_dr2
133870809192280265,80.91904926,21.55790119,11.3688,II/389/ps1_dr2
133860809191679936,80.91887709,21.55772861,11.14,II/389/ps1_dr2
133860809187999921,80.918807,21.55798518,12.9979,II/389/ps1_dr2
133890809465720847,80.94659689936,21.57523140583,14.7928,II/389/ps1_dr2
133880809617040312,80.96172848033,21.56645951671,14.3769,II/389/ps1_dr2
133820808207841650,80.8207935532,21.51759403422,14.8442,II/389/ps1_dr2
133850808105711847,80.81058797915,21.54275473186,14.8058,II/389/ps1_dr2
133850806957276964,80.69570340833,21.54707174349,14.3839,II/389/ps1_dr2
133880808806889920,80.88069105123,21.57445975423,14.0171,II/389/ps1_dr2
133910808730738724,80.8731025478,21.59846884419,14.583,II/389/ps1_dr2
133910808155777866,80.81564537144,21.59775721172,14.595,II/389/ps1_dr2
133910808130580279,80.81304651221,21.5914368117,14.3167,II/389/ps1_dr2
133990808847966882,80.88485961,21.66368272,12.071,II/389/ps1_dr2
133990808844546845,80.88451909,21.66365328,14.1192,II/389/ps1_dr2
134000808889576967,80.88891234661,21.67196692093,13.707,II/389/ps1_dr2
133880810283585767,81.02835969548,21.57100091141,14.724,II/389/ps1_dr2
133940810981351408,81.09820494115,21.61732696948,13.27,II/389/ps1_dr2
133950809822784541,80.98230008676,21.62829702662,14.7868,II/389/ps1_dr2
133980810537078792,81.05373693,21.65685393,13.7654,II/389/ps1_dr2
133990811606590183,81.16067673158,21.65798884379,14.7806,II/389/ps1_dr2
133980811002117233,81.10028045529,21.65555161095,14.6678,II/389/ps1_dr2
134020811708308268,81.17084920403,21.68976563692,14.8137,II/389/ps1_dr2
134000810707659413,81.07074973146,21.67402141742,14.0697,II/389/ps1_dr2
134030810519769742,81.05199996353,21.69929433161,14.7813,II/389/ps1_dr2
134020809670830212,80.96706586,21.68300405,13.13,II/389/ps1_dr2
134030809914128344,80.99144959002,21.69814036925,14.8413,II/389/ps1_dr2
134040808651821988,80.86520615713,21.70119550488,14.3731,II/389/ps1_dr2
134060809539505279,80.95397717456,21.7205829847,14.8218,II/389/ps1_dr2
134070809640663704,80.96408506271,21.72759611181,13.9156,II/389/ps1_dr2
134060810400881683,81.04009897312,21.7175726594,13.5365,II/389/ps1_dr2
134080810735079256,81.07352880023,21.74057027293,14.9332,II/389/ps1_dr2
134130811129435319,81.11301220081,21.77894101623,14.4784,II/389/ps1_dr2
134130810591064697,81.05913414641,21.77844160866,14.6166,II/389/ps1_dr2
134180810773176216,81.07737676729,21.82135922732,14.6192,II/389/ps1_dr2
134140809819707506,80.98183141898,21.78903331347,13.225,II/389/ps1_dr2
134190810206376540,81.02063828,21.82999369,11.899,II/389/ps1_dr2
134200810220567958,81.02207879794,21.83948594525,14.5014,II/389/ps1_dr2
133880806810723969,80.68104310195,21.56957623814,14.821,II/389/ps1_dr2
133910806314128723,80.63137854344,21.59852357951,14.9685,II/389/ps1_dr2
134000807132870963,80.71345503,21.66728492,11.8122,II/389/ps1_dr2
134000808190518507,80.81902313076,21.67327467121,13.439,II/389/ps1_dr2
133960805952704601,80.59521001563,21.63676101581,13.7907,II/389/ps1_dr2
133990806143327904,80.6142920037,21.66451904478,14.7914,II/389/ps1_dr2
134060806396146189,80.63959624148,21.72142161234,14.5355,II/389/ps1_dr2
134090805520642173,80.55248225,21.74306616,13.1394,II/389/ps1_dr2
134110806809953055,80.68100516906,21.7604283795,14.4488,II/389/ps1_dr2
134120807193569985,80.71927945,21.774473,13.6569,II/389/ps1_dr2
134120807190629813,80.71924419127,21.77447391541,13.453,II/389/ps1_dr2
134150806891217835,80.6891023094,21.79773812021,13.597,II/389/ps1_dr2
134210806958803030,80.69590390554,21.84373832173,14.6112,II/389/ps1_dr2
134070808643426101,80.86435064125,21.72960960016,13.472,II/389/ps1_dr2
134070808770984132,80.87712596694,21.72797433156,14.9683,II/389/ps1_dr2
134150808779835904,80.87800146751,21.79611101887,12.996,II/389/ps1_dr2
134160808891783646,80.88920911348,21.80256007951,14.8954,II/389/ps1_dr2
134130808028062877,80.80279511187,21.77691889569,13.442,II/389/ps1_dr2
134190808215121661,80.82153945514,21.82591578863,14.2083,II/389/ps1_dr2
134210808688877004,80.86898006,21.84705697,14.633,II/389/ps1_dr2
134180809294815201,80.92948242133,21.82050479036,13.083,II/389/ps1_dr2
134260809774516791,80.9774757482,21.88850860528,14.1909,II/389/ps1_dr2
134240808743362890,80.87436829247,21.86860235764,14.4502,II/389/ps1_dr2
134230808929475666,80.89297608,21.86258469,12.291,II/389/ps1_dr2
134280809776012147,80.97762628469,21.90131499874,14.8994,II/389/ps1_dr2
134270808687909032,80.86880940438,21.89870442728,13.378,II/389/ps1_dr2
134280808821384194,80.88216436204,21.90300642044,13.454,II/389/ps1_dr2
134300809157425381,80.91577570121,21.92068917296,14.7179,II/389/ps1_dr2
134320809337592119,80.93379865178,21.93462947952,14.3184,II/389/ps1_dr2
134330808875852870,80.88748192,21.94383561,11.0513,II/389/ps1_dr2
134320808822991469,80.88232186355,21.93409369786,12.862,II/389/ps1_dr2
134330808874492388,80.88713191,21.94331068,11.428,II/389/ps1_dr2
134330807751583653,80.77517774428,21.94425664333,14.7594,II/389/ps1_dr2
134100812422603236,81.24229757,21.75233378,10.44,II/389/ps1_dr2
134110811921678120,81.19215619,21.76462422,11.784,II/389/ps1_dr2
134110811924078376,81.19238294,21.76468806,11.9375,II/389/ps1_dr2
134130812284652117,81.22848017621,21.77630259331,14.0939,II/389/ps1_dr2
134140811885433546,81.18855088146,21.7858167559,14.6596,II/389/ps1_dr2
134150811494478900,81.14935297146,21.79855266949,12.871,II/389/ps1_dr2
134170812172907345,81.2173103565,21.81398789547,14.9768,II/389/ps1_dr2
134190812270613711,81.22707446801,21.82762778672,14.9209,II/389/ps1_dr2
134230813582653557,81.35813097,21.86086548,10.937,II/389/ps1_dr2
134230813582713947,81.35825418,21.86109898,11.1832,II/389/ps1_dr2
134230813577793394,81.35753546,21.86071121,13.3196,II/389/ps1_dr2
134230813396377820,81.33962710335,21.86438371151,13.9533,II/389/ps1_dr2
134230812422336958,81.24224447149,21.86366326658,14.4794,II/389/ps1_dr2
134220811790142280,81.17890110874,21.85136450587,13.053,II/389/ps1_dr2
134230811864151127,81.18642056694,21.85880180627,13.288,II/389/ps1_dr2
134220810744252758,81.07447925925,21.85179702387,12.911,II/389/ps1_dr2
134230810635534754,81.06361361075,21.86180757201,13.9493,II/389/ps1_dr2
134280811554416561,81.1554597386,21.90499548152,13.5028,II/389/ps1_dr2
134290810998165556,81.09976034,21.91253573,11.062,II/389/ps1_dr2
134270811173369437,81.11733666459,21.89904698979,12.444,II/389/ps1_dr2
134320812151045286,81.2151012619,21.9372531711,14.5394,II/389/ps1_dr2
134340812387263585,81.23872834081,21.95247528535,14.4906,II/389/ps1_dr2
134330812591488773,81.25914951486,21.94850111195,14.4889,II/389/ps1_dr2
134300811586810363,81.158702082,21.91649266414,14.3894,II/389/ps1_dr2
134310811507921709,81.15077545038,21.92595216505,13.295,II/389/ps1_dr2
134340811780243502,81.17804093822,21.95245034462,14.7454,II/389/ps1_dr2
134350811877574041,81.18777491031,21.96122817113,14.5458,II/389/ps1_dr2
134310811881876452,81.18820030362,21.9299117288,14.6785,II/389/ps1_dr2
134350811611960924,81.16118666799,21.95861626761,14.4134,II/389/ps1_dr2
134370812173065166,81.21731945293,21.97882573864,14.9244,II/389/ps1_dr2
134410812215314293,81.22148129806,22.01143270682,11.711,II/389/ps1_dr2
134410812217774667,81.2217335,22.01161766,13.6607,II/389/ps1_dr2
134300813784442900,81.37830278,21.91865699,9.739,II/389/ps1_dr2
134310814031683429,81.40309594505,21.92736602347,13.9661,II/389/ps1_dr2
134320814585772878,81.45857835248,21.93526409179,14.9925,II/389/ps1_dr2
134320813460168923,81.34600818831,21.94029899772,14.8452,II/389/ps1_dr2
134330813819713658,81.38187991317,21.94422161159,13.8233,II/389/ps1_dr2
134320813187062429,81.31867419532,21.93487784254,12.821,II/389/ps1_dr2
134360813317115060,81.33170611361,21.97041150165,12.494,II/389/ps1_dr2
134360813329018714,81.33296717,21.97332916,14.4555,II/389/ps1_dr2
134360813316564648,81.33159939,21.97024763,13.5034,II/389/ps1_dr2
134350813375418455,81.33752628738,21.96490854684,14.4295,II/389/ps1_dr2
134370813858004218,81.38578002889,21.97803330184,14.2593,II/389/ps1_dr2
134360814550882683,81.45509206048,21.96843744021,14.7785,II/389/ps1_dr2
134420814769906429,81.47698270298,22.0215603062,14.8464,II/389/ps1_dr2
134380814327609071,81.43279595446,21.99042846555,14.2892,II/389/ps1_dr2
134480814887227252,81.48872046459,22.07224752889,14.3686,II/389/ps1_dr2
134480814756078791,81.47558820355,22.07352483821,13.041,II/389/ps1_dr2
134490814785100549,81.47850248364,22.07499533586,14.7106,II/389/ps1_dr2
134350813066733066,81.30663203,21.96040557,12.741,II/389/ps1_dr2
134380813037913818,81.30369025381,21.98599681827,13.079,II/389/ps1_dr2
134390812733826944,81.27338679817,21.99697874269,14.9824,II/389/ps1_dr2
134390813011959711,81.30110573213,21.99922810629,13.4313,II/389/ps1_dr2
134420812963512128,81.29635083979,22.01795714696,14.962,II/389/ps1_dr2
134420813288445746,81.32880212,22.0209583,12.873,II/389/ps1_dr2
134440813558305469,81.35579329272,22.03739305182,13.274,II/389/ps1_dr2
134420812802154127,81.28021587778,22.01961981826,14.9057,II/389/ps1_dr2
134430812495394199,81.24952674282,22.0280186955,14.0289,II/389/ps1_dr2
134410812370545942,81.23701247516,22.01278842401,13.192,II/389/ps1_dr2
134470812957761319,81.29576780815,22.05894307417,14.6997,II/389/ps1_dr2
134510813012308703,81.30120308137,22.09841678536,13.958,II/389/ps1_dr2
134480814313193174,81.43131717466,22.0688278008,14.51,II/389/ps1_dr2
134540813698163372,81.36977361454,22.11891284601,14.2342,II/389/ps1_dr2
134530813704916216,81.37049027832,22.11303177908,13.9567,II/389/ps1_dr2
134520813325207797,81.33241111,22.10605916,10.63,II/389/ps1_dr2
134580814023290666,81.40232053858,22.15007616097,14.8521,II/389/ps1_dr2
134590813971739504,81.39719898261,22.16579731937,13.05,II/389/ps1_dr2
134270810330104170,81.0330273822,21.89468433681,14.6651,II/389/ps1_dr2
134280810738991845,81.07390704805,21.90106617219,14.7411,II/389/ps1_dr2
134270810115800319,81.01160764165,21.89145684441,14.9757,II/389/ps1_dr2
134320810675565962,81.06751302155,21.93781563099,13.861,II/389/ps1_dr2
134300809815073129,80.98150873635,21.91879033362,13.7813,II/389/ps1_dr2
134330810244546666,81.0244830118,21.94675761015,13.9846,II/389/ps1_dr2
134330809904043677,80.99036557723,21.9442662648,13.8849,II/389/ps1_dr2
134360811128720868,81.11289272089,21.96692780974,14.5653,II/389/ps1_dr2
134360811451431922,81.14508446258,21.96776369273,13.8323,II/389/ps1_dr2
134390811786336646,81.17861539264,21.996723061,14.3441,II/389/ps1_dr2
134400811677277261,81.16771429516,22.00559510777,14.296,II/389/ps1_dr2
134430811875655910,81.18757685645,22.02945941617,13.434,II/389/ps1_dr2
134430811835484649,81.18349679502,22.02839718665,12.201,II/389/ps1_dr2
134430811699053079,81.16985002114,22.02706240469,13.427,II/389/ps1_dr2
134430811163844718,81.1164146315,22.0284747555,14.4354,II/389/ps1_dr2
134450811219310439,81.12195766008,22.04156733194,14.9669,II/389/ps1_dr2
134470811372266697,81.13726784975,22.06344049085,14.0004,II/389/ps1_dr2
134350809338491928,80.93387870613,21.95946973811,12.595,II/389/ps1_dr2
134350809364369311,80.93647607353,21.96560466534,14.7918,II/389/ps1_dr2
134400809306408233,80.93067527748,22.00639011068,14.7223,II/389/ps1_dr2
134400809767370195,80.97675888577,21.99971079367,14.6144,II/389/ps1_dr2
134470809956960165,80.99573736409,22.05799713724,14.1869,II/389/ps1_dr2
134380809061878920,80.90621667303,21.99028762801,14.4583,II/389/ps1_dr2
134440809052731656,80.90532276,22.03423947,12.175,II/389/ps1_dr2
134460809262328264,80.92627126671,22.0564234432,12.642,II/389/ps1_dr2
134480810207312406,81.0207648841,22.06820182387,14.3262,II/389/ps1_dr2
134490809844854256,80.9845157866,22.0780794188,14.6184,II/389/ps1_dr2
134560810509469317,81.05098938,22.14065499,14.7669,II/389/ps1_dr2
134560810535495789,81.05371687,22.13772833,10.8885,II/389/ps1_dr2
134470812410202112,81.24099231572,22.05960689899,12.711,II/389/ps1_dr2
134490811891460910,81.18920023027,22.07526287728,13.7353,II/389/ps1_dr2
134480812538205317,81.2538177273,22.0706159581,14.9047,II/389/ps1_dr2
134520812279146757,81.22793313535,22.10515689825,13.307,II/389/ps1_dr2
134510812249979048,81.22481575,22.09893491,11.1967,II/389/ps1_dr2
134510812246238955,81.22474602,22.09873162,10.418,II/389/ps1_dr2
134500811440537614,81.14407199515,22.08922009711,14.2617,II/389/ps1_dr2
134590812332325618,81.23324110358,22.16256952551,12.456,II/389/ps1_dr2
134590813485211060,81.34851609688,22.1587298069,14.4199,II/389/ps1_dr2
134650812506129129,81.25060985599,22.2154832418,14.6104,II/389/ps1_dr2
134660812992504031,81.29917554801,22.219600344,12.692,II/389/ps1_dr2
134670813258437405,81.32582905999,22.23069408553,14.9529,II/389/ps1_dr2
134660812826560634,81.28265563772,22.21669622164,14.5826,II/389/ps1_dr2
134610811211857170,81.12120866074,22.18051619764,13.6438,II/389/ps1_dr2
134570811669685830,81.16696706858,22.14606255552,13.196,II/389/ps1_dr2
134610811693719518,81.16938090977,22.18247340814,13.8293,II/389/ps1_dr2
134620811489664381,81.14897833423,22.18652899903,14.0862,II/389/ps1_dr2
134630811496198986,81.14962903013,22.19870036229,14.8266,II/389/ps1_dr2
134680811091844521,81.10919935054,22.23664187148,14.8616,II/389/ps1_dr2
134650811970554301,81.19708087557,22.21145614107,14.3318,II/389/ps1_dr2
134650811836717396,81.18366690484,22.21403311981,13.2952,II/389/ps1_dr2
134720812662956549,81.26625373887,22.27168245596,14.8353,II/389/ps1_dr2
134700811904404602,81.19046650791,22.25338679633,14.583,II/389/ps1_dr2
134770812471650688,81.24705437,22.3084206,12.809,II/389/ps1_dr2
134750812418569286,81.24185309515,22.29893902727,14.4468,II/389/ps1_dr2
134190806148880103,80.61497755,21.82461136,12.3535,II/389/ps1_dr2
134180806148729741,80.61496306,21.82443997,11.314,II/389/ps1_dr2
134250806534395861,80.65346405358,21.8794331918,14.459,II/389/ps1_dr2
134320807469887234,80.74700560906,21.93890190516,13.314,II/389/ps1_dr2
134330807010160422,80.70103727226,21.94156140614,14.4923,II/389/ps1_dr2
134350807643096844,80.76432458052,21.9635817216,14.9505,II/389/ps1_dr2
134380807444062014,80.74443020794,21.98454624193,14.1911,II/389/ps1_dr2
134400808037855076,80.80381208182,22.00376616898,14.7951,II/389/ps1_dr2
134450808154078723,80.81543478129,22.04847421784,14.9781,II/389/ps1_dr2
134400807283696654,80.72843242187,22.00510872701,14.2278,II/389/ps1_dr2
134450806109879248,80.61100778878,22.04892299065,13.444,II/389/ps1_dr2
134440806669749154,80.66696363,22.04058437,13.208,II/389/ps1_dr2
134490807319502852,80.73197823569,22.07690358338,13.9746,II/389/ps1_dr2
134510807373289485,80.73758868,22.09875807,12.9992,II/389/ps1_dr2
134510807375868980,80.73755816,22.0987375,12.951,II/389/ps1_dr2
134500806292075122,80.6291908958,22.08712559548,14.4613,II/389/ps1_dr2
134590806798703744,80.67988224,22.1609943,12.937,II/389/ps1_dr2
134340802857347249,80.28575251646,21.95554262893,14.854,II/389/ps1_dr2
134400804742054601,80.47418474304,22.0034383403,14.5927,II/389/ps1_dr2
134440804442645098,80.44424048056,22.03719534056,14.4565,II/389/ps1_dr2
134480802691548982,80.26910992597,22.07368182887,14.6919,II/389/ps1_dr2
134510804068458704,80.40684610973,22.09847167835,14.4899,II/389/ps1_dr2
134500803974517062,80.39734515588,22.08868318367,14.684,II/389/ps1_dr2
134490805276021671,80.52762005035,22.07593186727,14.7295,II/389/ps1_dr2
134480804857627452,80.48569156373,22.07245851206,14.3851,II/389/ps1_dr2
134600806317253865,80.63157499,22.1692501,14.4074,II/389/ps1_dr2
134600806325624844,80.6324625,22.1701378,11.7803,II/389/ps1_dr2
134600806337305412,80.63383564,22.17090452,13.5644,II/389/ps1_dr2
134600806330805623,80.63320209,22.17082104,9.338,II/389/ps1_dr2
134600806328495026,80.63271842,22.17042241,9.3438,II/389/ps1_dr2
134600806332715930,80.63341688,22.17124147,9.4743,II/389/ps1_dr2
134640806268005264,80.62670146599,22.20385864304,13.161,II/389/ps1_dr2
134650805573106856,80.55719129327,22.21347028905,12.699,II/389/ps1_dr2
134620804872106725,80.48707497,22.18853101,13.1992,II/389/ps1_dr2
134620804874137217,80.48742487152,22.18889308272,12.239,II/389/ps1_dr2
134610804872039344,80.48722745232,22.18233989482,14.838,II/389/ps1_dr2
134620804720158828,80.47194437257,22.19019767617,13.161,II/389/ps1_dr2
134650804455392921,80.44551652275,22.21032525099,13.7264,II/389/ps1_dr2
134670805286134836,80.52859120832,22.22852834611,13.309,II/389/ps1_dr2
134740805134269301,80.51336974,22.29068241,12.777,II/389/ps1_dr2
134740805128998986,80.51292675,22.29037135,13.4116,II/389/ps1_dr2
134770805266140856,80.52664331295,22.30860539148,14.0945,II/389/ps1_dr2
134470808708794543,80.87089787728,22.06163536534,13.8638,II/389/ps1_dr2
134520808906197668,80.89065294847,22.10590208454,13.178,II/389/ps1_dr2
134510808117362629,80.81175827892,22.09339723611,14.8653,II/389/ps1_dr2
134510807871253500,80.78716747314,22.09412678919,14.22,II/389/ps1_dr2
134580808541274723,80.85414705917,22.15345285026,14.4784,II/389/ps1_dr2
134640810149874407,81.01502999636,22.2031947635,12.814,II/389/ps1_dr2
134650809976784022,80.99772297529,22.21120626011,13.9607,II/389/ps1_dr2
134590809065888396,80.90657837387,22.16487807394,14.1291,II/389/ps1_dr2
134640809685746940,80.96862504523,22.20529036969,13.8528,II/389/ps1_dr2
134690809708921588,80.97093751037,22.24251021778,14.6182,II/389/ps1_dr2
134530807668254498,80.7668475447,22.11158524408,14.5684,II/389/ps1_dr2
134540807834667776,80.78350459203,22.12267014723,13.9265,II/389/ps1_dr2
134620808035552785,80.80355470084,22.18518261431,13.6014,II/389/ps1_dr2
134610807264960831,80.72660167,22.1753128,12.017,II/389/ps1_dr2
134610807269190713,80.72698029,22.17512613,13.9956,II/389/ps1_dr2
134610807268321272,80.72679026,22.17554205,13.1831,II/389/ps1_dr2
134630807426245904,80.74256758193,22.19615332699,14.3541,II/389/ps1_dr2
134610807536871692,80.75384938,22.17591312,13.2643,II/389/ps1_dr2
134610807540331907,80.75402253,22.17599113,11.3306,II/389/ps1_dr2
134610807542822146,80.75453375,22.17597415,12.2508,II/389/ps1_dr2
134650808673869119,80.86727082,22.21539755,12.383,II/389/ps1_dr2
134700809306854659,80.93073710992,22.25339835078,12.97,II/389/ps1_dr2
134710809301624782,80.93019729485,22.26183639596,12.777,II/389/ps1_dr2
134740808342091983,80.83424712614,22.28452667363,12.467,II/389/ps1_dr2
134780808504305391,80.85046722931,22.32070846278,13.432,II/389/ps1_dr2
134760810804946293,81.08058303,22.30488174,14.746,II/389/ps1_dr2
134670809911708999,80.99120985252,22.23202595717,14.9285,II/389/ps1_dr2
134840811446175185,81.14463323799,22.37050710311,14.6712,II/389/ps1_dr2
134790809623187616,80.96234234881,22.33085847957,14.5934,II/389/ps1_dr2
134800809901476503,80.99018424562,22.33827002487,14.5303,II/389/ps1_dr2
134810809162525369,80.91629079448,22.34568195678,14.8323,II/389/ps1_dr2
134870810370605158,81.03711736281,22.3954775276,13.432,II/389/ps1_dr2
134660806891001792,80.68913275375,22.21769172707,13.477,II/389/ps1_dr2
134670807210672216,80.7210913062,22.22636775021,14.8139,II/389/ps1_dr2
134750807228917041,80.72284723915,22.29704490547,14.1822,II/389/ps1_dr2
134760807141654424,80.71412744567,22.30319301124,14.4914,II/389/ps1_dr2
134730807781344120,80.77816958071,22.27800482748,14.8261,II/389/ps1_dr2
134770807930920819,80.79307856675,22.30857907577,14.7185,II/389/ps1_dr2
134820808177025595,80.81771799,22.35421289,12.715,II/389/ps1_dr2
134840807836900239,80.78371125238,22.3664150638,14.4651,II/389/ps1_dr2
134890807883833515,80.78839848224,22.41080965017,13.8253,II/389/ps1_dr2
134770806170777114,80.61705843468,22.31377214287,13.8065,II/389/ps1_dr2
134780805496224189,80.54958458366,22.31968909411,14.2394,II/389/ps1_dr2
134840805610325421,80.56104945773,22.37073842108,14.5491,II/389/ps1_dr2
134850806307605556,80.63070755143,22.37909913629,14.6307,II/389/ps1_dr2
134840807073363533,80.70736151673,22.36913832856,12.949,II/389/ps1_dr2
134880806788939006,80.67879336088,22.40698265787,13.267,II/389/ps1_dr2
134970806743769095,80.67437099371,22.48213639262,14.7493,II/389/ps1_dr2
134880808410228749,80.84104991405,22.4068376019,14.368,II/389/ps1_dr2
134900809218372705,80.92189638261,22.41845237675,12.482,II/389/ps1_dr2
134930808792906922,80.87933076366,22.44697712989,14.865,II/389/ps1_dr2
134980808644418745,80.86447622904,22.49017098224,14.9113,II/389/ps1_dr2
134990809023311957,80.90234416464,22.49282924917,13.258,II/389/ps1_dr2
134990809023023483,80.90233290544,22.49412631704,12.805,II/389/ps1_dr2
135040809336698566,80.93370613198,22.54000796933,14.1178,II/389/ps1_dr2
134940807785071627,80.77848744291,22.45089231413,13.7923,II/389/ps1_dr2
134970807840275415,80.78403402,22.47910191,11.63,II/389/ps1_dr2
134990807619415230,80.76195306471,22.49558799986,14.9637,II/389/ps1_dr2
134990808452007082,80.84523030102,22.4971241218,14.7813,II/389/ps1_dr2
135080807822334024,80.78192356,22.56948793,13.174,II/389/ps1_dr2
135030808633641468,80.8633997491,22.5257669221,14.1221,II/389/ps1_dr2
135050808458955087,80.84591432936,22.54545631587,14.7575,II/389/ps1_dr2
135050808462025336,80.8459793,22.54560696,14.7655,II/389/ps1_dr2
135100808735696456,80.87357767515,22.58825033425,12.814,II/389/ps1_dr2
135060808086536949,80.8086690895,22.55534830669,14.6056,II/389/ps1_dr2
135070808051747353,80.80519841296,22.56402288212,14.1976,II/389/ps1_dr2
133940796715440687,79.67151902221,21.61681497469,14.4933,II/389/ps1_dr2
133920796870674525,79.68704298836,21.6033471576,14.9558,II/389/ps1_dr2
133970795939109821,79.59388657953,21.64942845388,14.7849,II/389/ps1_dr2
133990795973855987,79.59718704493,21.66283461651,13.5164,II/389/ps1_dr2
133990795970795872,79.59718416631,21.66283729973,13.5292,II/389/ps1_dr2
134040797884719312,79.78862551,21.70733176,14.3523,II/389/ps1_dr2
134040797890139372,79.7890271,21.70743558,9.3915,II/389/ps1_dr2
134040797893119591,79.789154,21.70752,9.159,II/389/ps1_dr2
134040797896529475,79.78960678,21.70731899,12.7269,II/389/ps1_dr2
134110797180195974,79.71796194933,21.76289244959,14.1572,II/389/ps1_dr2
133960795561568575,79.55618226047,21.64002789711,13.8258,II/389/ps1_dr2
134010795525841749,79.55255004762,21.67604701223,14.9075,II/389/ps1_dr2
134060796350648388,79.63503454401,21.72322717814,14.8108,II/389/ps1_dr2
134090796504673073,79.6504327383,21.74381266303,14.9855,II/389/ps1_dr2
134050798111466301,79.8111155802,21.71311583267,13.6787,II/389/ps1_dr2
134100798320841430,79.83199182,21.75037683,10.8264,II/389/ps1_dr2
134100798324291751,79.83238147,21.75089195,10.5077,II/389/ps1_dr2
134110798660461781,79.8659594864,21.75935254855,13.6709,II/389/ps1_dr2
134160798508708508,79.8507541651,21.80660866767,13.9046,II/389/ps1_dr2
134150797481231498,79.74808302143,21.79230391178,13.064,II/389/ps1_dr2
134200798850508260,79.88497884187,21.83982288394,14.4649,II/389/ps1_dr2
134200799273382911,79.9272643833,21.83531105098,13.9704,II/389/ps1_dr2
134190797520107856,79.75192725189,21.83111504016,14.5223,II/389/ps1_dr2
134190797549187858,79.75486756918,21.83111152609,14.9033,II/389/ps1_dr2
134240797781674664,79.77812269419,21.87013863234,14.9872,II/389/ps1_dr2
134250798074307485,79.80741697684,21.88076460408,14.404,II/389/ps1_dr2
134250798035219603,79.80344402774,21.88243279816,14.4903,II/389/ps1_dr2
134340800130530548,80.0129758084,21.94999875962,13.286,II/389/ps1_dr2
134350799673983271,79.96736002843,21.96061287918,14.5951,II/389/ps1_dr2
134420799873610883,79.98730474461,22.01695367903,13.463,II/389/ps1_dr2
134380800750398579,80.07500363229,21.99004173282,14.5628,II/389/ps1_dr2
134410800951389893,80.09509497778,22.01612219452,12.324,II/389/ps1_dr2
134450801256350915,80.12559451058,22.04196776886,13.7985,II/389/ps1_dr2
134530802077969999,80.20770599514,22.11618156673,14.4921,II/389/ps1_dr2
134640803301373143,80.33012145444,22.20216571206,14.9522,II/389/ps1_dr2
134640803329398549,80.33283728135,22.20665914475,14.435,II/389/ps1_dr2
134640803539019930,80.35395665678,22.20793254654,12.878,II/389/ps1_dr2
134810804179907392,80.41800518485,22.34735191446,14.9654,II/389/ps1_dr2
134850805171463657,80.51715234654,22.37758533312,14.0142,II/389/ps1_dr2
134900805483602245,80.54831656719,22.41806357539,14.4468,II/389/ps1_dr2
134880805494336169,80.54941298624,22.40467152416,13.9331,II/389/ps1_dr2
134910805710895093,80.57110988822,22.42880504014,14.5546,II/389/ps1_dr2
134870804661331613,80.46615341825,22.39256903273,14.233,II/389/ps1_dr2
134870804732536118,80.47327431525,22.39629779155,13.9208,II/389/ps1_dr2
135000806253173464,80.62517403453,22.50237742894,13.7803,II/389/ps1_dr2
135120807657269294,80.7657436659,22.60730428664,14.5664,II/389/ps1_dr2
135190808092306478,80.8092265206,22.66327737681,13.5896,II/389/ps1_dr2
134440815730412537,81.57301057495,22.0350489264,13.5912,II/389/ps1_dr2
134450815796026956,81.57960116253,22.04700661056,13.601,II/389/ps1_dr2
134460815385910434,81.53857956202,22.04991355117,14.3533,II/389/ps1_dr2
134510816093231520,81.60932329824,22.09247788432,14.7051,II/389/ps1_dr2
134540816263731556,81.62637081283,22.11750696292,14.4339,II/389/ps1_dr2
134520815797331708,81.57972978929,22.1009674354,14.8293,II/389/ps1_dr2
134530815220509593,81.52203669026,22.11586272448,13.6252,II/389/ps1_dr2
134570816345730036,81.63456364067,22.14123484346,14.4373,II/389/ps1_dr2
134580816510975112,81.65106800806,22.15377477191,13.371,II/389/ps1_dr2
134600816380084583,81.63800232114,22.17003432901,12.329,II/389/ps1_dr2
134610816505227441,81.65050461832,22.1807217156,14.2659,II/389/ps1_dr2
134610816937134560,81.69363264097,22.17836986294,13.463,II/389/ps1_dr2
134620817293751625,81.72935798055,22.18421610441,14.6134,II/389/ps1_dr2
134590816025435696,81.6025365841,22.16261836294,14.7751,II/389/ps1_dr2
134610816212481556,81.62124062196,22.1758295671,14.4008,II/389/ps1_dr2
134680816324793349,81.63247490667,22.23564142088,14.1851,II/389/ps1_dr2
134680816479561225,81.64794458918,22.23388581984,14.8004,II/389/ps1_dr2
134630815205637391,81.52054679399,22.19735102165,13.7552,II/389/ps1_dr2
134620814241992091,81.42413128,22.18460991,11.6116,II/389/ps1_dr2
134620814242571744,81.42421117,22.18435489,13.5718,II/389/ps1_dr2
134620814238872064,81.42378857,22.18443516,11.0859,II/389/ps1_dr2
134620814238371446,81.42377624,22.18421578,11.2238,II/389/ps1_dr2
134630814379602526,81.43794596765,22.19330008985,14.9853,II/389/ps1_dr2
134650815003104801,81.50027913977,22.2118275759,13.8849,II/389/ps1_dr2
134680815812055468,81.58119687177,22.23742035131,14.9112,II/389/ps1_dr2
134720815849595453,81.58495920749,22.27073902096,13.9285,II/389/ps1_dr2
134710814843636261,81.48435403769,22.26307752137,14.624,II/389/ps1_dr2
134720814948662512,81.4948577317,22.26829398442,13.5986,II/389/ps1_dr2
134710815040617991,81.50406054174,22.26452806517,13.9125,II/389/ps1_dr2
134770815404348474,81.54042405484,22.314930145,13.229,II/389/ps1_dr2
134680817690170185,81.76901602,22.23303025,12.979,II/389/ps1_dr2
134680817159905836,81.71596029537,22.23771576425,14.8423,II/389/ps1_dr2
134700817248433530,81.72486784323,22.25245201603,14.9768,II/389/ps1_dr2
134710817397340363,81.73972676587,22.25818001533,14.4822,II/389/ps1_dr2
134710817718483210,81.77183378843,22.26055141589,14.7035,II/389/ps1_dr2
134720817771962167,81.77711491,22.26805617,11.979,II/389/ps1_dr2
134710817563534398,81.75629915,22.2614649,13.0242,II/389/ps1_dr2
134720817477199257,81.74769268777,22.27391863131,14.7475,II/389/ps1_dr2
134680816976333031,81.69762412835,22.23538306507,13.463,II/389/ps1_dr2
134680817022394885,81.70223504188,22.23692580083,13.413,II/389/ps1_dr2
134710816870497070,81.68712157,22.26378392,13.6464,II/389/ps1_dr2
134710816872307367,81.68720830382,22.26399600434,12.347,II/389/ps1_dr2
134740817348584589,81.73476213,22.28663759,13.6248,II/389/ps1_dr2
134740817346064351,81.73458159415,22.28649991954,12.81,II/389/ps1_dr2
134760817639784845,81.76393364149,22.30357231176,13.378,II/389/ps1_dr2
134760817581780618,81.75811889449,22.30004679156,13.079,II/389/ps1_dr2
134750817173548016,81.71735861082,22.29785970914,14.2814,II/389/ps1_dr2
134760818248175673,81.82482432936,22.30427092713,14.993,II/389/ps1_dr2
134780818314548345,81.83148606232,22.32321031154,13.5882,II/389/ps1_dr2
134810819131327069,81.9132021166,22.34713362295,13.808,II/389/ps1_dr2
134810818870575610,81.88698092024,22.34583826338,12.722,II/389/ps1_dr2
134830818933416270,81.89312188419,22.36322914276,12.9733,II/389/ps1_dr2
134800818485734723,81.84859211949,22.33682275786,13.9606,II/389/ps1_dr2
134840818571954431,81.85720341501,22.3699092599,14.7924,II/389/ps1_dr2
134780817720416721,81.77201935827,22.32181692877,14.5574,II/389/ps1_dr2
134840817882220803,81.78820627884,22.36689422526,14.0611,II/389/ps1_dr2
134820818177419493,81.81775345994,22.35745368011,13.7852,II/389/ps1_dr2
134830818407673988,81.84075974285,22.36120617711,14.832,II/389/ps1_dr2
134870818457836314,81.84583833544,22.39649769737,13.097,II/389/ps1_dr2
134780816555297929,81.65553477351,22.32280596213,14.4846,II/389/ps1_dr2
134780816556258371,81.65561861522,22.32322075113,12.949,II/389/ps1_dr2
134790816419228858,81.64191569973,22.33190620867,14.7088,II/389/ps1_dr2
134780816458123854,81.64580823953,22.31937859064,13.7402,II/389/ps1_dr2
134790817084606465,81.70846935727,22.32990450088,14.3881,II/389/ps1_dr2
134800817048687009,81.70496756,22.3388435,11.6967,II/389/ps1_dr2
134800817051297482,81.70503658,22.33914862,11.357,II/389/ps1_dr2
134800817052957847,81.70526148,22.33921239,12.1654,II/389/ps1_dr2
134840817016316896,81.70161789624,22.37193543324,13.7633,II/389/ps1_dr2
134790816026819436,81.60267279132,22.33239347068,14.8914,II/389/ps1_dr2
134820815973509657,81.59734920538,22.35757540762,14.7919,II/389/ps1_dr2
134820816017044554,81.60169790661,22.35332628486,14.0634,II/389/ps1_dr2
134850816001537914,81.6001475962,22.38112050838,14.5753,II/389/ps1_dr2
134840816492113751,81.6491985634,22.3693087738,14.9065,II/389/ps1_dr2
134860816604119510,81.66043110842,22.39075972014,14.6509,II/389/ps1_dr2
134860817582316186,81.75824428476,22.38800977367,13.204,II/389/ps1_dr2
134870817554701656,81.75536855,22.39254004,14.6099,II/389/ps1_dr2
134870817557721951,81.75603011,22.3928086,11.7148,II/389/ps1_dr2
134870817560141618,81.75607196,22.39250479,10.3721,II/389/ps1_dr2
134880817168580324,81.71684905106,22.39979481666,13.8837,II/389/ps1_dr2
134860817032191686,81.70321039834,22.38426442891,14.7023,II/389/ps1_dr2
134900818089374497,81.80892860828,22.41996309339,14.7694,II/389/ps1_dr2
134910817820318836,81.78204254502,22.43189705602,14.1876,II/389/ps1_dr2
134930817694850680,81.76950713869,22.4417710774,14.882,II/389/ps1_dr2
134920817875459600,81.78759994735,22.44088774256,13.6611,II/389/ps1_dr2
134940817788336400,81.77883720621,22.45486704786,14.3361,II/389/ps1_dr2
134930817017087243,81.7017169041,22.44722671401,12.706,II/389/ps1_dr2
134930817029038155,81.70290214532,22.44798731378,13.111,II/389/ps1_dr2
134940817528465495,81.75286383147,22.45410688554,14.4688,II/389/ps1_dr2
134970817653765672,81.76537238723,22.47925286045,14.3319,II/389/ps1_dr2
134980817215912026,81.72158621619,22.48453821522,12.706,II/389/ps1_dr2
134690814178633573,81.41784740256,22.24418633088,13.9997,II/389/ps1_dr2
134730813685154070,81.36851896412,22.27791089397,14.4762,II/389/ps1_dr2
134770814930541491,81.49305201878,22.30911189225,14.99,II/389/ps1_dr2
134840814320194375,81.43202369669,22.36985182037,14.9791,II/389/ps1_dr2
134870814755370258,81.47554827,22.39140321,12.312,II/389/ps1_dr2
134730812952588018,81.29524888376,22.2811990384,13.4767,II/389/ps1_dr2
134750812691066558,81.26907300206,22.29667738415,14.8119,II/389/ps1_dr2
134780813112393308,81.31121355218,22.31897653346,14.2723,II/389/ps1_dr2
134790813300228315,81.33001706837,22.33146792516,14.0318,II/389/ps1_dr2
134820813167534122,81.31674633852,22.35297373396,13.9332,II/389/ps1_dr2
134790812649758873,81.26496006779,22.33193982373,14.9801,II/389/ps1_dr2
134810812401393962,81.24011000782,22.34452573462,14.1736,II/389/ps1_dr2
134870813137139064,81.31371074626,22.39876020278,14.8335,II/389/ps1_dr2
134850812839785238,81.28397201503,22.3788949625,14.0282,II/389/ps1_dr2
134860814222737012,81.42227975383,22.3887177316,14.9248,II/389/ps1_dr2
134860813519201632,81.35191281196,22.38424773783,14.7626,II/389/ps1_dr2
134890813804314050,81.38043716884,22.41125741401,12.987,II/389/ps1_dr2
134920813407122804,81.34071536446,22.43519256495,14.8214,II/389/ps1_dr2
134980813687980119,81.36879617872,22.48297070943,13.5689,II/389/ps1_dr2
134980813940094369,81.39401504999,22.48651567694,14.2807,II/389/ps1_dr2
134870815955900430,81.59556085,22.39157321,12.842,II/389/ps1_dr2
134870815956240791,81.59581645,22.39186035,12.8211,II/389/ps1_dr2
134890816185929098,81.61858524376,22.41543178881,14.1625,II/389/ps1_dr2
134910816340163660,81.6340265074,22.42757293621,14.9949,II/389/ps1_dr2
134890815116511583,81.51165264832,22.40919299182,14.9203,II/389/ps1_dr2
134940815200701014,81.52007524186,22.45037560221,13.702,II/389/ps1_dr2
134940815503041386,81.55030707587,22.45068550534,14.9623,II/389/ps1_dr2
134960816329669820,81.6329697306,22.47436301585,14.5208,II/389/ps1_dr2
134960816362121967,81.63622808527,22.46781528773,13.446,II/389/ps1_dr2
134960816417139795,81.64171224978,22.47433928982,12.989,II/389/ps1_dr2
134980816340714473,81.63407906966,22.48657601202,14.3343,II/389/ps1_dr2
134980816704497783,81.67045787755,22.48933257188,14.9001,II/389/ps1_dr2
134990817171650756,81.71717404387,22.49181792195,14.7182,II/389/ps1_dr2
135000816783084716,81.67832323307,22.50344856381,13.7125,II/389/ps1_dr2
134990816283724582,81.62853419,22.49500679,11.5709,II/389/ps1_dr2
134990816286094896,81.62844325,22.4952293,11.189,II/389/ps1_dr2
134990816286095246,81.62862529,22.49555821,11.6856,II/389/ps1_dr2
135020815886102831,81.58863225809,22.51854755008,14.6192,II/389/ps1_dr2
135030816597398696,81.65975006966,22.53176062088,12.92,II/389/ps1_dr2
135030816594744946,81.65947190866,22.5286412814,12.934,II/389/ps1_dr2
135060816809431097,81.68085097,22.55043245,10.928,II/389/ps1_dr2
135060816806730808,81.68073294,22.5499475,11.4014,II/389/ps1_dr2
134940814627597415,81.46275927751,22.45571974206,13.9353,II/389/ps1_dr2
134950814596803757,81.4596585735,22.4609274434,14.8681,II/389/ps1_dr2
134940814610569599,81.4610560272,22.45754026636,14.3909,II/389/ps1_dr2
135010814955901620,81.49559300043,22.50921288645,14.0189,II/389/ps1_dr2
135000814463261324,81.44631990146,22.50064403281,12.85,II/389/ps1_dr2
135000814107779671,81.41076374324,22.50759467846,12.307,II/389/ps1_dr2
135010814307374570,81.43073809237,22.51168176173,13.8868,II/389/ps1_dr2
135010814309794778,81.43073522,22.51169663,13.9019,II/389/ps1_dr2
135060814963538730,81.49636238195,22.55679957026,13.25,II/389/ps1_dr2
135060814911610118,81.49117044753,22.54964297423,14.796,II/389/ps1_dr2
135070815621985434,81.56222370791,22.56239101056,12.51,II/389/ps1_dr2
135090816120947315,81.61210761282,22.58061716141,14.4898,II/389/ps1_dr2
135100815199571766,81.51997310231,22.58434012193,12.935,II/389/ps1_dr2
135090815158212562,81.51582833851,22.57667404432,14.8687,II/389/ps1_dr2
135140815587469889,81.55875076547,22.62444062442,13.5639,II/389/ps1_dr2
135150815484785267,81.54849322255,22.62892928684,14.8876,II/389/ps1_dr2
134870818953927510,81.89542711279,22.39748556663,12.39,II/389/ps1_dr2
134880818989756027,81.89898705201,22.40457650881,14.9401,II/389/ps1_dr2
134920819302342747,81.93020806,22.43530744,12.2906,II/389/ps1_dr2
134920819303973277,81.930505,22.43557376,11.059,II/389/ps1_dr2
134920819308842957,81.93096534,22.43532679,11.7556,II/389/ps1_dr2
134910818787637185,81.87877714924,22.4305439086,14.3123,II/389/ps1_dr2
134920818543202347,81.85447823634,22.43492061385,12.694,II/389/ps1_dr2
134900818379183800,81.83793198,22.41939302,12.4324,II/389/ps1_dr2
134900818381374182,81.83818922,22.41963086,12.791,II/389/ps1_dr2
134910818654979201,81.86550810177,22.43222337687,14.4707,II/389/ps1_dr2
134970818936830178,81.89367543,22.47472959,12.501,II/389/ps1_dr2
134910819990957586,81.99911659688,22.43086337364,14.9288,II/389/ps1_dr2
134940820315089332,82.03151944318,22.45730925422,14.8438,II/389/ps1_dr2
134970820253873148,82.02540915484,22.4771636749,14.9879,II/389/ps1_dr2
134960819939204847,81.99395782329,22.47025449637,14.8416,II/389/ps1_dr2
134970820012903721,82.00142469,22.47759774,12.232,II/389/ps1_dr2
134970820017473776,82.00171164,22.4776961,12.3065,II/389/ps1_dr2
134970820444760049,82.04469854111,22.47460568647,13.3761,II/389/ps1_dr2
135010820713406470,82.0713796793,22.51326801047,14.3345,II/389/ps1_dr2
135000820664385636,82.06654958732,22.50428256463,13.4731,II/389/ps1_dr2
135000820260577286,82.0260779904,22.50561248827,14.5979,II/389/ps1_dr2
134990819588709191,81.95887889019,22.49888012657,14.0158,II/389/ps1_dr2
135010819263223636,81.92635309736,22.51091037972,13.369,II/389/ps1_dr2
135010819212211659,81.92125518323,22.50927079817,14.4685,II/389/ps1_dr2
135020819944572338,81.99447293486,22.51815696592,13.8732,II/389/ps1_dr2
135010819996473635,81.99970638836,22.51089707552,13.7921,II/389/ps1_dr2
135050820317881037,82.03181423821,22.54206309039,14.9688,II/389/ps1_dr2
135050820102161566,82.01026220403,22.54250600133,13.7489,II/389/ps1_dr2
135070819822977661,81.98227875998,22.56426009176,13.491,II/389/ps1_dr2
135050819827049272,81.98270973271,22.5489216192,14.2135,II/389/ps1_dr2
135070819822468066,81.98234815,22.56440396,13.6083,II/389/ps1_dr2
134980818123313214,81.81233590117,22.48556008059,14.877,II/389/ps1_dr2
134990818930443673,81.89306017084,22.49428291812,14.5576,II/389/ps1_dr2
135000818921843307,81.89224702777,22.50231747512,14.5656,II/389/ps1_dr2
134990818543527878,81.85436493602,22.49778504813,13.6886,II/389/ps1_dr2
135000817849485590,81.78495291075,22.50419746293,14.7068,II/389/ps1_dr2
134990817524459464,81.75246486944,22.49908360464,14.1748,II/389/ps1_dr2
135040818305300789,81.8307473556,22.53363564964,14.1921,II/389/ps1_dr2
135050818643747367,81.8644092926,22.54732015488,13.5148,II/389/ps1_dr2
135020819192854269,81.91936584325,22.51980837383,13.479,II/389/ps1_dr2
135030818894559604,81.88945658975,22.53255780128,12.927,II/389/ps1_dr2
135120819442765122,81.94431901583,22.6038122625,14.3172,II/389/ps1_dr2
135080818775831096,81.87762065062,22.56711815668,14.7877,II/389/ps1_dr2
135120818894545012,81.88948753612,22.60373079174,14.5086,II/389/ps1_dr2
135110818609343609,81.86096655566,22.59422880287,14.7493,II/389/ps1_dr2
135180819146709318,81.91471082055,22.65729777859,13.494,II/389/ps1_dr2
135020820867092061,82.08670947,22.51789108,11.774,II/389/ps1_dr2
135070821089188684,82.10893779949,22.56511568151,14.7722,II/389/ps1_dr2
135050820775751553,82.0775995349,22.54249924538,14.9802,II/389/ps1_dr2
135070820794223985,82.07944408483,22.56117471954,14.9831,II/389/ps1_dr2
135100821495350137,82.14955793135,22.58298213155,14.841,II/389/ps1_dr2
135100821003635902,82.10038771079,22.5877686144,14.9916,II/389/ps1_dr2
135150820647385632,82.06476517472,22.62919745767,14.8418,II/389/ps1_dr2
135100821769698948,82.17702888974,22.5903344503,12.942,II/389/ps1_dr2
135170821597075416,82.15974818725,22.64572354845,11.859,II/389/ps1_dr2
135190822084294183,82.20847252404,22.66131957155,14.1319,II/389/ps1_dr2
135230822249947024,82.22501796881,22.69704413354,14.8433,II/389/ps1_dr2
135240822281875256,82.22791899,22.7039881,10.0417,II/389/ps1_dr2
135240822278765500,82.22771586,22.70441788,10.166,II/389/ps1_dr2
135200821375661026,82.13760479207,22.66703651853,13.6723,II/389/ps1_dr2
135230822051527966,82.20519535536,22.69783438484,14.7506,II/389/ps1_dr2
135160820152908530,82.01533784944,22.63996641078,14.3953,II/389/ps1_dr2
135130819805553306,81.98060159796,22.61061809346,13.6653,II/389/ps1_dr2
135180819990462111,81.99909204284,22.65128642067,13.7446,II/389/ps1_dr2
135200820643628920,82.06440975709,22.67360739808,14.0186,II/389/ps1_dr2
135180820207313656,82.02074600885,22.65256185629,13.9518,II/389/ps1_dr2
135210820249270447,82.02495667801,22.67489407421,14.0932,II/389/ps1_dr2
135200820072530260,82.00729333262,22.66640087183,14.6083,II/389/ps1_dr2
135190820274828496,82.02755613,22.66491383,13.6561,II/389/ps1_dr2
135190820276288041,82.02764809351,22.66457120101,12.215,II/389/ps1_dr2
135160819524906364,81.95253777809,22.63817947508,14.9892,II/389/ps1_dr2
135200819359260014,81.93585080143,22.66614131697,12.302,II/389/ps1_dr2
135190819354919940,81.93553134,22.66604999,12.5358,II/389/ps1_dr2
135300821344936118,82.13453630024,22.75462500436,13.5792,II/389/ps1_dr2
135320821291838383,82.12922153918,22.77319047237,14.6381,II/389/ps1_dr2
135290820394566047,82.03951888597,22.74619749141,13.1136,II/389/ps1_dr2
135290820397076272,82.03975126,22.74643983,13.1554,II/389/ps1_dr2
135290820275924492,82.02761055906,22.74491919744,12.67,II/389/ps1_dr2
135320820462211116,82.04616121458,22.76707231979,12.927,II/389/ps1_dr2
135320820462941589,82.04632455,22.76751863,13.014,II/389/ps1_dr2
135330820973602897,82.09739525136,22.77695455318,14.9929,II/389/ps1_dr2
135360821192242090,82.11925553712,22.80128384269,14.6391,II/389/ps1_dr2
135350820618437759,82.06186801582,22.79767465882,14.8836,II/389/ps1_dr2
135090817936080654,81.79363734561,22.57509219546,14.5608,II/389/ps1_dr2
135110817947232869,81.79475128464,22.59360804067,14.4555,II/389/ps1_dr2
135140817779169808,81.77793712058,22.62440243071,14.2841,II/389/ps1_dr2
135140817860828877,81.78624660517,22.62366501114,13.4404,II/389/ps1_dr2
135090817155232282,81.71553170004,22.57641239307,14.4603,II/389/ps1_dr2
135130816892319408,81.68924666658,22.6156924153,13.7781,II/389/ps1_dr2
135120817058506819,81.70587134478,22.60520047152,13.7405,II/389/ps1_dr2
135150817084736461,81.70848938892,22.62990733824,14.6328,II/389/ps1_dr2
135180817397889450,81.73981215764,22.65740320553,13.9274,II/389/ps1_dr2
135200818675300141,81.86756804544,22.66633083688,14.8674,II/389/ps1_dr2
135200819085558820,81.90861294459,22.67355761741,14.7836,II/389/ps1_dr2
135240818646390944,81.86464704998,22.70030487535,13.4561,II/389/ps1_dr2
135160817898379839,81.78987843985,22.64107640623,14.3054,II/389/ps1_dr2
135200817714822410,81.77151422909,22.66821052128,14.3919,II/389/ps1_dr2
135250818577857386,81.85775963982,22.71398952186,12.399,II/389/ps1_dr2
135280818109761308,81.81101765966,22.73396242977,13.7721,II/389/ps1_dr2
135150816832095245,81.68324169767,22.62890744428,13.8408,II/389/ps1_dr2
135160816716557866,81.67168176444,22.63941771773,14.6252,II/389/ps1_dr2
135180816582408091,81.65826194214,22.65627518746,14.8429,II/389/ps1_dr2
135200815888009745,81.58883003732,22.67428272401,13.036,II/389/ps1_dr2
135220816182362751,81.61848707,22.68534713,12.0715,II/389/ps1_dr2
135220816184443016,81.61832576,22.68536307,12.178,II/389/ps1_dr2
135270817678323889,81.76788446779,22.72777714656,14.5815,II/389/ps1_dr2
135290817811232405,81.78115287848,22.7432046742,14.6564,II/389/ps1_dr2
135260817870040466,81.78705249451,22.71659341893,14.7427,II/389/ps1_dr2
135310817889973148,81.78878336,22.76018165,11.741,II/389/ps1_dr2
135260816852762869,81.68530277568,22.71858326913,14.9189,II/389/ps1_dr2
135300817345431540,81.7345215,22.75079191,11.366,II/389/ps1_dr2
135350817776161942,81.77764723336,22.79280735981,13.125,II/389/ps1_dr2
135340817120725419,81.71234666,22.78750462,13.601,II/389/ps1_dr2
135340817118824777,81.71202866,22.78690639,14.8251,II/389/ps1_dr2
135380817439790071,81.74398547808,22.81625491065,13.8388,II/389/ps1_dr2
135380817481395176,81.74813664133,22.82050813351,14.0314,II/389/ps1_dr2
135230819262221991,81.92626487506,22.69286869938,14.8127,II/389/ps1_dr2
135230819278099888,81.92785571087,22.69945502207,14.231,II/389/ps1_dr2
135240819005101345,81.90055111876,22.70066545583,14.5234,II/389/ps1_dr2
135240819001022895,81.90014381038,22.70195341093,14.7549,II/389/ps1_dr2
135260819097098450,81.9097505486,22.72325178114,14.2918,II/389/ps1_dr2
135270819427978579,81.94275969821,22.73175596559,12.737,II/389/ps1_dr2
135290819874284165,81.9874579821,22.74467930752,14.31,II/389/ps1_dr2
135320819751716421,81.97519052036,22.77154648228,14.4115,II/389/ps1_dr2
135270818601932426,81.86022767835,22.72654650985,12.895,II/389/ps1_dr2
135300818740862952,81.87410967232,22.75198424615,14.0561,II/389/ps1_dr2
135340818697301949,81.86977205101,22.78449883226,14.5956,II/389/ps1_dr2
135380819178567400,81.91789539182,22.8223845373,14.6799,II/389/ps1_dr2
135370819101410793,81.91006929,22.80846373,11.967,II/389/ps1_dr2
135330819883969249,81.98843485,22.78230217,12.647,II/389/ps1_dr2
135330819693467925,81.96919345,22.78099039,11.437,II/389/ps1_dr2
135330819694928233,81.96944977,22.78117805,12.1938,II/389/ps1_dr2
135400820827860905,82.08281471516,22.83362425337,13.272,II/389/ps1_dr2
135390820600590489,82.06021191,22.82477549,11.314,II/389/ps1_dr2
135390820600270057,82.05995433,22.82467027,11.8123,II/389/ps1_dr2
135390820087893069,82.00884779994,22.82710910823,14.5421,II/389/ps1_dr2
135430820543843166,82.05444035244,22.86052254836,14.1978,II/389/ps1_dr2
135390819266549816,81.92672219862,22.8326958313,14.7294,II/389/ps1_dr2
135420819498807822,81.94993766959,22.85608095505,14.8809,II/389/ps1_dr2
135430819562685216,81.95634921631,22.86222477497,12.159,II/389/ps1_dr2
135430819565525430,81.95651305,22.86239139,12.3302,II/389/ps1_dr2
135370818416205464,81.84165188184,22.81241989361,14.7577,II/389/ps1_dr2
135400818340044219,81.83403761285,22.83639498266,14.1563,II/389/ps1_dr2
135400818023037672,81.80232223923,22.83926625819,14.8028,II/389/ps1_dr2
135450818568705295,81.85690578389,22.87896307801,14.6275,II/389/ps1_dr2
135440819166356206,81.91667053793,22.87137991492,14.3205,II/389/ps1_dr2
135430819393598081,81.93940820776,22.86462073001,14.9482,II/389/ps1_dr2
135430818870716752,81.8871089373,22.86351541808,14.4851,II/389/ps1_dr2
135470818966524394,81.89668351015,22.89492064814,14.2115,II/389/ps1_dr2
135460818574162096,81.85745466147,22.88462471631,13.439,II/389/ps1_dr2
135520818502510771,81.85028265597,22.93354740991,12.708,II/389/ps1_dr2
135520818506351067,81.85032664,22.93359992,12.6351,II/389/ps1_dr2
135530818987605004,81.89880548,22.94536771,12.055,II/389/ps1_dr2
135530818984544970,81.89863378,22.9453168,12.7111,II/389/ps1_dr2
135530818976375248,81.89766829668,22.94557831726,14.2312,II/389/ps1_dr2
135570819196797134,81.91971294305,22.98047398847,14.5932,II/389/ps1_dr2
135560819295215592,81.92953821892,22.97085207623,14.971,II/389/ps1_dr2
134850812284041485,81.22842674316,22.37576244535,14.9592,II/389/ps1_dr2
134850812419876340,81.2420060895,22.37981288072,14.9567,II/389/ps1_dr2
134920811890878186,81.18912910763,22.43968461235,14.9569,II/389/ps1_dr2
134960811858438500,81.18590600389,22.47327604299,13.9966,II/389/ps1_dr2
135090812960312065,81.29603728823,22.57624646368,14.9945,II/389/ps1_dr2
134960811261462049,81.12615074005,22.46789122548,14.4844,II/389/ps1_dr2
135010811544234061,81.15442590001,22.51123818765,13.6904,II/389/ps1_dr2
134960810807498190,81.08077207277,22.47301243172,14.2709,II/389/ps1_dr2
134980810642980555,81.06432045176,22.48324622164,14.3136,II/389/ps1_dr2
135010810880270506,81.08804403866,22.50825631913,13.9936,II/389/ps1_dr2
135050810947304376,81.09474042371,22.54483566842,14.1595,II/389/ps1_dr2
135110812486034119,81.24860885919,22.59462597131,14.6072,II/389/ps1_dr2
135030813721128364,81.37211383892,22.53149968007,13.034,II/389/ps1_dr2
135130814316633620,81.43167610152,22.61088645104,14.7722,II/389/ps1_dr2
135120813776984373,81.37771420329,22.60317514297,14.3983,II/389/ps1_dr2
135160813847789325,81.38478130701,22.64064686715,13.269,II/389/ps1_dr2
135170813900741583,81.39010049936,22.64252738157,13.112,II/389/ps1_dr2
135160813788788683,81.37889396653,22.64010835396,13.9267,II/389/ps1_dr2
135160813873706028,81.38737996211,22.63789588399,13.9539,II/389/ps1_dr2
135190814920427571,81.4920583215,22.66417723834,13.9802,II/389/ps1_dr2
135190814911179116,81.49114675338,22.66545046422,13.052,II/389/ps1_dr2
135210815247229196,81.524724909,22.68219734404,13.8403,II/389/ps1_dr2
135170814357243758,81.43570658319,22.64433198756,12.901,II/389/ps1_dr2
135200814196931379,81.41970421645,22.66734962939,14.35,II/389/ps1_dr2
135230814161184988,81.41612436723,22.69536314044,14.5351,II/389/ps1_dr2
135280814763026176,81.47631736725,22.73802528819,14.3985,II/389/ps1_dr2
135270814881109659,81.48813161627,22.732598884,14.8332,II/389/ps1_dr2
135290814704260312,81.47044378068,22.74147563412,14.3516,II/389/ps1_dr2
135150813317800824,81.33178160147,22.62521769161,12.392,II/389/ps1_dr2
135150813338768119,81.33388584361,22.63130480774,14.678,II/389/ps1_dr2
135150812962332999,81.29624775449,22.62703373856,14.8667,II/389/ps1_dr2
135180812921629892,81.29215994,22.65776767,10.781,II/389/ps1_dr2
135190812922370277,81.29252597,22.65801421,10.2404,II/389/ps1_dr2
135200813215549675,81.3215377084,22.67426459258,13.639,II/389/ps1_dr2
135200813067702423,81.30679346,22.66824259,12.303,II/389/ps1_dr2
135230813494931313,81.34950230719,22.69229664813,13.8512,II/389/ps1_dr2
135230812485308150,81.24853493,22.69796555,12.206,II/389/ps1_dr2
135250813386815402,81.338687731,22.71238552484,14.496,II/389/ps1_dr2
135240813221095032,81.3221117055,22.70373734499,13.5706,II/389/ps1_dr2
135250813750713272,81.37508047742,22.71059997326,13.835,II/389/ps1_dr2
135270814296482252,81.42965617994,22.72641902856,14.8639,II/389/ps1_dr2
135280813406257249,81.340638024,22.73890919383,14.4253,II/389/ps1_dr2
135330813564461802,81.35645608196,22.77602392176,13.361,II/389/ps1_dr2
135060810206462809,81.02068578963,22.55186006827,14.3221,II/389/ps1_dr2
135060809888651811,80.98889554061,22.55103377103,14.6956,II/389/ps1_dr2
135100810111742809,81.01120947505,22.58519845048,14.9694,II/389/ps1_dr2
135130811267201843,81.1267442855,22.60938559282,13.288,II/389/ps1_dr2
135240811677467316,81.16776046088,22.70561946022,14.6164,II/389/ps1_dr2
135200811100403912,81.11005548595,22.66945776668,14.6423,II/389/ps1_dr2
135190811095721280,81.10958384556,22.65892588694,13.187,II/389/ps1_dr2
135230810688778773,81.06893251558,22.69852381344,14.7549,II/389/ps1_dr2
135210810386875763,81.03865658534,22.67935279688,14.4865,II/389/ps1_dr2
135310810498996888,81.04993188663,22.76361208837,14.4496,II/389/ps1_dr2
135290809786013244,80.97863912591,22.74391670633,14.8426,II/389/ps1_dr2
135240811977968095,81.19780205937,22.70627068892,14.6194,II/389/ps1_dr2
135270812276349217,81.22762534404,22.73225784196,14.2765,II/389/ps1_dr2
135330812409910225,81.24099665453,22.77472157082,13.9571,II/389/ps1_dr2
135280811450316080,81.14505296256,22.73794024765,14.9488,II/389/ps1_dr2
135360813172539476,81.31725324181,22.80737558112,14.226,II/389/ps1_dr2
135360813038071807,81.30382705195,22.80103697501,14.4617,II/389/ps1_dr2
135390812386344920,81.23866786897,22.82861035157,14.3324,II/389/ps1_dr2
135390812140026534,81.21400893823,22.82997375881,13.6409,II/389/ps1_dr2
135400812976270517,81.29764917,22.83324356,12.583,II/389/ps1_dr2
135420812812425492,81.28125508163,22.85410866776,14.6542,II/389/ps1_dr2
135440813017950111,81.30177245,22.86637354,12.045,II/389/ps1_dr2
135460812776567792,81.27767174332,22.88935620921,14.0002,II/389/ps1_dr2
135480812974896729,81.29747848899,22.90506912334,14.9763,II/389/ps1_dr2
135470812844322902,81.28443110885,22.89360761616,13.104,II/389/ps1_dr2
135320811111226688,81.11115261,22.77172796,13.6137,II/389/ps1_dr2
135320811110876342,81.1110973,22.77150052,12.645,II/389/ps1_dr2
135350811312700242,81.13127524084,22.79142149479,12.987,II/389/ps1_dr2
135370811683272352,81.16833749997,22.80983177719,14.613,II/389/ps1_dr2
135390811811171312,81.18113005777,22.82563363469,14.8216,II/389/ps1_dr2
135390811810231690,81.18112321542,22.82563122837,14.8182,II/389/ps1_dr2
135430811797781304,81.17979864592,22.85894633255,14.157,II/389/ps1_dr2
135370810978047063,81.09802759,22.81380702,13.8766,II/389/ps1_dr2
135370810975946790,81.09761234,22.81340479,12.0084,II/389/ps1_dr2
135370810976527362,81.09749763,22.81371098,13.4114,II/389/ps1_dr2
135420810840896852,81.08413015866,22.85527024533,14.398,II/389/ps1_dr2
135440811017947040,81.10183443634,22.87210084206,14.1744,II/389/ps1_dr2
135440811020637219,81.10184138726,22.87210423493,14.1423,II/389/ps1_dr2
135440812292679142,81.22928444731,22.87381866296,13.8458,II/389/ps1_dr2
135440812025640864,81.20255811158,22.86692844593,14.0631,II/389/ps1_dr2
135440812025281285,81.20255632929,22.86693083192,14.061,II/389/ps1_dr2
135480812826899769,81.28271102506,22.90766593539,14.1622,II/389/ps1_dr2
135560812114857093,81.21149592,22.97210599,9.6822,II/389/ps1_dr2
135560812110576622,81.21100762,22.97186638,11.2548,II/389/ps1_dr2
135230815331058082,81.5333316,22.69807158,11.567,II/389/ps1_dr2
135230815335158480,81.53326778,22.69808513,11.3485,II/389/ps1_dr2
135260816054156389,81.60543810324,22.72152414588,14.9007,II/389/ps1_dr2
135340816095254424,81.60954122994,22.78655475753,14.883,II/389/ps1_dr2
135300815129591592,81.51296065,22.75080239,12.4912,II/389/ps1_dr2
135300815132052176,81.51312527,22.75132326,11.149,II/389/ps1_dr2
135320815161666621,81.51600763,22.77193295,12.0883,II/389/ps1_dr2
135320815163137102,81.51637966,22.77204893,11.887,II/389/ps1_dr2
135320815166737040,81.51671065,22.77192641,11.9225,II/389/ps1_dr2
135340815381158420,81.53812801588,22.78988892662,14.7811,II/389/ps1_dr2
135350815381881169,81.53820406872,22.79218661067,14.4296,II/389/ps1_dr2
135340816595692062,81.65957497368,22.78457482536,14.591,II/389/ps1_dr2
135330816315520831,81.6315228836,22.775205378,13.4646,II/389/ps1_dr2
135380817059544126,81.70596405733,22.81964113196,14.5955,II/389/ps1_dr2
135380817173965201,81.71736954345,22.82052323502,14.3225,II/389/ps1_dr2
135410816864830067,81.68646806114,22.84124788058,13.7231,II/389/ps1_dr2
135370816294267698,81.62944378537,22.81429674701,14.4311,II/389/ps1_dr2
135420816163543614,81.61636510369,22.8525585008,14.0173,II/389/ps1_dr2
135430816126284580,81.6126384059,22.86168599375,14.4597,II/389/ps1_dr2
135400816596759684,81.65967644321,22.84093479416,14.8611,II/389/ps1_dr2
135440816704690966,81.67048181541,22.86700196232,14.9078,II/389/ps1_dr2
135450816840293145,81.6840351644,22.87716547232,14.9919,II/389/ps1_dr2
135440816088755156,81.60888669912,22.87050370113,14.6395,II/389/ps1_dr2
135380815276335845,81.52769942,22.82103175,13.8161,II/389/ps1_dr2
135380815278886292,81.52801586,22.821655,10.8538,II/389/ps1_dr2
135380815282136986,81.52826955,22.82198993,12.3974,II/389/ps1_dr2
135390815222961341,81.52240653,22.825883,10.6391,II/389/ps1_dr2
135390815230122409,81.5227561,22.82646323,13.5041,II/389/ps1_dr2
135390815228401867,81.52298775,22.82574708,14.2132,II/389/ps1_dr2
135380815277256919,81.5278755,22.82198086,13.9563,II/389/ps1_dr2
135390815221311763,81.52209551,22.82606614,13.9418,II/389/ps1_dr2
135390815219151317,81.5220184,22.82569927,10.7566,II/389/ps1_dr2
135380815282057974,81.52817353,22.8228377,14.8963,II/389/ps1_dr2
135380815284917252,81.52853153,22.8225375,13.6988,II/389/ps1_dr2
135380814113747774,81.41138569801,22.82267043576,14.986,II/389/ps1_dr2
135470814791624023,81.4792423343,22.89441818205,14.4105,II/389/ps1_dr2
135480814711781724,81.47116877,22.90101771,13.2886,II/389/ps1_dr2
135480814713252079,81.47125442,22.90121252,12.302,II/389/ps1_dr2
135500815890998547,81.58908132,22.92330789,12.364,II/389/ps1_dr2
135500815889388240,81.58893853,22.92307151,13.3915,II/389/ps1_dr2
135510814955863348,81.49552723284,22.9273225163,13.208,II/389/ps1_dr2
135510815312575185,81.53123365617,22.928870326,14.1607,II/389/ps1_dr2
135540815516383074,81.5516502804,22.95211888307,13.6955,II/389/ps1_dr2
135460816951708059,81.69507500132,22.88954190659,13.01,II/389/ps1_dr2
135490817304602887,81.73029445,22.91023693,12.545,II/389/ps1_dr2
135490817301202735,81.73015954,22.91017881,12.8742,II/389/ps1_dr2
135500816727357389,81.67269328,22.92236756,12.659,II/389/ps1_dr2
135550817497885724,81.74985457,22.96274768,9.753,II/389/ps1_dr2
135580818274242966,81.82743191923,22.98537542715,14.5906,II/389/ps1_dr2
135560818302583709,81.83026875178,22.96930054979,14.5689,II/389/ps1_dr2
135570818324826789,81.83249733198,22.9802026341,13.5724,II/389/ps1_dr2
135600818964507173,81.89648182576,23.00551756498,14.7204,II/389/ps1_dr2
135600817891817115,81.78926191237,23.00547739531,14.2981,II/389/ps1_dr2
135530816336507358,81.63359794084,22.94733142195,12.6,II/389/ps1_dr2
135600817173657057,81.71732918,23.00538947,11.901,II/389/ps1_dr2
135600817183308732,81.71823563,23.00679085,10.5595,II/389/ps1_dr2
135600817168927360,81.71689861,23.00568605,14.4652,II/389/ps1_dr2
135600817183508274,81.71852195,23.00642935,12.1467,II/389/ps1_dr2
135600817178398685,81.71769185,23.00685454,13.8094,II/389/ps1_dr2
135650816299887270,81.63004379,23.04726017,13.5298,II/389/ps1_dr2
135650816305527288,81.63043876,23.04716069,10.01,II/389/ps1_dr2
135650816307567010,81.63084543,23.0470036,13.6699,II/389/ps1_dr2
135650816303257009,81.63044973,23.04686593,10.4243,II/389/ps1_dr2
135650816310008526,81.6309132,23.04833078,13.1386,II/389/ps1_dr2
135660816620211315,81.66202633068,23.05065433228,14.1796,II/389/ps1_dr2
135650816627869989,81.66279456602,23.04951919307,14.397,II/389/ps1_dr2
135640817560263673,81.75600659711,23.03596832996,14.8479,II/389/ps1_dr2
135670817385077845,81.73843062,23.06433643,11.3188,II/389/ps1_dr2
135670817385947295,81.73865686,23.06398838,14.4312,II/389/ps1_dr2
135670817383067589,81.73832454,23.06416396,10.802,II/389/ps1_dr2
135660817280147689,81.72801282035,23.05592318707,14.1735,II/389/ps1_dr2
135650817316188238,81.7315557255,23.0480881776,14.1863,II/389/ps1_dr2
135670817380817250,81.73783391,23.06400784,11.1014,II/389/ps1_dr2
135660817682744031,81.76831216906,23.05292371547,14.572,II/389/ps1_dr2
135670817935917800,81.79361942161,23.0643789806,13.7945,II/389/ps1_dr2
135700817204343211,81.72045869998,23.08554030184,14.8018,II/389/ps1_dr2
135590815430969287,81.54311572244,22.99894238762,14.3562,II/389/ps1_dr2
135600815341833017,81.53418735561,23.00204273374,14.4214,II/389/ps1_dr2
135560814183244911,81.41833888834,22.97029824741,14.8057,II/389/ps1_dr2
135610814394135508,81.43943793915,23.01242896658,14.5265,II/389/ps1_dr2
135560813292728505,81.32929289295,22.97327108532,12.864,II/389/ps1_dr2
135600813562308812,81.35631464764,23.00685630503,13.6918,II/389/ps1_dr2
135590812366554794,81.23664031,22.99516805,13.5796,II/389/ps1_dr2
135590812364244497,81.23644731,22.99494934,12.154,II/389/ps1_dr2
135620812747538054,81.27477267555,23.0229120915,14.289,II/389/ps1_dr2
135610813864598924,81.38649009481,23.01526698355,14.0156,II/389/ps1_dr2
135620814022951345,81.40232414899,23.01728505548,14.5129,II/389/ps1_dr2
135610813870397755,81.38709749191,23.01426600058,13.449,II/389/ps1_dr2
135650813559895379,81.35601635582,23.04564228486,14.8475,II/389/ps1_dr2
135670814222529756,81.42227437138,23.06598328278,13.737,II/389/ps1_dr2
135650816010879138,81.60098274127,23.04878836115,12.479,II/389/ps1_dr2
135640815179793085,81.51797035628,23.03547963294,14.7349,II/389/ps1_dr2
135690815043246880,81.50434948358,23.0802514383,13.288,II/389/ps1_dr2
135700815185767347,81.51855640841,23.08886103303,12.6472,II/389/ps1_dr2
135710815122782408,81.51230487531,23.09320184682,14.7574,II/389/ps1_dr2
135730816784387329,81.67844569418,23.11398201217,14.4127,II/389/ps1_dr2
135730816159656706,81.61598006,23.11356529,13.0684,II/389/ps1_dr2
135740816158811554,81.61591232711,23.11748600777,14.7306,II/389/ps1_dr2
135730816162427197,81.61629343,23.11378805,12.762,II/389/ps1_dr2
135780816649205770,81.66494557048,23.15434083732,14.765,II/389/ps1_dr2
135750816124860547,81.61251484132,23.12498147137,14.0809,II/389/ps1_dr2
135780816143646302,81.61427318588,23.15476106535,12.704,II/389/ps1_dr2
135770815775146500,81.57752647762,23.14659240062,14.7784,II/389/ps1_dr2
135710814791776164,81.4792673122,23.09634708319,12.536,II/389/ps1_dr2
135780814752564983,81.47528017482,23.1536788253,14.9489,II/389/ps1_dr2
135840815818745311,81.58187354941,23.20397795722,14.7884,II/389/ps1_dr2
135920815835926130,81.58360775543,23.2713205836,13.331,II/389/ps1_dr2
135220822813633591,82.28140176303,22.68587936378,14.3951,II/389/ps1_dr2
135240822456156389,82.24567087606,22.70485918202,13.9912,II/389/ps1_dr2
135250822633635698,82.26339630757,22.71261275158,14.6609,II/389/ps1_dr2
135270822942748504,82.29424833,22.73162679,11.003,II/389/ps1_dr2
135280822838452458,82.28388922615,22.73492555043,14.0004,II/389/ps1_dr2
135310822802906942,82.28011084,22.76357439,12.555,II/389/ps1_dr2
135330823008359525,82.30086757,22.78248467,13.154,II/389/ps1_dr2
135270822161305276,82.21619201657,22.72890748642,14.9615,II/389/ps1_dr2
135300822476156330,82.24764215355,22.7548008883,14.5169,II/389/ps1_dr2
135290822118853329,82.21196412325,22.74400657977,14.0617,II/389/ps1_dr2
135310821968208009,82.19685741,22.76462217,13.0186,II/389/ps1_dr2
135310821964447121,82.19645401,22.76373939,10.508,II/389/ps1_dr2
135340822239613728,82.22399285567,22.78596736222,14.2606,II/389/ps1_dr2
135310822799976637,82.27988143,22.763629,13.282,II/389/ps1_dr2
135340822240358369,82.22406514168,22.78984003099,14.0967,II/389/ps1_dr2
135320823513646366,82.35138212183,22.7715306056,14.6608,II/389/ps1_dr2
135350823902000549,82.39023435,22.79165106,12.791,II/389/ps1_dr2
135420824119019688,82.41191041786,22.85762782396,13.8707,II/389/ps1_dr2
135380823176590588,82.31767171136,22.8166968727,14.9967,II/389/ps1_dr2
135420823037149172,82.30372390005,22.85719503703,14.6189,II/389/ps1_dr2
135450823727257759,82.37273238421,22.88101892534,13.7331,II/389/ps1_dr2
135440823693605823,82.36937032688,22.87104933282,14.2444,II/389/ps1_dr2
135450823893500698,82.38935538677,22.87513377563,14.7358,II/389/ps1_dr2
135470823690647618,82.36906954411,22.89758075256,14.182,II/389/ps1_dr2
135370822192018005,82.21923373489,22.81452452493,13.456,II/389/ps1_dr2
135410822241588329,82.22418388747,22.84815342375,14.0746,II/389/ps1_dr2
135370821182380513,82.11823271746,22.80828950161,14.1899,II/389/ps1_dr2
135440822149005451,82.21490792738,22.87073337125,14.2916,II/389/ps1_dr2
135430822591501218,82.25916975763,22.85888809342,14.3666,II/389/ps1_dr2
135460822645378349,82.26454767414,22.88983363241,14.3771,II/389/ps1_dr2
135460823164578770,82.31669383,22.89009343,11.109,II/389/ps1_dr2
135460823225968257,82.32259332039,22.88976192247,14.362,II/389/ps1_dr2
135460823168008803,82.31702966,22.89023381,11.4825,II/389/ps1_dr2
135450822138196932,82.21380276226,22.88028223775,13.5991,II/389/ps1_dr2
135500822292741314,82.22940504,22.91716783,11.534,II/389/ps1_dr2
135500822293130914,82.22917882,22.91671143,11.6959,II/389/ps1_dr2
135530822939756729,82.29397154785,22.94683091889,14.9944,II/389/ps1_dr2
135550822726269967,82.27262779435,22.96618409976,14.6928,II/389/ps1_dr2
135560822545554488,82.25456978929,22.96996351739,14.1426,II/389/ps1_dr2
135420824251132828,82.42512758947,22.8519142,14.4726,II/389/ps1_dr2
135420824268996992,82.42690762503,22.85538629363,14.1349,II/389/ps1_dr2
135440824292831748,82.42929945529,22.86767502859,14.8485,II/389/ps1_dr2
135460824054159539,82.40542061504,22.89083807104,14.9728,II/389/ps1_dr2
135470823946847328,82.39469078518,22.8973288549,14.5087,II/389/ps1_dr2
135480823758538988,82.37587414,22.90700941,12.022,II/389/ps1_dr2
135480823863037476,82.38634648798,22.90580309355,14.329,II/389/ps1_dr2
135510824096385536,82.40963306937,22.92915452457,13.5312,II/389/ps1_dr2
135540825653358264,82.56534686775,22.95642759449,14.5801,II/389/ps1_dr2
135550825143499085,82.51435635763,22.96544535855,14.2625,II/389/ps1_dr2
135560825212295767,82.5211913884,22.97102375018,13.3,II/389/ps1_dr2
135570825257289562,82.52573785946,22.98250886831,14.9069,II/389/ps1_dr2
135590825709050569,82.5710492089,22.99174777204,14.2559,II/389/ps1_dr2
135600824887343006,82.48874071207,23.0020494391,14.1081,II/389/ps1_dr2
135610825274273654,82.52747338203,23.01092822085,12.579,II/389/ps1_dr2
135510823401075069,82.34006943554,22.92884283147,13.227,II/389/ps1_dr2
135570823483468867,82.34835565694,22.98194221293,14.5356,II/389/ps1_dr2
135590824184959698,82.41850180297,22.9992895603,14.5553,II/389/ps1_dr2
135620824504212137,82.450426678,23.01798717345,14.1024,II/389/ps1_dr2
135650824385847699,82.43858956483,23.0476184915,14.962,II/389/ps1_dr2
135720824928346401,82.49284192061,23.1048581907,13.225,II/389/ps1_dr2
135690824381510751,82.43816134453,23.07511842653,13.4591,II/389/ps1_dr2
135720824068642764,82.40687346594,23.10182503472,14.0042,II/389/ps1_dr2
135700824323356784,82.43232737629,23.08850757727,14.0369,II/389/ps1_dr2
135700824314725533,82.43147782106,23.08747403372,13.482,II/389/ps1_dr2
135740824357564632,82.4357581144,23.12006170652,14.751,II/389/ps1_dr2
135750824277379297,82.42773854862,23.13228092721,14.6459,II/389/ps1_dr2
135770824448631117,82.44486274008,23.14213153458,13.963,II/389/ps1_dr2
135450821005536247,82.10058547019,22.87975060735,14.8233,II/389/ps1_dr2
135440820851888904,82.08525867749,22.87365474467,14.329,II/389/ps1_dr2
135470820982616993,82.09817296,22.89702958,12.2178,II/389/ps1_dr2
135520821343033394,82.13431435431,22.93571230684,14.6693,II/389/ps1_dr2
135510821427227720,82.14274011621,22.93098672858,14.7863,II/389/ps1_dr2
135510820243356669,82.02440164,22.93011003,9.2529,II/389/ps1_dr2
135510820234977327,82.02369699,22.93055599,13.5154,II/389/ps1_dr2
135530820752051656,82.07523937314,22.94259227913,14.8356,II/389/ps1_dr2
135560821026478303,82.10268750255,22.97312983243,14.365,II/389/ps1_dr2
135520821841551563,82.18418230199,22.93418945256,14.5563,II/389/ps1_dr2
135550821983549390,82.19836067617,22.96570678608,14.5983,II/389/ps1_dr2
135580821715543839,82.17156383337,22.98607768855,14.8245,II/389/ps1_dr2
135560822136569385,82.21369864284,22.9740531958,14.0318,II/389/ps1_dr2
135610821425986796,82.14265753613,23.01352943457,14.1501,II/389/ps1_dr2
135640821567433495,82.15677698061,23.03576037753,14.665,II/389/ps1_dr2
135580819615198011,81.96154478656,22.98954713425,14.6398,II/389/ps1_dr2
135590819788917157,81.97891488922,22.99715511541,14.9423,II/389/ps1_dr2
135570819399224516,81.93993563687,22.97828463454,13.402,II/389/ps1_dr2
135590819548102240,81.95486252324,22.99308740335,14.7196,II/389/ps1_dr2
135590819375429073,81.93758482239,22.99875518384,14.049,II/389/ps1_dr2
135590819180253791,81.91805740484,22.99435707224,14.4299,II/389/ps1_dr2
135610819649051425,81.96502686307,23.00905815219,13.479,II/389/ps1_dr2
135610819589001693,81.95892659172,23.00926557094,14.3347,II/389/ps1_dr2
135600819585563835,81.95865442711,23.00264044231,14.1771,II/389/ps1_dr2
135630820044945181,82.00452355574,23.02883259462,14.8862,II/389/ps1_dr2
135610820159084247,82.01596547381,23.01140570167,14.0307,II/389/ps1_dr2
135620819954108021,81.99543651415,23.02281092006,14.8117,II/389/ps1_dr2
135650820163450580,82.01637351712,23.04166567909,14.92,II/389/ps1_dr2
135620819801847332,81.98021667961,23.02229054275,13.7116,II/389/ps1_dr2
135680820042523623,82.00428337638,23.06920441784,14.9284,II/389/ps1_dr2
135680820878925106,82.08792713908,23.07042457199,14.9361,II/389/ps1_dr2
135670821434869294,82.1435880623,23.06565285029,13.491,II/389/ps1_dr2
135680821511295883,82.15115889618,23.07109640311,14.7808,II/389/ps1_dr2
135700821105907367,82.11061757501,23.08898362754,14.8219,II/389/ps1_dr2
135680820805412807,82.080597454,23.06852285045,14.6184,II/389/ps1_dr2
135700821040417291,82.1040680167,23.08890998968,13.7421,II/389/ps1_dr2
135720822937834165,82.29397946437,23.10299588246,13.199,II/389/ps1_dr2
135760822464451028,82.24643310589,23.13370920053,14.6951,II/389/ps1_dr2
135750823688892158,82.36889752059,23.126303191,13.253,II/389/ps1_dr2
135750823292689708,82.3293184321,23.13264570966,14.8857,II/389/ps1_dr2
135750823317070743,82.33185610169,23.12520636488,13.444,II/389/ps1_dr2
135740823929486101,82.3929540977,23.12126812251,13.9434,II/389/ps1_dr2
135770823262455167,82.32623713573,23.14549864662,14.0071,II/389/ps1_dr2
135810823281932351,82.32819285498,23.17646869618,14.8632,II/389/ps1_dr2
135840823717468411,82.37176672267,23.20654182536,14.3475,II/389/ps1_dr2
135830823826828925,82.3826745411,23.19862981378,14.6556,II/389/ps1_dr2
135720821626841067,82.16268110018,23.10040505321,14.6431,II/389/ps1_dr2
135750821662782662,82.16629105099,23.12673443386,14.9881,II/389/ps1_dr2
135780821773201174,82.17724234,23.1505473,13.4389,II/389/ps1_dr2
135890822760464950,82.27606717761,23.24530152696,14.737,II/389/ps1_dr2
135890822041543084,82.20416662746,23.24373297448,14.8486,II/389/ps1_dr2
135910822535634506,82.25354675524,23.26158992672,13.1,II/389/ps1_dr2
135610826133532031,82.61335122,23.00955653,13.614,II/389/ps1_dr2
135610826131941641,82.61319055,23.00932548,12.52,II/389/ps1_dr2
135650826200830440,82.62008136563,23.04160911247,14.508,II/389/ps1_dr2
135680826536971776,82.65370622712,23.06768829562,14.3934,II/389/ps1_dr2
135700826630061264,82.66302457029,23.08392122117,14.8174,II/389/ps1_dr2
135690825763615410,82.57636171134,23.07905035181,14.8313,II/389/ps1_dr2
135710826217627447,82.62177122637,23.09741523917,14.9942,II/389/ps1_dr2
135740827274027541,82.7274089689,23.12250471591,14.2932,II/389/ps1_dr2
135730827470177554,82.74700098684,23.11416495128,12.781,II/389/ps1_dr2
135730827154234444,82.71543614702,23.11158837364,14.9804,II/389/ps1_dr2
135770827035888739,82.70360275778,23.14850200734,13.5791,II/389/ps1_dr2
135750827465106496,82.74658353694,23.1299663189,13.9818,II/389/ps1_dr2
135800827803740841,82.78037550044,23.16692055558,14.679,II/389/ps1_dr2
135820826684362014,82.66843666244,23.18456042372,14.2941,II/389/ps1_dr2
135840827228391020,82.72285553199,23.20040342853,14.1413,II/389/ps1_dr2
135700825262638594,82.52625961584,23.09003607177,14.7207,II/389/ps1_dr2
135770825292095061,82.52919313573,23.14542456791,13.9714,II/389/ps1_dr2
135790825771850860,82.57717925965,23.15859485288,13.9419,II/389/ps1_dr2
135840825660200338,82.56601319239,23.19982003325,14.6606,II/389/ps1_dr2
135850824994740926,82.49948785338,23.20864159995,14.7303,II/389/ps1_dr2
135820826417735352,82.64175089578,23.18738147523,14.799,II/389/ps1_dr2
135850826630843684,82.66308393866,23.21094868224,14.0893,II/389/ps1_dr2
135840826556402747,82.65564698,23.20176982,12.147,II/389/ps1_dr2
135900826449970275,82.6449987418,23.2497786472,13.246,II/389/ps1_dr2
135920826499893631,82.65000355451,23.26924022966,14.9572,II/389/ps1_dr2
135940826320117669,82.63201237307,23.28926513342,14.3254,II/389/ps1_dr2
135840828172647882,82.81725981795,23.20611570138,14.8097,II/389/ps1_dr2
135830827983679597,82.79836632801,23.19921452094,13.8512,II/389/ps1_dr2
135850827681031864,82.76830105,23.20950418,8.9439,II/389/ps1_dr2
135850827675251834,82.76723654,23.209526,14.2662,II/389/ps1_dr2
135850827686343139,82.76864436,23.21078231,13.6659,II/389/ps1_dr2
135860827732312131,82.77323264,23.2179671,11.1406,II/389/ps1_dr2
135860827730291878,82.77302711,23.21779673,10.442,II/389/ps1_dr2
135900828237060327,82.82369974475,23.24981926229,14.0815,II/389/ps1_dr2
135860827525870946,82.75258797714,23.21701333753,14.8711,II/389/ps1_dr2
135870827703098177,82.77030813588,23.23136948223,14.4456,II/389/ps1_dr2
135900827596469378,82.75964491173,23.25736830498,13.295,II/389/ps1_dr2
135910827899809208,82.79015614,23.26566071,11.6549,II/389/ps1_dr2
135910827904438950,82.79051703,23.26565196,13.8465,II/389/ps1_dr2
135920827974911405,82.79748849205,23.26738518274,14.3496,II/389/ps1_dr2
135900828080498217,82.8080474546,23.256394688,14.9041,II/389/ps1_dr2
135910827903109445,82.7903335,23.26576294,11.684,II/389/ps1_dr2
135910827900199578,82.78984606,23.26588783,11.6972,II/389/ps1_dr2
135900827986438006,82.79864183688,23.25621945865,14.4577,II/389/ps1_dr2
135930828183230549,82.81832095512,23.27499908176,13.001,II/389/ps1_dr2
135940828773796069,82.87737887546,23.28791057086,12.699,II/389/ps1_dr2
135950829211993297,82.92118786698,23.29395293343,14.716,II/389/ps1_dr2
135990829526498812,82.95263574221,23.33187563191,14.6288,II/389/ps1_dr2
135980829553904419,82.95538509122,23.31988734026,14.8533,II/389/ps1_dr2
135940828364357081,82.83642413,23.28877319,14.5584,II/389/ps1_dr2
135940828367998353,82.83694578,23.28982598,10.454,II/389/ps1_dr2
135940828371318240,82.83692098,23.28961251,10.3864,II/389/ps1_dr2
135940828375157937,82.83727832,23.28955551,13.6118,II/389/ps1_dr2
136000828577713083,82.85776627639,23.33545072319,14.2629,II/389/ps1_dr2
135990828739394102,82.87393812718,23.3279703463,14.6861,II/389/ps1_dr2
135920827125301130,82.71253361913,23.26716305266,14.3246,II/389/ps1_dr2
135990827237500499,82.72375410758,23.32496318054,13.079,II/389/ps1_dr2
135930826618938954,82.66190738302,23.2819873615,13.321,II/389/ps1_dr2
136040826829166271,82.68295631181,23.37146548495,13.9801,II/389/ps1_dr2
136050828185040657,82.81850137152,23.37509151002,14.2251,II/389/ps1_dr2
136050828135533767,82.81354524937,23.37766035558,13.262,II/389/ps1_dr2
136060828428791092,82.84286976212,23.38378813926,14.9181,II/389/ps1_dr2
136040828382319503,82.83822349887,23.37412568223,13.493,II/389/ps1_dr2
136080828288642247,82.82886996503,23.40141208554,14.2986,II/389/ps1_dr2
136110828410995247,82.84112297415,23.42891960583,14.5466,II/389/ps1_dr2
136050827396330684,82.73963011876,23.37511561584,14.3416,II/389/ps1_dr2
136090827929323478,82.79303994198,23.41078912686,13.5942,II/389/ps1_dr2
136120827770900261,82.77711118018,23.433105235,14.8355,II/389/ps1_dr2
135900824228655415,82.42293432,23.25406742,12.444,II/389/ps1_dr2
135930824713784157,82.47136473449,23.2779898531,14.8343,II/389/ps1_dr2
135920824726999797,82.47239183,23.27430556,14.9627,II/389/ps1_dr2
135920824734669662,82.47341424,23.27424843,14.7997,II/389/ps1_dr2
135920824261473704,82.42618965,23.26928868,12.727,II/389/ps1_dr2
135910825262811132,82.52637863,23.25886992,12.215,II/389/ps1_dr2
135930824904940697,82.49050606385,23.27512852571,13.178,II/389/ps1_dr2
135980826051722842,82.60516851321,23.31857553492,14.6731,II/389/ps1_dr2
135990825544236482,82.55440374693,23.32994930071,14.4061,II/389/ps1_dr2
135980824950326608,82.4951417,23.32176464,12.17,II/389/ps1_dr2
136040825391270910,82.53910567923,23.36695748018,14.1525,II/389/ps1_dr2
135960823867988532,82.38679385,23.30653867,13.9247,II/389/ps1_dr2
135980822820160242,82.28200577838,23.31638667447,14.5977,II/389/ps1_dr2
135980823096566079,82.30967025,23.32123624,13.088,II/389/ps1_dr2
135990824468477217,82.4468357045,23.33054063724,14.9923,II/389/ps1_dr2
136070823933572355,82.39335153,23.39314568,13.358,II/389/ps1_dr2
136070823936802639,82.39356973,23.39330871,12.498,II/389/ps1_dr2
136080823828533976,82.38275889,23.40289022,13.2495,II/389/ps1_dr2
136080823824303973,82.38240331,23.40282572,11.684,II/389/ps1_dr2
136130824402368643,82.44023877331,23.44837635604,14.9396,II/389/ps1_dr2
136030826152326421,82.61523821041,23.36323713112,14.1169,II/389/ps1_dr2
136050826709657020,82.67098829054,23.38041456051,14.6497,II/389/ps1_dr2
136090826289222598,82.62897137,23.41006175,13.55,II/389/ps1_dr2
136040825759974927,82.57599016867,23.37031860152,14.7947,II/389/ps1_dr2
136090826285642463,82.62871586502,23.41001640317,13.3,II/389/ps1_dr2
136130826417159386,82.64175981818,23.44901029697,13.9245,II/389/ps1_dr2
136110825995018069,82.59950270108,23.43126842853,14.4846,II/389/ps1_dr2
136100827202725597,82.72027906793,23.42087289251,14.0684,II/389/ps1_dr2
136090827012089239,82.70122003003,23.41559012872,14.8038,II/389/ps1_dr2
136130827042551956,82.70426908763,23.44285024387,14.8538,II/389/ps1_dr2
136180827746688497,82.77471581186,23.4899713825,13.5327,II/389/ps1_dr2
136160827689558419,82.76897550995,23.4732327368,14.769,II/389/ps1_dr2
136180827125534107,82.71257464263,23.48630930716,14.1633,II/389/ps1_dr2
136190827430187884,82.74302897,23.49778456,14.7732,II/389/ps1_dr2
136190827436637500,82.74373194,23.49734797,11.2305,II/389/ps1_dr2
136190827433147387,82.74336261,23.49738866,11.552,II/389/ps1_dr2
136200827072838691,82.70729643033,23.50678777294,14.9971,II/389/ps1_dr2
136210826764816934,82.67649553894,23.51366125217,14.2119,II/389/ps1_dr2
136130825603435365,82.56034222575,23.44567208395,14.6003,II/389/ps1_dr2
136140825694330318,82.56943404228,23.44980274161,14.3833,II/389/ps1_dr2
136170825838336085,82.58390863885,23.47964960351,13.208,II/389/ps1_dr2
136160825503724356,82.55037180633,23.46983093376,14.6703,II/389/ps1_dr2
136210825639903265,82.5640215037,23.51061202992,13.6615,II/389/ps1_dr2
136170824587300398,82.45872246569,23.47484762529,14.9006,II/389/ps1_dr2
136270826702981724,82.67037207,23.55928677,12.102,II/389/ps1_dr2
136280825873697263,82.58737633011,23.57225217718,14.461,II/389/ps1_dr2
136300826151467033,82.61518315364,23.58875068531,14.2692,II/389/ps1_dr2
136310826386434570,82.63872288,23.59501414,12.538,II/389/ps1_dr2
136340825975853517,82.59759115078,23.61913411181,14.9193,II/389/ps1_dr2
135600819046628561,81.90473162257,23.00663752147,13.7076,II/389/ps1_dr2
135620818998941700,81.90000855051,23.0176008552,13.9731,II/389/ps1_dr2
135670819405775547,81.94071014184,23.0624910865,12.583,II/389/ps1_dr2
135680818939702631,81.89400012095,23.06840104001,14.9285,II/389/ps1_dr2
135750819370286090,81.93706969235,23.12959377773,13.8851,II/389/ps1_dr2
135740819134563308,81.9134961,23.11894260089,14.9816,II/389/ps1_dr2
135770819128762469,81.91292185186,23.14323741733,14.531,II/389/ps1_dr2
135790820796481261,82.07971736261,23.15886868877,13.295,II/389/ps1_dr2
135820820434738547,82.04346227,23.18992413,12.09,II/389/ps1_dr2
135820820433488181,82.04336498,23.18966425,13.4248,II/389/ps1_dr2
135850819792808418,81.97925443827,23.21482264212,13.243,II/389/ps1_dr2
135850819892852627,81.98930264614,23.2100296808,13.048,II/389/ps1_dr2
135720818287358785,81.828635,23.106794,10.041,II/389/ps1_dr2
135720818291268830,81.82903461,23.10675276,14.106,II/389/ps1_dr2
135690818290759309,81.82909370494,23.08230605118,13.9301,II/389/ps1_dr2
135750818551693277,81.85520305828,23.12728506404,14.1676,II/389/ps1_dr2
135780817907018456,81.79065865,23.15658291,12.038,II/389/ps1_dr2
135780817910808354,81.79108897,23.15652156,14.1531,II/389/ps1_dr2
135790817969074010,81.79693214226,23.16121594907,14.6975,II/389/ps1_dr2
135780817905488759,81.79052687,23.15677641,13.7694,II/389/ps1_dr2
135840818505406734,81.85055786176,23.20515996558,14.6576,II/389/ps1_dr2
135840817993447458,81.79937191,23.2055595,14.7112,II/389/ps1_dr2
135840817996458515,81.79967122,23.20656668,11.9074,II/389/ps1_dr2
135840817999847752,81.80010406,23.20602302,14.4123,II/389/ps1_dr2
135840817996547873,81.7996712,23.20606518,11.47,II/389/ps1_dr2
135840817993618039,81.79940127,23.20628059,13.3575,II/389/ps1_dr2
135880818935556920,81.89356695722,23.23863341208,14.6488,II/389/ps1_dr2
135860818471695230,81.84717724289,23.22057142381,13.121,II/389/ps1_dr2
135880818681309874,81.868132,23.24134382,13.024,II/389/ps1_dr2
135890818682140371,81.86823839,23.24158935,13.1329,II/389/ps1_dr2
135930818752143412,81.87525626585,23.27736422602,14.9662,II/389/ps1_dr2
135920818849949085,81.88498659872,23.27376532805,14.1209,II/389/ps1_dr2
135970819122241877,81.91224290019,23.30942986203,14.3796,II/389/ps1_dr2
135930821680756265,82.16816639,23.27992278,10.5193,II/389/ps1_dr2
135930821685716031,82.16850501,23.27966589,10.6381,II/389/ps1_dr2
135930821558068680,82.15583813,23.28171907,12.454,II/389/ps1_dr2
135930821738698600,82.1738817845,23.28165190264,14.8947,II/389/ps1_dr2
135940821896997654,82.18971630648,23.28920158753,14.9564,II/389/ps1_dr2
135970821177299827,82.11770104331,23.31598549959,13.484,II/389/ps1_dr2
136060821776793922,82.17769494996,23.38609084115,14.9194,II/389/ps1_dr2
135890820016524679,82.00167962009,23.24507614986,14.183,II/389/ps1_dr2
135890820034264983,82.0034747136,23.24531605395,14.767,II/389/ps1_dr2
135950819802452544,81.9800667,23.29327355,13.6204,II/389/ps1_dr2
135950819810942353,81.98100043,23.29325112,8.3538,II/389/ps1_dr2
135950819821271542,81.98217295,23.29238782,13.18,II/389/ps1_dr2
135950819815861459,81.98144286,23.29250108,13.5729,II/389/ps1_dr2
135950820522215675,82.05238806258,23.29593908086,13.425,II/389/ps1_dr2
135990820091365721,82.00916465531,23.32926255604,14.8057,II/389/ps1_dr2
136020819853463083,81.98543371125,23.35206069938,14.4362,II/389/ps1_dr2
136040820468368063,82.04689167,23.37281353,12.845,II/389/ps1_dr2
136050820276799830,82.0277092032,23.38268376173,14.5674,II/389/ps1_dr2
136090820590737851,82.05907822628,23.41436695376,14.1459,II/389/ps1_dr2
135870816873322535,81.68733538098,23.22666106579,14.9582,II/389/ps1_dr2
135900816620610566,81.66207325899,23.25001760615,14.8479,II/389/ps1_dr2
135950816696347619,81.66962959159,23.29754946516,12.968,II/389/ps1_dr2
135950816610225455,81.66101847044,23.29575702964,13.9251,II/389/ps1_dr2
135980816458020682,81.64580682704,23.31677562984,12.861,II/389/ps1_dr2
136030817253610939,81.72529189516,23.35851440967,12.545,II/389/ps1_dr2
136040819238530465,81.92389315539,23.36657049052,14.8519,II/389/ps1_dr2
136110820278552280,82.02787050248,23.42638930343,13.9575,II/389/ps1_dr2
136140820229071226,82.02282818,23.450476,12.505,II/389/ps1_dr2
136120819620356413,81.96205291778,23.43818131113,13.475,II/389/ps1_dr2
136150820268115316,82.02682606303,23.46226510812,14.5736,II/389/ps1_dr2
136160819520249188,81.95204831221,23.47382874973,13.8778,II/389/ps1_dr2
136230819920383044,81.99226076,23.52736323,11.6044,II/389/ps1_dr2
136230819921973407,81.99229804,23.52702831,11.038,II/389/ps1_dr2
136100818052029001,81.80523908183,23.42376940338,14.2713,II/389/ps1_dr2
136060821994727451,82.19950358377,23.38890240558,13.838,II/389/ps1_dr2
136060821993207107,82.19951165668,23.38890243791,13.8034,II/389/ps1_dr2
136130822615452144,82.26154547431,23.4429486735,14.8439,II/389/ps1_dr2
136200823806161991,82.38061841373,23.50114958233,14.832,II/389/ps1_dr2
136150822934607634,82.2934632105,23.46419738452,13.6085,II/389/ps1_dr2
136170823464735401,82.34657058806,23.47893491823,14.9826,II/389/ps1_dr2
136260823586168060,82.35854665,23.55630598,12.64,II/389/ps1_dr2
136110821863351138,82.18631943106,23.42544569526,14.8394,II/389/ps1_dr2
136140822108127944,82.21081589575,23.45611468294,14.6646,II/389/ps1_dr2
136200821539300641,82.15392214958,23.50002361985,13.942,II/389/ps1_dr2
136200821675705000,82.16755740716,23.50351172298,14.279,II/389/ps1_dr2
136240821681018389,82.16809611409,23.53983017703,13.092,II/389/ps1_dr2
136260823058869659,82.30586659016,23.55755231748,13.8354,II/389/ps1_dr2
136320822786945518,82.27876112,23.60414819,12.928,II/389/ps1_dr2
136310824827145817,82.48282605202,23.59598718832,13.9056,II/389/ps1_dr2
136280824269034080,82.42699878734,23.56956929103,13.9819,II/389/ps1_dr2
136340824307554446,82.43075097254,23.61987443533,14.9682,II/389/ps1_dr2
136400825234336225,82.52331011,23.67132822,13.5411,II/389/ps1_dr2
136290823674475143,82.36751054772,23.57878746916,12.925,II/389/ps1_dr2
136390823782954249,82.37829804063,23.66137130358,14.3275,II/389/ps1_dr2
136380823399868390,82.33998330607,23.65649318594,14.6608,II/389/ps1_dr2
136400824471642915,82.44716460181,23.6686046212,14.6542,II/389/ps1_dr2
136440824547557412,82.45475639026,23.70568322548,13.281,II/389/ps1_dr2
136440824791093853,82.47912441686,23.7027754071,14.3438,II/389/ps1_dr2
136480824676409429,82.46765247,23.7407031,11.866,II/389/ps1_dr2
136480823898958325,82.38989211294,23.73978354968,14.26,II/389/ps1_dr2
136220821274380214,82.12743698544,23.5163483278,12.972,II/389/ps1_dr2
136240820875310757,82.08753196198,23.53346568718,14.7967,II/389/ps1_dr2
136290820474791120,82.04747617435,23.5754320434,14.3759,II/389/ps1_dr2
136290820893511639,82.08946937,23.57584409,12.737,II/389/ps1_dr2
136330820743715187,82.07436966854,23.61216675361,14.2579,II/389/ps1_dr2
136400821571408652,82.15708117481,23.67341256456,14.5198,II/389/ps1_dr2
136390821031205075,82.10307634714,23.66211575244,13.156,II/389/ps1_dr2
136430822944543652,82.29446519,23.69422794,12.2351,II/389/ps1_dr2
136430822957554086,82.29553933,23.69460413,10.7973,II/389/ps1_dr2
136430822954463817,82.29562605,23.69433743,10.534,II/389/ps1_dr2
136450822966300503,82.29662750425,23.70827145029,14.284,II/389/ps1_dr2
136450822862080717,82.28627455396,23.70843351073,13.319,II/389/ps1_dr2
136450822183500120,82.21832209317,23.70797647968,14.2401,II/389/ps1_dr2
136600823269241313,82.32689669757,23.83395262645,13.8039,II/389/ps1_dr2
135300809169602774,80.91706054107,22.75181788039,14.0995,II/389/ps1_dr2
135460810913253369,81.09127722552,22.88577019347,14.5167,II/389/ps1_dr2
136020829488190073,82.94881584738,23.34958797181,14.2414,II/389/ps1_dr2
136040829777617744,82.97774971585,23.37264988849,14.8283,II/389/ps1_dr2
136080830316241217,83.0316791044,23.40050225413,13.137,II/389/ps1_dr2
136060829259005907,82.92589623,23.38779294955,14.4371,II/389/ps1_dr2
136050829340041172,82.93399344318,23.37550493417,14.6683,II/389/ps1_dr2
136080829181904247,82.91787757,23.40317349,11.578,II/389/ps1_dr2
136080829185783709,82.91857685,23.40262557,13.3747,II/389/ps1_dr2
136100830415694898,83.04162535773,23.42023011188,14.059,II/389/ps1_dr2
136140830625537703,83.06245474,23.45568523,12.0195,II/389/ps1_dr2
136140830622027331,83.06237102,23.45563432,11.76,II/389/ps1_dr2
136150830972491668,83.09731403334,23.45921318023,14.7673,II/389/ps1_dr2
136200830071879996,83.00737171,23.50794291,11.772,II/389/ps1_dr2
136110828682442881,82.86824811572,23.42692625483,12.621,II/389/ps1_dr2
136140828966110991,82.89663324666,23.4503514079,14.9893,II/389/ps1_dr2
136120828809329547,82.88118991,23.44094132,13.1565,II/389/ps1_dr2
136140829117507927,82.91175838,23.45633206,11.1612,II/389/ps1_dr2
136140829121717474,82.91210471,23.45575179,14.0967,II/389/ps1_dr2
136180828705872364,82.87058875948,23.48484144933,14.6863,II/389/ps1_dr2
136180828390654175,82.83908457347,23.48635087983,14.2043,II/389/ps1_dr2
136200828415357214,82.84154157975,23.50555647641,14.9736,II/389/ps1_dr2
136180828805043570,82.88051071553,23.48585168381,14.4159,II/389/ps1_dr2
136220829774827947,82.97761208037,23.52280517593,12.942,II/389/ps1_dr2
136280830250118817,83.0250404983,23.57348133656,13.354,II/389/ps1_dr2
136260829059912806,82.90602778705,23.55184346452,13.8256,II/389/ps1_dr2
136220831154587399,83.11553311269,23.52232724799,14.0193,II/389/ps1_dr2
136230831485900652,83.14864255905,23.52502162697,13.8763,II/389/ps1_dr2
136280832135975189,83.21366043615,23.57047862934,13.137,II/389/ps1_dr2
136290831692475561,83.16929260599,23.57910736517,14.3953,II/389/ps1_dr2
136260831001058616,83.10016095093,23.55664422514,14.5794,II/389/ps1_dr2
136260831333123291,83.13336664627,23.55221710312,14.2706,II/389/ps1_dr2
136340831554950473,83.15557588,23.61676778,12.305,II/389/ps1_dr2
136340831554480886,83.15539823,23.61699945,12.06,II/389/ps1_dr2
136380833052998826,83.30535692399,23.65684535751,14.2158,II/389/ps1_dr2
136370832986195865,83.29863412559,23.64609267911,14.0821,II/389/ps1_dr2
136350832065346093,83.20659946334,23.62955038203,12.817,II/389/ps1_dr2
136380831526050581,83.15267256367,23.6499522732,13.8728,II/389/ps1_dr2
136390832482353467,83.24826755385,23.66071482355,13.126,II/389/ps1_dr2
136300830496729724,83.04972278823,23.59090075226,14.9041,II/389/ps1_dr2
136340830684453374,83.06849535968,23.61893508862,14.9259,II/389/ps1_dr2
136350830846604108,83.08475393974,23.62788994898,13.208,II/389/ps1_dr2
136340830821905446,83.08225761176,23.62066958353,14.4732,II/389/ps1_dr2
136370831345156565,83.13457736896,23.64659635026,14.9699,II/389/ps1_dr2
136400830397434813,83.0398505212,23.67014537492,12.795,II/389/ps1_dr2
136440830355486374,83.03560731603,23.70477996854,14.0731,II/389/ps1_dr2
136440831851792794,83.18529260057,23.70180610927,12.946,II/389/ps1_dr2
136490831819214825,83.18201023822,23.7451739389,13.9574,II/389/ps1_dr2
136500831954794792,83.1955277086,23.75347005556,14.8761,II/389/ps1_dr2
136440831242789098,83.12436883479,23.70705497958,14.4875,II/389/ps1_dr2
136460831120228616,83.1121213935,23.72331054393,13.262,II/389/ps1_dr2
136490830967065147,83.09677258836,23.74541924208,14.175,II/389/ps1_dr2
136510831161882555,83.11626843597,23.75987722086,14.3689,II/389/ps1_dr2
136240828168170799,82.81679654021,23.53354105969,14.0142,II/389/ps1_dr2
136260828263733162,82.82639080208,23.55218643361,14.2078,II/389/ps1_dr2
136270827967125678,82.79673092242,23.56261100238,14.4432,II/389/ps1_dr2
136290828233032170,82.82332358332,23.57635536748,14.1846,II/389/ps1_dr2
136250827446238711,82.74464213504,23.54846931185,14.7197,II/389/ps1_dr2
136280827226525844,82.72262662913,23.57107496165,12.661,II/389/ps1_dr2
136290828755681341,82.87561457705,23.57560925912,14.1298,II/389/ps1_dr2
136360829123662486,82.91240076691,23.63487099252,14.8875,II/389/ps1_dr2
136360828655725635,82.8655895968,23.63756691816,14.5427,II/389/ps1_dr2
136360828654195935,82.86559026427,23.6375633652,14.5487,II/389/ps1_dr2
136370828650139120,82.86506169283,23.64876675142,13.821,II/389/ps1_dr2
136340827261066360,82.72611533043,23.62151478207,14.9996,II/389/ps1_dr2
136300826841893658,82.6842212818,23.58593846056,14.012,II/389/ps1_dr2
136390827334199827,82.7334501699,23.66607540265,13.236,II/389/ps1_dr2
136400828082169637,82.80824632522,23.67424662012,14.3877,II/389/ps1_dr2
136450828043532488,82.8044050929,23.70994029481,13.73,II/389/ps1_dr2
136490828606701314,82.86073178852,23.74225694094,14.3965,II/389/ps1_dr2
136470828167517307,82.81680930519,23.73064935961,14.9839,II/389/ps1_dr2
136470827381062616,82.73817584147,23.72674448422,13.435,II/389/ps1_dr2
136400829651232194,82.96517146564,23.667950006,14.2577,II/389/ps1_dr2
136500829996621434,82.99973221505,23.75072086687,14.7052,II/389/ps1_dr2
136480828972791831,82.89737978626,23.73435179003,13.385,II/389/ps1_dr2
136510829650907903,82.9651335594,23.76438115906,14.9839,II/389/ps1_dr2
136520830642367475,83.06429719411,23.77235408186,14.4853,II/389/ps1_dr2
136550830470784440,83.04716332,23.79500028,12.151,II/389/ps1_dr2
136550830471264796,83.047234,23.795107,11.873,II/389/ps1_dr2
136520830961014945,83.09605828,23.77041375,13.8519,II/389/ps1_dr2
136520830954655312,83.0957243,23.77044458,10.475,II/389/ps1_dr2
136580831215461506,83.12162367458,23.81738950069,14.3721,II/389/ps1_dr2
136580830774919553,83.07755968,23.82428802,13.3532,II/389/ps1_dr2
136590830776180014,83.07757512,23.82448549,11.737,II/389/ps1_dr2
136590830097734124,83.00984149445,23.82787979881,13.4653,II/389/ps1_dr2
136600830540277404,83.05400927,23.83909226,14.6958,II/389/ps1_dr2
136550829385792220,82.93863515088,23.79297976577,14.158,II/389/ps1_dr2
136560828310540961,82.83110230198,23.80028730694,13.9801,II/389/ps1_dr2
136570828467433272,82.84678517699,23.81054763874,13.9769,II/389/ps1_dr2
136570828076690548,82.80772350902,23.80832269653,13.43,II/389/ps1_dr2
136600828447991367,82.84484921,23.83399335,11.958,II/389/ps1_dr2
136630828990445923,82.89910374094,23.8627802227,14.5788,II/389/ps1_dr2
136610828589843979,82.85904361,23.84449844,11.909,II/389/ps1_dr2
136610828591824366,82.85902338,23.84473994,13.1787,II/389/ps1_dr2
136630829534432570,82.9536376,23.85981607,10.4052,II/389/ps1_dr2
136630829540902189,82.95412421,23.85968677,13.1771,II/389/ps1_dr2
136630829535252127,82.95354341,23.85974509,9.894,II/389/ps1_dr2
136630829540052631,82.95394637,23.86000225,10.1615,II/389/ps1_dr2
136640829876433050,82.98768331282,23.86867466585,14.564,II/389/ps1_dr2
136630829666863910,82.96672780029,23.86104953405,14.4211,II/389/ps1_dr2
136680829860970890,82.98615346126,23.90025396478,14.1833,II/389/ps1_dr2
136680830074393469,83.00749249689,23.90239350169,14.1643,II/389/ps1_dr2
136680829508960262,82.95100381,23.8997469,13.3431,II/389/ps1_dr2
136660829084705620,82.90852360521,23.88753045668,13.8713,II/389/ps1_dr2
136690829294322193,82.92949463253,23.90967045598,13.383,II/389/ps1_dr2
136690829274635231,82.92750823896,23.91220988243,14.8648,II/389/ps1_dr2
136690829266231891,82.92668236516,23.90942642879,12.541,II/389/ps1_dr2
136690829299764199,82.93002572064,23.91134803357,14.7924,II/389/ps1_dr2
136710830049438099,83.00498037382,23.93123922599,14.5516,II/389/ps1_dr2
136690829436308930,82.94368855269,23.91527506325,13.8899,II/389/ps1_dr2
136710829298653415,82.92999081313,23.92757993108,12.6455,II/389/ps1_dr2
136710829299613770,82.93001682,23.92763073,12.869,II/389/ps1_dr2
136430833371991716,83.33724177908,23.69259257071,14.9428,II/389/ps1_dr2
136410833484726920,83.34854192755,23.68025846918,13.8211,II/389/ps1_dr2
136410832983091685,83.29827689272,23.67596764928,14.503,II/389/ps1_dr2
136410832966022853,83.29669469961,23.67686823321,13.6843,II/389/ps1_dr2
136470833507900960,83.35082047038,23.72522892364,13.8337,II/389/ps1_dr2
136470832865793615,83.28661139627,23.72749844169,14.0342,II/389/ps1_dr2
136470832722389937,83.2722902736,23.7327768569,14.7339,II/389/ps1_dr2
136470833166337041,83.3166659423,23.73035389442,14.6875,II/389/ps1_dr2
136500832926961454,83.29273002894,23.75069660587,14.755,II/389/ps1_dr2
136560834318852009,83.43194816593,23.8011681004,14.6563,II/389/ps1_dr2
136550831830235321,83.18305778334,23.79563965443,13.496,II/389/ps1_dr2
136550831666937032,83.16677270783,23.7969879869,13.277,II/389/ps1_dr2
136640832477978493,83.24786475817,23.87321190319,14.0853,II/389/ps1_dr2
136590833298947329,83.32992729734,23.83059067324,14.78,II/389/ps1_dr2
136690832752074848,83.2753423911,23.91181739054,13.482,II/389/ps1_dr2
136610834728945086,83.47295033917,23.84539659296,14.6387,II/389/ps1_dr2
136640835312519623,83.53139770126,23.87416852737,13.359,II/389/ps1_dr2
136640835419548139,83.54202596863,23.8729038861,12.526,II/389/ps1_dr2
136670835580426330,83.5580994013,23.89640951069,12.553,II/389/ps1_dr2
136660835165129229,83.51667355078,23.8905635324,12.678,II/389/ps1_dr2
136660835168369396,83.51670054,23.89056897,12.9586,II/389/ps1_dr2
136710835029671621,83.50302596341,23.92582658207,14.4754,II/389/ps1_dr2
136690835928335267,83.5928770114,23.91221112503,14.6434,II/389/ps1_dr2
136760835461108412,83.54624240014,23.97320152381,14.2278,II/389/ps1_dr2
136760835069635039,83.50701836533,23.97035097064,14.2434,II/389/ps1_dr2
136690833788199902,83.37885508115,23.91605298339,14.8617,II/389/ps1_dr2
136790834416956169,83.44166245825,23.99632955895,13.1182,II/389/ps1_dr2
136790834414106297,83.44153175816,23.99634506992,13.333,II/389/ps1_dr2
136740833696072774,83.36991703,23.95176511,13.5489,II/389/ps1_dr2
136740833699173520,83.37000136,23.95247303,13.1868,II/389/ps1_dr2
136740833699013026,83.37016538,23.95218811,11.116,II/389/ps1_dr2
136740833789866675,83.37880284284,23.95499604838,14.3378,II/389/ps1_dr2
136780833768309809,83.37679455,23.99100945,13.834,II/389/ps1_dr2
136780833765749598,83.37680885,23.99081998,11.9582,II/389/ps1_dr2
136800833783077894,83.37832003488,24.00615003503,14.5886,II/389/ps1_dr2
136830835518177818,83.55193059,24.03095229,12.031,II/389/ps1_dr2
136900834588627390,83.45886158706,24.08903349433,13.489,II/389/ps1_dr2
136910834695063856,83.46950888553,24.09441405182,14.8842,II/389/ps1_dr2
136590831379396851,83.13801565596,23.8301806479,14.5003,II/389/ps1_dr2
136610831490676497,83.14912329731,23.84660118605,14.6714,II/389/ps1_dr2
136610831240489091,83.12412310165,23.84869680307,14.9572,II/389/ps1_dr2
136630831446771191,83.14473316864,23.858796789,12.928,II/389/ps1_dr2
136660831812364390,83.18129825259,23.88643867125,14.7482,II/389/ps1_dr2
136680831856571899,83.1857017723,23.90104345837,14.5151,II/389/ps1_dr2
136710832475832153,83.24775445875,23.92622094055,13.3203,II/389/ps1_dr2
136710832478982047,83.24786961533,23.92618421454,13.156,II/389/ps1_dr2
136710832122400359,83.21241756124,23.92472699671,14.0524,II/389/ps1_dr2
136750832640163602,83.26414535,23.96083443,12.465,II/389/ps1_dr2
136800832288167589,83.22884054057,24.0058996638,13.659,II/389/ps1_dr2
136800832289227930,83.22883012464,24.00590740385,13.6347,II/389/ps1_dr2
136830832229736231,83.22299978151,24.02976146044,14.512,II/389/ps1_dr2
136720830299637295,83.03003383833,23.93892212838,14.6078,II/389/ps1_dr2
136780830399455575,83.03998864749,23.98750160038,14.2404,II/389/ps1_dr2
136780830452701591,83.04533150377,23.984177251,12.928,II/389/ps1_dr2
136810830639725920,83.06405105239,24.01277715465,13.6836,II/389/ps1_dr2
136830830417547648,83.04183742,24.0308888,12.262,II/389/ps1_dr2
136770831413160980,83.14137204976,23.97531916191,14.5426,II/389/ps1_dr2
136850831415430313,83.14154966089,24.04142845079,14.9007,II/389/ps1_dr2
136850832098080522,83.20981240914,24.04159719117,13.79,II/389/ps1_dr2
136880831784097668,83.17841685378,24.07256487619,14.4278,II/389/ps1_dr2
136890831774303949,83.1774959797,24.07791136955,12.873,II/389/ps1_dr2
136890831775414300,83.17759438,24.0780532,14.7267,II/389/ps1_dr2
136860831347810618,83.13478817669,24.05001643884,14.8445,II/389/ps1_dr2
136840830758552382,83.07592365078,24.03483368834,13.295,II/389/ps1_dr2
136880831191293289,83.11915012266,24.06897567294,13.288,II/389/ps1_dr2
136880831192793618,83.11926878,24.0691592,13.0921,II/389/ps1_dr2
136880831657566549,83.16576736457,24.07162732846,14.859,II/389/ps1_dr2
136900831170700815,83.1168119,24.08356653,14.0949,II/389/ps1_dr2
136900831163620588,83.11634328,24.08330877,10.9697,II/389/ps1_dr2
136890831198727874,83.11988686,24.08114991,12.442,II/389/ps1_dr2
136780833360686166,83.33611052063,23.98792261575,13.498,II/389/ps1_dr2
136810833285801190,83.32863886049,24.00878840651,12.798,II/389/ps1_dr2
136810833013517714,83.30136601395,24.01427604723,13.053,II/389/ps1_dr2
136870832874190282,83.28741895868,24.05808792163,13.701,II/389/ps1_dr2
136910833097396218,83.30973797929,24.09638066856,14.5849,II/389/ps1_dr2
136910833740727758,83.3740645242,24.09765713331,14.005,II/389/ps1_dr2
136920834127367158,83.41272084,24.10548919,12.609,II/389/ps1_dr2
136950834075356926,83.40736551616,24.1302094135,13.7138,II/389/ps1_dr2
136950834072756634,83.40736422837,24.13020532074,13.7243,II/389/ps1_dr2
136910834520579884,83.45212393769,24.09940722491,14.1615,II/389/ps1_dr2
137010834244151673,83.424402736,24.1759269359,13.561,II/389/ps1_dr2
137000833979978911,83.39799002573,24.1736212193,13.8984,II/389/ps1_dr2
137040834006701520,83.40065382893,24.2008063016,14.4457,II/389/ps1_dr2
136920832618354718,83.26183788609,24.10343107876,14.0448,II/389/ps1_dr2
136940832968111955,83.29673821,24.11777686,12.651,II/389/ps1_dr2
136940832971732464,83.29712759,24.11818564,10.439,II/389/ps1_dr2
136940832976262917,83.29762401,24.11858287,14.3214,II/389/ps1_dr2
136940832974101932,83.29737638,24.11790281,9.1736,II/389/ps1_dr2
136950832664303068,83.26643705,24.12704462,11.505,II/389/ps1_dr2
136920831739019462,83.17390889124,24.10738676218,14.4384,II/389/ps1_dr2
136940831873220866,83.18733598206,24.11689246235,13.8693,II/389/ps1_dr2
136950831758320208,83.17587684,24.12480512,11.645,II/389/ps1_dr2
136990832551583459,83.25514806638,24.16072036033,14.7243,II/389/ps1_dr2
137030832444798075,83.24448314823,24.19789666378,14.4027,II/389/ps1_dr2
137010833527737905,83.35276273803,24.18111466075,12.939,II/389/ps1_dr2
137010832922546350,83.29224689561,24.17980520569,14.7267,II/389/ps1_dr2
137020833486188064,83.34861304193,24.1895806265,14.7427,II/389/ps1_dr2
137040833968179260,83.39681394174,24.20725349993,14.2547,II/389/ps1_dr2
137040832637472447,83.26374162953,24.20154978931,13.246,II/389/ps1_dr2
137060833124396472,83.31243163918,24.2215817246,13.529,II/389/ps1_dr2
137090833191488789,83.31913690411,24.24851860806,13.6114,II/389/ps1_dr2
136400826371486893,82.63724903267,23.67201541432,14.1039,II/389/ps1_dr2
136440826492916990,82.64929621793,23.70537455162,14.7391,II/389/ps1_dr2
136470826517008518,82.65170684813,23.73165782466,14.3379,II/389/ps1_dr2
136450825717811047,82.57175486,23.70854989,13.0131,II/389/ps1_dr2
136500825776307799,82.57762731005,23.75603308274,13.9309,II/389/ps1_dr2
136510825944639788,82.59445419693,23.76601509926,12.215,II/389/ps1_dr2
136550826273033863,82.62729790683,23.79443557336,13.9582,II/389/ps1_dr2
136550827068763006,82.70688761106,23.79372547286,14.0319,II/389/ps1_dr2
136530827423764219,82.74231064,23.7778693,12.7375,II/389/ps1_dr2
136550827148587199,82.71486775332,23.79722402325,14.5211,II/389/ps1_dr2
136560827253262639,82.72534078573,23.80175940341,12.661,II/389/ps1_dr2
136570827195184156,82.71959690192,23.81132850368,13.8744,II/389/ps1_dr2
136590827520739068,82.75210851916,23.8321076632,14.3652,II/389/ps1_dr2
136570826561533681,82.65615729549,23.81095483174,14.7808,II/389/ps1_dr2
136530825612339007,82.56138536622,23.7820331429,14.6781,II/389/ps1_dr2
136540825659311498,82.56591218178,23.78415212358,14.7578,II/389/ps1_dr2
136590825656037760,82.56561233934,23.83099429108,14.1715,II/389/ps1_dr2
136600825344541506,82.5344591366,23.83411339782,14.0638,II/389/ps1_dr2
136630825408108163,82.5407997895,23.86463981846,13.097,II/389/ps1_dr2
136640826435305944,82.64355944304,23.87115920804,14.9018,II/389/ps1_dr2
136620825794869348,82.57942848,23.85729342,11.307,II/389/ps1_dr2
136620825793328909,82.57935389,23.85701427,12.5258,II/389/ps1_dr2
136650825523218552,82.55231975515,23.88163275016,13.927,II/389/ps1_dr2
136710826481146788,82.64801057912,23.9301272309,13.406,II/389/ps1_dr2
136730826417154723,82.6417295253,23.94512229464,13.705,II/389/ps1_dr2
136730825913872330,82.59140395409,23.94311494998,13.7825,II/389/ps1_dr2
136600827896167018,82.78969201828,23.83870014111,14.5447,II/389/ps1_dr2
136610827977274476,82.79777292501,23.84492981164,14.5564,II/389/ps1_dr2
136590827742237703,82.77427207172,23.83095804662,14.3758,II/389/ps1_dr2
136620828413012151,82.84131873383,23.85133097172,14.9061,II/389/ps1_dr2
136660828520150387,82.85207449029,23.88317783667,13.8901,II/389/ps1_dr2
136680828139206384,82.81394911741,23.90485740383,14.5525,II/389/ps1_dr2
136680828251569751,82.82522548989,23.90763147833,14.1099,II/389/ps1_dr2
136690828331773454,82.83321135625,23.91074665556,14.4993,II/389/ps1_dr2
136640827641673398,82.76398535,23.86892488,13.744,II/389/ps1_dr2
136640827649053725,82.76498402,23.86935605,13.1472,II/389/ps1_dr2
136640827646373406,82.76475717,23.86907918,11.604,II/389/ps1_dr2
136700829026552602,82.90271256417,23.91833960114,13.5882,II/389/ps1_dr2
136730828654808963,82.86553379145,23.94864291661,14.3118,II/389/ps1_dr2
136780829110253712,82.91105098168,23.98596657326,14.633,II/389/ps1_dr2
136770828688497414,82.8689237726,23.98070323495,14.6441,II/389/ps1_dr2
136770826301072669,82.62989547,23.97682602,10.3261,II/389/ps1_dr2
136770826415274579,82.64157356242,23.97834224582,14.9951,II/389/ps1_dr2
136800828311276800,82.83110467,24.00532919,10.1906,II/389/ps1_dr2
136800828310857148,82.83121314,24.00539128,11.7833,II/389/ps1_dr2
136800828307946270,82.83053804,24.00469037,11.6422,II/389/ps1_dr2
136590824478356407,82.44783746584,23.82984720772,14.2843,II/389/ps1_dr2
136620824753536278,82.475277824,23.85468317806,13.364,II/389/ps1_dr2
136620824237695776,82.42376706577,23.85433772974,14.9079,II/389/ps1_dr2
136810826067970365,82.60680983321,24.00816224931,14.9949,II/389/ps1_dr2
136930827274692742,82.72747325313,24.11010643674,13.5677,II/389/ps1_dr2
136890827214533992,82.72145327656,24.07782370828,13.8781,II/389/ps1_dr2
136910827353846450,82.73544374657,24.09661572141,12.597,II/389/ps1_dr2
136900826933819071,82.69338682069,24.09040385388,14.9499,II/389/ps1_dr2
136940827587677192,82.75877239061,24.12216452542,14.7629,II/389/ps1_dr2
136950827546508625,82.75456621829,24.13164661281,14.6083,II/389/ps1_dr2
136810829736833611,82.97371426755,24.01089738409,14.88,II/389/ps1_dr2
136890830035677446,83.0035868,24.08095784,12.7025,II/389/ps1_dr2
136890830037167767,83.00359623,24.08096026,12.906,II/389/ps1_dr2
136930829868243452,82.98687511,24.11062386,11.423,II/389/ps1_dr2
136930829870823767,82.98722421,24.11077733,14.1446,II/389/ps1_dr2
136980830968983913,83.09681001,24.15272133,13.0547,II/389/ps1_dr2
136980830231914187,83.0232655,24.15306975,12.826,II/389/ps1_dr2
136980830646198271,83.06462752311,24.15643410516,14.6829,II/389/ps1_dr2
136970829342750428,82.93428922893,24.14155486215,14.5614,II/389/ps1_dr2
136940828652045270,82.86519276652,24.12057343989,14.7767,II/389/ps1_dr2
136950828528104479,82.8527577955,24.12820864217,13.7022,II/389/ps1_dr2
137010828615994305,82.86191011,24.17832181,14.1267,II/389/ps1_dr2
137010828619234576,82.86193180725,24.17833783259,12.477,II/389/ps1_dr2
137010828538929183,82.85390644139,24.18217068793,14.7258,II/389/ps1_dr2
137040828872320204,82.88722286675,24.19967988355,14.086,II/389/ps1_dr2
137020829458425302,82.94581197655,24.18727023769,14.3062,II/389/ps1_dr2
137020829224437305,82.92241795006,24.18895957296,14.1484,II/389/ps1_dr2
137070829151793533,82.91518072377,24.22747666489,14.3899,II/389/ps1_dr2
137120829638510529,82.96385783365,24.26664427494,14.0226,II/389/ps1_dr2
137000831350480899,83.13507480349,24.16692647853,14.3918,II/389/ps1_dr2
137030831809215977,83.1809312478,24.1961409736,13.9031,II/389/ps1_dr2
137040832158722223,83.21598681,24.20150916,10.963,II/389/ps1_dr2
137040832161442658,83.21613297,24.20166905,13.0085,II/389/ps1_dr2
137070830830215909,83.0828974564,24.22941359048,14.2032,II/389/ps1_dr2
137070830827215662,83.08271298,24.22924457,14.2004,II/389/ps1_dr2
137070832282504412,83.22826395695,24.22818764194,12.314,II/389/ps1_dr2
137120832579665425,83.25796528129,24.27070311507,13.09,II/389/ps1_dr2
137150831708137826,83.17080799833,24.29768904503,14.6039,II/389/ps1_dr2
137070830510008873,83.05104309444,24.23191215239,14.2004,II/389/ps1_dr2
137120830518050952,83.05177566277,24.26698957132,14.7848,II/389/ps1_dr2
137140830534900086,83.05352304187,24.28292583939,14.2355,II/389/ps1_dr2
137180831038791092,83.10387186715,24.31710413027,14.9447,II/389/ps1_dr2
137130830138543042,83.01385202007,24.27708093614,14.5958,II/389/ps1_dr2
137180830449984844,83.04504645182,24.32024118548,14.8039,II/389/ps1_dr2
137230830408061480,83.04111437035,24.35922607474,12.684,II/389/ps1_dr2
137230830412611679,83.04111840036,24.35923013691,14.0173,II/389/ps1_dr2
137200831373034663,83.13736836465,24.33675702631,13.46,II/389/ps1_dr2
137220831307428465,83.13064749425,24.35655987984,13.7603,II/389/ps1_dr2
137240831284482700,83.12841219672,24.36842945824,14.6921,II/389/ps1_dr2
137260831035744848,83.1035534817,24.38689722463,14.055,II/389/ps1_dr2
137270831365017541,83.13647524557,24.39745684878,13.8477,II/389/ps1_dr2
137020828105324744,82.81051270562,24.18677810488,13.8795,II/389/ps1_dr2
137060828417600846,82.84174982278,24.21687977024,14.5121,II/389/ps1_dr2
137100828890204176,82.88903899613,24.25300433026,14.8581,II/389/ps1_dr2
137090829130306496,82.91303692058,24.24660323532,14.7468,II/389/ps1_dr2
137120829367072472,82.93672201484,24.26826688203,14.6799,II/389/ps1_dr2
137160829513064749,82.95129806,24.30351889,11.67,II/389/ps1_dr2
137160829527664076,82.95274614287,24.3029230875,14.1194,II/389/ps1_dr2
136780836521629828,83.65218626269,23.99102020259,14.1153,II/389/ps1_dr2
136800836939708758,83.69406838,24.00663516,12.7512,II/389/ps1_dr2
136800836941919195,83.69416573,24.00709581,12.012,II/389/ps1_dr2
136870836442800438,83.64429627,24.0581637,12.392,II/389/ps1_dr2
136850836139290301,83.61393347982,24.04144898546,12.696,II/389/ps1_dr2
136880836391060446,83.63911489971,24.06650618409,14.1623,II/389/ps1_dr2
136860836772898305,83.677310019,24.05642268013,14.8374,II/389/ps1_dr2
136930836746737995,83.67471055694,24.11446891388,13.6827,II/389/ps1_dr2
136930837943170386,83.79431391422,24.1081834086,14.1795,II/389/ps1_dr2
136970837844368234,83.7844360089,24.14805928624,14.9489,II/389/ps1_dr2
136920835963300401,83.59635308,24.09979542,13.161,II/389/ps1_dr2
136950836354134125,83.63536428237,24.12798625243,14.8148,II/389/ps1_dr2
136960836127402626,83.61274364884,24.13505275434,14.9402,II/389/ps1_dr2
136930835586549803,83.558665452,24.11602628223,14.6131,II/389/ps1_dr2
137010835728562684,83.57291060523,24.17667891003,13.9824,II/389/ps1_dr2
137010835881287176,83.58831391,24.18074398,11.47,II/389/ps1_dr2
137010835879896802,83.58813683,24.18049565,12.4769,II/389/ps1_dr2
136970836865387836,83.6865406787,24.14770734069,13.994,II/389/ps1_dr2
137040837243026204,83.72415494,24.20462265,11.852,II/389/ps1_dr2
137040837240425825,83.72411674,24.20449241,13.522,II/389/ps1_dr2
137040837313493091,83.73136595968,24.20213852285,14.8535,II/389/ps1_dr2
137090837113078574,83.7112988,24.24829442,12.689,II/389/ps1_dr2
137090837111388198,83.711304,24.24810523,14.6306,II/389/ps1_dr2
137090836377132952,83.6378200677,24.24364769712,12.472,II/389/ps1_dr2
137090836724420858,83.67238497735,24.24192564875,14.5878,II/389/ps1_dr2
137020838267729487,83.82676928046,24.19077654681,14.6623,II/389/ps1_dr2
137060839161277201,83.91615207818,24.2222052584,14.6085,II/389/ps1_dr2
137040839116797186,83.91169762985,24.20552656598,14.9884,II/389/ps1_dr2
137070839136619313,83.91369791317,24.23230711347,13.104,II/389/ps1_dr2
137090838704950735,83.8704742699,24.24184509937,14.4416,II/389/ps1_dr2
137100839697017962,83.96972835485,24.25616555705,14.9092,II/389/ps1_dr2
137140839324772073,83.93248285846,24.28465181557,13.7536,II/389/ps1_dr2
137120838778832569,83.87788712955,24.26840993699,12.843,II/389/ps1_dr2
137170838723312202,83.87231630306,24.30975756885,14.9871,II/389/ps1_dr2
137160839300629084,83.9300528904,24.30717393274,13.4252,II/389/ps1_dr2
137200839463005252,83.94629399275,24.33728001466,14.3181,II/389/ps1_dr2
137200839463015251,83.94629239622,24.33727335492,14.3124,II/389/ps1_dr2
137200839310421125,83.93104308676,24.33383334022,14.8449,II/389/ps1_dr2
137200839215017358,83.92150343688,24.33905874187,13.6511,II/389/ps1_dr2
137230839484800806,83.94851696005,24.35861683529,13.248,II/389/ps1_dr2
137080837523486541,83.75248014,24.23826649,13.5131,II/389/ps1_dr2
137080837523637038,83.75236081,24.23865405,14.3389,II/389/ps1_dr2
137080837531816498,83.75309276,24.23823009,13.6219,II/389/ps1_dr2
137150837641770501,83.76383791,24.29162593,13.0925,II/389/ps1_dr2
137140837605525996,83.76055138459,24.28791827791,13.826,II/389/ps1_dr2
137150838018597275,83.80166711639,24.29741594423,12.26,II/389/ps1_dr2
137170837597186745,83.75969800033,24.31351834006,14.6797,II/389/ps1_dr2
137170837595266414,83.75969076502,24.31351916303,14.6511,II/389/ps1_dr2
137250838908624039,83.89085195918,24.37794972196,14.3462,II/389/ps1_dr2
137270839063385555,83.90633053083,24.39588042586,13.901,II/389/ps1_dr2
137210838096075334,83.80959447414,24.34568160059,14.5166,II/389/ps1_dr2
137260837795806954,83.77957064089,24.3886992724,13.324,II/389/ps1_dr2
137320838484013140,83.84836098396,24.43550086934,13.9902,II/389/ps1_dr2
137320838549563090,83.85509327,24.43568193,12.4713,II/389/ps1_dr2
137320838551633362,83.85509687453,24.43566280715,12.199,II/389/ps1_dr2
137020835513317824,83.5513301142,24.18937782613,14.9185,II/389/ps1_dr2
137040835488959788,83.54889353022,24.20768142868,13.991,II/389/ps1_dr2
137070835284938164,83.52838122,24.23128293,11.6743,II/389/ps1_dr2
137070835282857793,83.5283393,24.23119882,11.826,II/389/ps1_dr2
137030834609813698,83.46097905779,24.19428743618,14.74,II/389/ps1_dr2
137040834614236487,83.46147038,24.20503562,13.4949,II/389/ps1_dr2
137040834611356195,83.46124493,24.20472737,12.6016,II/389/ps1_dr2
137080834694922907,83.46949033245,24.23529493012,13.6101,II/389/ps1_dr2
137070834925301576,83.49253255152,24.22584207584,14.5414,II/389/ps1_dr2
137090834904507404,83.49047329,24.24743536,10.866,II/389/ps1_dr2
137110834976454254,83.49763520409,24.26140047784,14.0543,II/389/ps1_dr2
137140835868179495,83.58682357993,24.29077658066,14.9174,II/389/ps1_dr2
137130836365105827,83.63651150517,24.27937622864,14.3051,II/389/ps1_dr2
137150835655153407,83.56552431269,24.29403111046,14.3492,II/389/ps1_dr2
137160835260686074,83.5260795726,24.3045852,14.1739,II/389/ps1_dr2
137180835417598435,83.54176304848,24.32323084596,14.5661,II/389/ps1_dr2
137190835361200820,83.53611835726,24.32521444117,14.8208,II/389/ps1_dr2
137210836125957061,83.61271328,24.34706594,12.767,II/389/ps1_dr2
137230836049081018,83.60495472,24.35868412,11.2812,II/389/ps1_dr2
137230836051530619,83.60517822,24.35841706,11.738,II/389/ps1_dr2
137180834621621031,83.46219461252,24.31705805387,12.173,II/389/ps1_dr2
137160834545636865,83.45459379524,24.30524254628,13.166,II/389/ps1_dr2
137180835082797767,83.50828634237,24.32267325796,13.933,II/389/ps1_dr2
137220835416447523,83.54164432107,24.35581292792,14.3305,II/389/ps1_dr2
137290835381927456,83.5380619,24.41414935,13.4293,II/389/ps1_dr2
137290835375427042,83.53751101,24.41379316,11.0129,II/389/ps1_dr2
137230834680392772,83.46803340907,24.36018803812,14.8898,II/389/ps1_dr2
137250834638446450,83.46383777162,24.37992709183,14.5857,II/389/ps1_dr2
137300835323973544,83.53243629825,24.41913437187,13.633,II/389/ps1_dr2
137300835189897725,83.51896770485,24.42264851346,13.986,II/389/ps1_dr2
137250836890788711,83.68905075735,24.38183230747,14.018,II/389/ps1_dr2
137230836052740945,83.60520878,24.35860695,11.038,II/389/ps1_dr2
137230836055010490,83.60571396,24.3584543,14.1558,II/389/ps1_dr2
137280836174154494,83.61742721353,24.40326484731,14.1873,II/389/ps1_dr2
137310836565698244,83.65655087846,24.43143015962,14.3376,II/389/ps1_dr2
137300838021804787,83.80216465148,24.42022139961,14.8863,II/389/ps1_dr2
137350837336254216,83.73361068,24.46147074,11.241,II/389/ps1_dr2
137380837626071957,83.76266467,24.4844109,13.8157,II/389/ps1_dr2
137380837621252205,83.76205791,24.48463112,10.359,II/389/ps1_dr2
137380837619001902,83.76191344,24.48442376,10.2284,II/389/ps1_dr2
137380837623452941,83.7622618,24.48512784,13.5571,II/389/ps1_dr2
137380837614111967,83.76147421,24.48471798,13.6726,II/389/ps1_dr2
137310835592274879,83.55941641,24.42893887,13.086,II/389/ps1_dr2
137310836213142526,83.6213230688,24.42663230781,14.5873,II/389/ps1_dr2
137360835528522640,83.55287292484,24.4683747541,13.8054,II/389/ps1_dr2
137420837003431353,83.70023820661,24.51729258515,14.1972,II/389/ps1_dr2
137450836862634931,83.68631645531,24.54531226536,14.4817,II/389/ps1_dr2
137500836388388391,83.63894602337,24.5898750258,12.736,II/389/ps1_dr2
137190840235829075,84.02358723591,24.33213753954,14.8247,II/389/ps1_dr2
137190840607459770,84.0607171741,24.33268440314,13.8347,II/389/ps1_dr2
137210839906077708,83.99061419819,24.34765426213,14.727,II/389/ps1_dr2
137250841022631193,84.10229464582,24.37552187471,14.996,II/389/ps1_dr2
137240840869311083,84.08691647317,24.3671064549,14.3274,II/389/ps1_dr2
137230840484904509,84.04847513,24.36167062,11.871,II/389/ps1_dr2
137270840853175706,84.08534981678,24.39595251469,14.2502,II/389/ps1_dr2
137280840497722739,84.04977711292,24.40184301329,13.295,II/389/ps1_dr2
137260840031463783,84.00314817558,24.3860484481,14.6154,II/389/ps1_dr2
137240839684102394,83.9684134515,24.36822386921,14.5106,II/389/ps1_dr2
137280839774114214,83.97739323,24.40309107,12.491,II/389/ps1_dr2
137270840377423455,84.03775919251,24.39408911879,14.8274,II/389/ps1_dr2
137300839929659370,83.99293267481,24.42404260317,13.9425,II/389/ps1_dr2
137330840639733776,84.06399262,24.44432758,11.7658,II/389/ps1_dr2
137330840637213565,84.06387613,24.44421168,11.343,II/389/ps1_dr2
137390841194201875,84.11940630718,24.49272507005,14.2552,II/389/ps1_dr2
137400841312723954,84.13132243,24.50300668,11.8337,II/389/ps1_dr2
137400841314304284,84.13155597,24.50297832,11.637,II/389/ps1_dr2
137400841315084768,84.13152119,24.50347354,14.8817,II/389/ps1_dr2
137350838820842802,83.88205617552,24.46023027684,13.8848,II/389/ps1_dr2
137430839301282710,83.93011628276,24.52683200019,14.2585,II/389/ps1_dr2
137370840325804488,84.03281586,24.47840807,9.795,II/389/ps1_dr2
137370840329324874,84.03302126,24.47863556,10.0127,II/389/ps1_dr2
137370840331024592,84.03306634,24.47837281,9.8555,II/389/ps1_dr2
137380840482170795,84.04823949868,24.48352884506,14.4084,II/389/ps1_dr2
137400840541368095,84.05411212419,24.50624594738,13.8715,II/389/ps1_dr2
137420840168358120,84.0168371,24.52302746,10.642,II/389/ps1_dr2
137420840172848018,84.01716988,24.52302508,10.43,II/389/ps1_dr2
137420840176698358,84.01759817,24.52316956,10.4693,II/389/ps1_dr2
137440840370787099,84.03693888,24.5387417,14.3824,II/389/ps1_dr2
137440840375657883,84.03756896,24.53928591,10.857,II/389/ps1_dr2
137440840376827465,84.03729883,24.53902034,13.1091,II/389/ps1_dr2
137470840533201592,84.05334658685,24.55917736598,14.4119,II/389/ps1_dr2
137420839917708598,83.99173723249,24.52340185161,13.46,II/389/ps1_dr2
137490839931984876,83.99316113,24.57854197,12.793,II/389/ps1_dr2
137490840045391094,84.00454716774,24.57542006348,13.026,II/389/ps1_dr2
137400841761350189,84.17613235012,24.49964715633,14.3057,II/389/ps1_dr2
137450842483983747,84.2483568735,24.5442555517,13.475,II/389/ps1_dr2
137440842656574917,84.26565499369,24.53694064785,14.411,II/389/ps1_dr2
137450842165408343,84.21653522892,24.54812626942,14.9821,II/389/ps1_dr2
137480842460112053,84.24585746,24.5679425,10.456,II/389/ps1_dr2
137480842462542449,84.24603591,24.568251,11.2271,II/389/ps1_dr2
137480842454641441,84.24550524,24.56742029,12.4912,II/389/ps1_dr2
137480842456641740,84.24568151,24.56764039,11.8855,II/389/ps1_dr2
137490842213649391,84.22133865395,24.58233197355,13.095,II/389/ps1_dr2
137490842315054564,84.23149801127,24.57830264482,14.1491,II/389/ps1_dr2
137480842927372433,84.29272979451,24.56820863763,14.3123,II/389/ps1_dr2
137480842933063623,84.29330283924,24.56921150595,12.711,II/389/ps1_dr2
137490843196248274,84.31962741,24.58139113,11.805,II/389/ps1_dr2
137490843094456501,84.30930123325,24.57986650045,12.149,II/389/ps1_dr2
137490843215944102,84.32159079926,24.57792524539,12.185,II/389/ps1_dr2
137500842647434052,84.26471163,24.5861884,12.593,II/389/ps1_dr2
137500842880858720,84.28809926601,24.59001475089,12.906,II/389/ps1_dr2
137550843212528476,84.32123717739,24.63157227787,13.472,II/389/ps1_dr2
137570843455143346,84.34552054359,24.64398564997,14.4563,II/389/ps1_dr2
137530842382748488,84.23823956611,24.61497097261,14.5692,II/389/ps1_dr2
137550842312140430,84.23121323314,24.62487702242,14.8547,II/389/ps1_dr2
137580843054746785,84.30547372476,24.65515913751,14.7193,II/389/ps1_dr2
137490841274338273,84.12742348816,24.58137883976,14.0672,II/389/ps1_dr2
137550841706048361,84.17059079553,24.63146221302,13.496,II/389/ps1_dr2
137570841267605835,84.12675314197,24.64603613369,14.1813,II/389/ps1_dr2
137590841465551478,84.1465608294,24.65907897805,14.9455,II/389/ps1_dr2
137580841799921778,84.1799933692,24.65098533145,14.7651,II/389/ps1_dr2
137590841747414694,84.17474098429,24.66175138122,14.5513,II/389/ps1_dr2
137620841824340574,84.182367022,24.68333544789,13.6889,II/389/ps1_dr2
137630842410374520,84.24102692613,24.69482242264,14.368,II/389/ps1_dr2
137630842410394521,84.24101228591,24.69487962687,14.3838,II/389/ps1_dr2
137660842467984589,84.24679581674,24.71999927871,14.862,II/389/ps1_dr2
137680841489061183,84.14892569256,24.73385966615,10.465,II/389/ps1_dr2
137670841980764281,84.19804026329,24.72807166954,13.8338,II/389/ps1_dr2
137680842139807633,84.21397000135,24.73919569196,13.922,II/389/ps1_dr2
137680841765690765,84.17661839,24.73350685,11.996,II/389/ps1_dr2
137710842029952434,84.20295846,24.75986229,13.3302,II/389/ps1_dr2
137720841811771235,84.18117640981,24.76719852593,14.3832,II/389/ps1_dr2
137710842049883708,84.2049708129,24.76095490472,14.079,II/389/ps1_dr2
137710842030493280,84.20317954,24.76060394,13.6209,II/389/ps1_dr2
137370838505713527,83.85050197313,24.47748180731,12.857,II/389/ps1_dr2
137430838894309608,83.88955931,24.53242947,13.786,II/389/ps1_dr2
137430838900429193,83.89010184,24.53223344,9.35,II/389/ps1_dr2
137430838902579451,83.8902643,24.53237552,9.3141,II/389/ps1_dr2
137430838893248975,83.88940505,24.53194589,10.7568,II/389/ps1_dr2
137470839024793750,83.90246791512,24.56102814897,13.813,II/389/ps1_dr2
137450838383554624,83.83837470615,24.54517864032,12.913,II/389/ps1_dr2
137460837892791817,83.78925900701,24.55107011603,14.9898,II/389/ps1_dr2
137450837767967301,83.77676016122,24.54730161694,14.7345,II/389/ps1_dr2
137500838711850102,83.87117428622,24.58298906606,14.8906,II/389/ps1_dr2
137500838192775232,83.81925463971,24.58726156744,14.6985,II/389/ps1_dr2
137500838401798949,83.84018449252,24.59041842368,13.149,II/389/ps1_dr2
137520838628944257,83.86288511619,24.6031225376,13.9342,II/389/ps1_dr2
137490839438911404,83.94387292115,24.57572742467,14.4883,II/389/ps1_dr2
137510839330994943,83.93310403816,24.59537085622,13.808,II/389/ps1_dr2
137510839329654396,83.9329605569,24.59493987531,12.185,II/389/ps1_dr2
137550839166119997,83.91659617528,24.63287126446,14.7802,II/389/ps1_dr2
137620839317031238,83.9317415077,24.68388621098,12.817,II/389/ps1_dr2
137480837644551565,83.76442896171,24.56752704376,13.7971,II/389/ps1_dr2
137550838226638441,83.82260617,24.63184968,13.6222,II/389/ps1_dr2
137550838225868814,83.82260092458,24.63185116803,13.6547,II/389/ps1_dr2
137540837713742667,83.77125443,24.61841341,11.5604,II/389/ps1_dr2
137540837710542478,83.77104327,24.61825385,10.663,II/389/ps1_dr2
137540837706442260,83.77096679,24.61812399,11.9407,II/389/ps1_dr2
137560837437476742,83.74377037676,24.63847081133,14.1339,II/389/ps1_dr2
137580838238007008,83.8238141928,24.65534680804,12.916,II/389/ps1_dr2
137620839017949832,83.90201080719,24.69108910729,14.0239,II/389/ps1_dr2
137640839107474697,83.9108206689,24.70346449869,14.8664,II/389/ps1_dr2
137660838623773361,83.8624232394,24.71898756098,14.4204,II/389/ps1_dr2
137690838636141775,83.86367633071,24.74269923881,14.6591,II/389/ps1_dr2
137700838197735093,83.81986211314,24.75385069386,14.0236,II/389/ps1_dr2
137590840446396780,84.04452118,24.66338926,11.727,II/389/ps1_dr2
137590840443166585,84.04422124,24.66339701,11.6388,II/389/ps1_dr2
137610840519037623,84.05191667776,24.68085413118,14.9509,II/389/ps1_dr2
137630840715700452,84.07156198462,24.6915338586,14.1947,II/389/ps1_dr2
137640840760453557,84.0760345675,24.70245682308,14.8091,II/389/ps1_dr2
137650839836906446,83.98395082,24.71308835,11.729,II/389/ps1_dr2
137690839930228018,83.99307938,24.74788638,14.2945,II/389/ps1_dr2
137690839936008503,83.993579,24.7484,9.8866,II/389/ps1_dr2
137690839929168343,83.99292791,24.74814128,13.3305,II/389/ps1_dr2
137700840294685532,84.02947289559,24.75411755259,14.9169,II/389/ps1_dr2
137700841467225159,84.14673104991,24.75381294953,14.8207,II/389/ps1_dr2
137690840754663413,84.07548292748,24.74401657928,14.5952,II/389/ps1_dr2
137710840904272881,84.09043684194,24.76024644451,13.362,II/389/ps1_dr2
137710840893203170,84.08928369646,24.76049477158,12.5,II/389/ps1_dr2
137730841578565294,84.15793684133,24.77896806613,11.732,II/389/ps1_dr2
137730841580785685,84.15809805,24.77926892,13.1783,II/389/ps1_dr2
137710841590844032,84.15908214297,24.76118929725,14.8039,II/389/ps1_dr2
137730841878166712,84.18781812456,24.78008168932,14.475,II/389/ps1_dr2
137780840559800887,84.055965521,24.81690611417,14.496,II/389/ps1_dr2
137780840567162648,84.05672103162,24.81838038307,14.5596,II/389/ps1_dr2
137750841041127862,84.10418561,24.79772953,10.0704,II/389/ps1_dr2
137750841043138217,84.10433661,24.7982732,10.9057,II/389/ps1_dr2
137790840986369948,84.09864158247,24.83279973525,13.239,II/389/ps1_dr2
137670839527995130,83.95301021601,24.72886028053,12.831,II/389/ps1_dr2
137680839074265035,83.90744172471,24.73704103537,14.7089,II/389/ps1_dr2
137730840038831000,84.00388929865,24.77534407704,14.8355,II/389/ps1_dr2
137750839791246234,83.97913071353,24.79636416697,13.8611,II/389/ps1_dr2
137730839064448463,83.90646956136,24.78153236829,12.939,II/389/ps1_dr2
137750839097123802,83.90971249858,24.79434688093,14.3039,II/389/ps1_dr2
137750839168261347,83.91690436854,24.79234250807,14.4353,II/389/ps1_dr2
137750839145499404,83.91455589609,24.79901377797,14.6818,II/389/ps1_dr2
137720838697186444,83.86976508,24.77159078,12.491,II/389/ps1_dr2
137770838844632792,83.88446967296,24.81017478772,14.4587,II/389/ps1_dr2
137760840197753247,84.01973382117,24.80216651397,14.6879,II/389/ps1_dr2
137840840923016920,84.09230086063,24.87194584223,14.7936,II/389/ps1_dr2
137840839884808646,83.98848833559,24.87338192047,14.6122,II/389/ps1_dr2
137890840208292685,84.02082304201,24.91008521012,12.538,II/389/ps1_dr2
137190833174208325,83.31742838265,24.33150253653,14.8102,II/389/ps1_dr2
137240833270183282,83.32702890187,24.36893378009,13.312,II/389/ps1_dr2
137250834025475241,83.40253194491,24.37892065848,14.9359,II/389/ps1_dr2
137240833369849977,83.33698134959,24.37453100008,14.2563,II/389/ps1_dr2
137240833343073208,83.33432454591,24.3688741537,12.645,II/389/ps1_dr2
137230832664368147,83.2665986,24.36473469,9.5747,II/389/ps1_dr2
137230832668738316,83.26694083,24.3649988,8.9123,II/389/ps1_dr2
137230832661343092,83.26613535586,24.3604199377,13.467,II/389/ps1_dr2
137270832670001256,83.26692147063,24.39219467811,13.373,II/389/ps1_dr2
137280833338936501,83.33390656244,24.40495457633,14.6819,II/389/ps1_dr2
137320834360740470,83.4360703102,24.43326806288,14.4452,II/389/ps1_dr2
137290833987117680,83.39871228192,24.41427263993,14.2368,II/389/ps1_dr2
137350834776902988,83.47782859,24.46054078,13.1223,II/389/ps1_dr2
137350834778513415,83.47787770479,24.46071284831,12.137,II/389/ps1_dr2
137340833713270813,83.37141487588,24.45038608504,13.43,II/389/ps1_dr2
137280832253363769,83.22533327311,24.4026419054,12.982,II/389/ps1_dr2
137330832304535959,83.23042302756,24.44612239357,14.1138,II/389/ps1_dr2
137390832757609807,83.27579227102,24.49934445368,13.494,II/389/ps1_dr2
137340832066544095,83.20663423599,24.4529139784,14.2643,II/389/ps1_dr2
137350831734858948,83.17336678886,24.4652330614,13.307,II/389/ps1_dr2
137370831915591164,83.19154899804,24.47548122307,14.5461,II/389/ps1_dr2
137370833085555595,83.30853809078,24.47918558634,14.8655,II/389/ps1_dr2
137380833051407812,83.30515264298,24.48938836091,12.4999,II/389/ps1_dr2
137420832997497730,83.29972885347,24.52262160367,14.877,II/389/ps1_dr2
137430833357547201,83.33568683628,24.53050980797,13.6792,II/389/ps1_dr2
137460832977736671,83.29763529073,24.5550176096,14.3298,II/389/ps1_dr2
137360834933537096,83.49338296278,24.47210955047,13.9131,II/389/ps1_dr2
137390834670805048,83.46709830533,24.49540273674,13.071,II/389/ps1_dr2
137400834664349988,83.46657365,24.50786703,14.3944,II/389/ps1_dr2
137410834660840103,83.46616682104,24.50792734282,12.824,II/389/ps1_dr2
137430835132452181,83.5132850583,24.52642707168,14.336,II/389/ps1_dr2
137500834670768024,83.4670876394,24.58952304022,14.6228,II/389/ps1_dr2
137520834942976592,83.4943431891,24.60499225446,12.97,II/389/ps1_dr2
137540834950837329,83.49510355628,24.62228450194,14.7745,II/389/ps1_dr2
137490835640346883,83.56403589221,24.58027161927,14.6753,II/389/ps1_dr2
137540835983795348,83.59840362272,24.62063852647,14.0608,II/389/ps1_dr2
137550835303850254,83.53040755606,24.62471773343,14.5443,II/389/ps1_dr2
137580835474140131,83.54751300734,24.64966004159,13.189,II/389/ps1_dr2
137590835966797591,83.59675685202,24.664193387,13.145,II/389/ps1_dr2
137530834439835379,83.44396418,24.61223541,13.4101,II/389/ps1_dr2
137530834440025722,83.44403081601,24.61260428979,12.21,II/389/ps1_dr2
137540833843428162,83.38437212,24.6230247,14.2236,II/389/ps1_dr2
137560834999338464,83.49996330084,24.63989682692,14.17,II/389/ps1_dr2
137610836578420399,83.65784876197,24.67483794846,14.7166,II/389/ps1_dr2
137650837320534952,83.7320678167,24.71197251001,14.5813,II/389/ps1_dr2
137650837305838538,83.7305042376,24.71503011552,13.392,II/389/ps1_dr2
137610836368500248,83.63685305429,24.67471280825,14.9973,II/389/ps1_dr2
137620836139638528,83.61400378755,24.68994462446,13.293,II/389/ps1_dr2
137710836538154535,83.6538284918,24.76162406213,14.3635,II/389/ps1_dr2
137690836526732442,83.65276805075,24.74328044143,12.552,II/389/ps1_dr2
137730836718762161,83.6716913,24.77654006,11.649,II/389/ps1_dr2
137670837437705782,83.7437974455,24.72934370933,14.3473,II/389/ps1_dr2
137770837323702645,83.73239289912,24.81006456235,14.3722,II/389/ps1_dr2
137720836349702439,83.63519945,24.76830223,12.5174,II/389/ps1_dr2
137720836354232934,83.63543271,24.76869077,11.4907,II/389/ps1_dr2
137810836929467573,83.69301998419,24.84752656908,14.7024,II/389/ps1_dr2
137780836965334210,83.69655571502,24.81969750983,14.1943,II/389/ps1_dr2
137770838583316560,83.8583383656,24.81331537274,13.7592,II/389/ps1_dr2
137790838462915701,83.84627268801,24.82922366961,13.3814,II/389/ps1_dr2
137790838459884622,83.84601803578,24.8283744258,13.4326,II/389/ps1_dr2
137860838995046849,83.89950466425,24.88854689281,14.7665,II/389/ps1_dr2
137860838262114140,83.82621254868,24.88628690616,14.6554,II/389/ps1_dr2
137880838187533337,83.81900077,24.90235943,13.2707,II/389/ps1_dr2
137880838184223401,83.81843101842,24.90232739294,12.074,II/389/ps1_dr2
137870839382224291,83.93822301843,24.8947450044,14.6833,II/389/ps1_dr2
137900839573688009,83.95699023,24.92300232,9.2282,II/389/ps1_dr2
137920839829425306,83.98294953147,24.93725129466,12.588,II/389/ps1_dr2
137920839998736237,83.99989631382,24.93803235625,13.01,II/389/ps1_dr2
137940839424900908,83.94251494167,24.95025294542,14.0848,II/389/ps1_dr2
137960839243772705,83.9243793315,24.96842541049,14.54,II/389/ps1_dr2
137970839238338584,83.92384528469,24.98165627877,14.3835,II/389/ps1_dr2
137960839247202894,83.924350862,24.9683898675,14.5312,II/389/ps1_dr2
137950839376260591,83.9376343257,24.95832292455,13.7048,II/389/ps1_dr2
137880837664302484,83.76651306833,24.90162035179,13.114,II/389/ps1_dr2
137870837802576699,83.78031884799,24.89679294105,14.924,II/389/ps1_dr2
137890837815541648,83.78162981288,24.90925372374,13.338,II/389/ps1_dr2
135890858896270774,85.88966445704,23.24173661422,14.1629,II/389/ps1_dr2
136020857561695624,85.75620535,23.35421938,12.885,II/389/ps1_dr2
136040857516517932,85.75164332214,23.37280939721,14.98,II/389/ps1_dr2
136060857465681039,85.74656552798,23.38373934467,14.2823,II/389/ps1_dr2
136090857358472658,85.73595565855,23.4101323748,12.078,II/389/ps1_dr2
136110856793791927,85.67939774,23.42614512,11.333,II/389/ps1_dr2
136130857175655897,85.71761835,23.44616424,12.454,II/389/ps1_dr2
136210856108384211,85.61086192432,23.51136567527,14.4093,II/389/ps1_dr2
136200855912919969,85.59126640607,23.50787228411,14.7043,II/389/ps1_dr2
136260855568179208,85.55690465311,23.55721195186,13.156,II/389/ps1_dr2
136430854556532028,85.45569820885,23.69287981126,14.3929,II/389/ps1_dr2
136440854530983436,85.45317366331,23.70238416412,13.6677,II/389/ps1_dr2
136490854048017658,85.40481004832,23.74757403049,14.9715,II/389/ps1_dr2
136520854131075899,85.41314101635,23.77112363418,14.849,II/389/ps1_dr2
136530854226514136,85.4226877509,23.7779851277,14.7237,II/389/ps1_dr2
136490853379803357,85.33801726636,23.74400732893,13.9607,II/389/ps1_dr2
136510853330062411,85.3329302166,23.75994769085,14.51,II/389/ps1_dr2
136540853309523060,85.33096820432,23.78539451323,13.112,II/389/ps1_dr2
136530853691299250,85.36915569769,23.78224290193,14.9121,II/389/ps1_dr2
136560853815193882,85.38155557403,23.80283187017,14.5668,II/389/ps1_dr2
136560853031794749,85.30315773919,23.80353361126,13.8798,II/389/ps1_dr2
136600853521730633,85.3522083286,23.83338523694,14.485,II/389/ps1_dr2
136620853164871111,85.3165107,23.85049469,11.095,II/389/ps1_dr2
136620853162080936,85.31630803,23.85036457,11.1961,II/389/ps1_dr2
136590852485996748,85.24867408,23.83028528,11.38,II/389/ps1_dr2
136600852736891609,85.27365917506,23.83426019438,14.5766,II/389/ps1_dr2
136670852952663643,85.29529191237,23.89423712255,13.6203,II/389/ps1_dr2
136680853016356699,85.30165679284,23.90511551937,14.7024,II/389/ps1_dr2
136700852611072078,85.26109068833,23.9179411897,14.2788,II/389/ps1_dr2
136690852503255110,85.25032249678,23.9121447584,14.9598,II/389/ps1_dr2
136710851899538689,85.18993106831,23.93179706539,14.2651,II/389/ps1_dr2
136720851829107459,85.18289143887,23.93910585866,13.6664,II/389/ps1_dr2
136720851458263771,85.14581429136,23.93602451347,13.118,II/389/ps1_dr2
136750852088303081,85.20872110882,23.96046726688,12.854,II/389/ps1_dr2
136760852131823241,85.21310027335,23.9689490657,14.3991,II/389/ps1_dr2
136780851483772440,85.14838720564,23.9849009966,14.4175,II/389/ps1_dr2
136780851492670608,85.1492721,23.98351807,11.5593,II/389/ps1_dr2
136770851472959078,85.14729216575,23.98207400601,13.227,II/389/ps1_dr2
136780851489180132,85.14900578,23.98344512,10.6118,II/389/ps1_dr2
136780851486830579,85.14868867,23.98325522,13.774,II/389/ps1_dr2
136770851490419807,85.14890801,23.98274933,9.8857,II/389/ps1_dr2
136750851083062319,85.10827863894,23.95983954636,14.181,II/389/ps1_dr2
136790851300332344,85.13007198,23.99311142,12.4215,II/389/ps1_dr2
136790851308162597,85.1307629,23.99339942,13.9134,II/389/ps1_dr2
136790851303142805,85.1302622,23.99358047,10.243,II/389/ps1_dr2
136800851899598705,85.18993183398,24.00681173151,14.6117,II/389/ps1_dr2
136770852561738578,85.25621065963,23.98168345747,14.5445,II/389/ps1_dr2
136800850557679318,85.05587795,24.00733038,12.619,II/389/ps1_dr2
136800850560169112,85.05588616,24.00730374,12.6269,II/389/ps1_dr2
136840851351263135,85.13509047139,24.03550489945,14.0758,II/389/ps1_dr2
136840851260620981,85.12595073621,24.03372894051,13.387,II/389/ps1_dr2
136860850181566078,85.01813356663,24.05464160776,13.6703,II/389/ps1_dr2
136880850917196538,85.09169752992,24.07166359922,13.104,II/389/ps1_dr2
136860850761008947,85.07608332614,24.05704423354,14.4893,II/389/ps1_dr2
136880850740216828,85.0739947951,24.07193081153,13.3161,II/389/ps1_dr2
136900850658136635,85.06579201349,24.08843221367,13.5628,II/389/ps1_dr2
136940850703056690,85.07032418881,24.12177889879,13.31,II/389/ps1_dr2
136890851377533561,85.13774536494,24.07751482924,13.189,II/389/ps1_dr2
136940850324003040,85.03237888504,24.11877600273,13.9089,II/389/ps1_dr2
136960850302903249,85.03026802557,24.1356133789,14.1255,II/389/ps1_dr2
136980850345796837,85.03456520116,24.15527167763,14.195,II/389/ps1_dr2
136990850355640967,85.03554095494,24.15868531243,12.3,II/389/ps1_dr2
136940849563658543,84.95633582886,24.12338345524,14.7779,II/389/ps1_dr2
136930849345857591,84.93453921721,24.11423890539,12.376,II/389/ps1_dr2
137000849495183843,84.94949001744,24.16945930768,14.264,II/389/ps1_dr2
137010850006366903,85.00061580844,24.18033868379,14.6814,II/389/ps1_dr2
137010850254627753,85.02545014127,24.18103561381,14.3212,II/389/ps1_dr2
137000850017702123,85.00175029684,24.16801699764,14.1203,II/389/ps1_dr2
137010849765354962,84.97650393696,24.17870447664,12.279,II/389/ps1_dr2
137000850871062378,85.08709299381,24.16821192963,14.9949,II/389/ps1_dr2
137020850449630636,85.04497643,24.18340202,12.932,II/389/ps1_dr2
137050850342866142,85.03427181252,24.21302796076,14.9032,II/389/ps1_dr2
137060850459027054,85.04596082446,24.22204554618,14.5963,II/389/ps1_dr2
137070849636262051,84.96363035,24.22625744,12.2737,II/389/ps1_dr2
137070849640162234,84.96397513,24.22642526,13.5339,II/389/ps1_dr2
137070849655580579,84.96566008,24.22482485,12.8889,II/389/ps1_dr2
137070849636491363,84.96365368,24.2256921,12.9083,II/389/ps1_dr2
137070849650480451,84.9650576,24.22472596,13.6167,II/389/ps1_dr2
137080849572652587,84.95729341596,24.23505184682,13.9912,II/389/ps1_dr2
137070848768100218,84.87703609,24.22486469,14.3555,II/389/ps1_dr2
137070848471332224,84.8471071358,24.22644587573,14.405,II/389/ps1_dr2
137080848881585138,84.8881279897,24.23720078807,12.545,II/389/ps1_dr2
137090849297951583,84.92997176,24.24254199,12.8028,II/389/ps1_dr2
137110849364253770,84.93640645366,24.26106764783,14.3737,II/389/ps1_dr2
137090849301281478,84.93023041,24.2424504,11.666,II/389/ps1_dr2
137070849916928557,84.99166612588,24.23169495289,14.1962,II/389/ps1_dr2
137090849666709656,84.96679017,24.24920751,13.6683,II/389/ps1_dr2
137090849670549714,84.96709198174,24.24931145613,11.904,II/389/ps1_dr2
137130849860044854,84.98598355325,24.27862775601,14.2182,II/389/ps1_dr2
137140849410143585,84.94099293742,24.28590837453,14.1695,II/389/ps1_dr2
137160849115673115,84.91153019268,24.30215691526,13.42,II/389/ps1_dr2
137080847938332149,84.79369744,24.23451744,11.9168,II/389/ps1_dr2
137080847937761668,84.79376391,24.23431232,11.366,II/389/ps1_dr2
137110848407904741,84.8408098315,24.2618375039,13.4059,II/389/ps1_dr2
137160848783791519,84.87834374058,24.30086036431,14.0853,II/389/ps1_dr2
137160848074541639,84.80745316704,24.30094137921,14.5582,II/389/ps1_dr2
137200848697294852,84.8697116389,24.33694233681,13.484,II/389/ps1_dr2
137230849003522560,84.90034386341,24.36003888959,14.4963,II/389/ps1_dr2
137220849042514407,84.90422067891,24.35326379076,13.9041,II/389/ps1_dr2
137240849180294100,84.91799962005,24.36967415922,14.8363,II/389/ps1_dr2
137220848382119815,84.83820463757,24.35774733059,14.5988,II/389/ps1_dr2
137210848490659560,84.84903709449,24.34921655959,13.385,II/389/ps1_dr2
137240848928727026,84.89284567722,24.37210791679,13.251,II/389/ps1_dr2
137250848665554229,84.8665568212,24.37809807997,14.7895,II/389/ps1_dr2
137290848622541236,84.86223281567,24.40895681807,13.7574,II/389/ps1_dr2
137160847308655960,84.73089319,24.30450588,12.946,II/389/ps1_dr2
137250847628956290,84.76303074,24.37982554,12.4982,II/389/ps1_dr2
137250847632866674,84.76312595,24.38000702,10.196,II/389/ps1_dr2
137220846756616013,84.67563998803,24.35457825938,14.8807,II/389/ps1_dr2
137240846787456386,84.67873190497,24.37154673165,14.8783,II/389/ps1_dr2
137270847083302515,84.70826504846,24.39332932278,14.2495,II/389/ps1_dr2
137290846861985968,84.68619373825,24.41281916009,13.354,II/389/ps1_dr2
137290846845395416,84.68451296249,24.4124176526,14.9301,II/389/ps1_dr2
137300847400847065,84.74006972526,24.42211573981,14.5796,II/389/ps1_dr2
137310847346145364,84.73457417307,24.42901011262,11.982,II/389/ps1_dr2
137290848348853336,84.83485743803,24.41069438566,14.934,II/389/ps1_dr2
137300848263853729,84.82639358,24.41936819,13.0857,II/389/ps1_dr2
137300848299874195,84.82996839148,24.41972949171,12.984,II/389/ps1_dr2
137310848456720516,84.84574439,24.42508357,12.5349,II/389/ps1_dr2
137310848304861316,84.83048395291,24.42566298199,14.6444,II/389/ps1_dr2
137320847893413188,84.78930775736,24.43558172385,14.1797,II/389/ps1_dr2
137330848131078570,84.81309000959,24.44838938827,14.546,II/389/ps1_dr2
137330848519620899,84.85190111244,24.44199025695,13.187,II/389/ps1_dr2
137340847872816285,84.78725165662,24.45481868705,13.7261,II/389/ps1_dr2
137370847519908597,84.75196105534,24.48173694489,14.0926,II/389/ps1_dr2
137380847575761032,84.75754174399,24.48376115243,13.449,II/389/ps1_dr2
137370848210054058,84.82100317393,24.47794021261,14.887,II/389/ps1_dr2
137320846591203961,84.65909652067,24.43619068548,13.4609,II/389/ps1_dr2
137290846031757020,84.60328136,24.41371431,13.5535,II/389/ps1_dr2
137290846039637088,84.6040413,24.41379108,14.3175,II/389/ps1_dr2
137290846035247236,84.60352494,24.41379291,11.8362,II/389/ps1_dr2
137320846387373797,84.63870623028,24.43606408218,14.6127,II/389/ps1_dr2
137320846316009944,84.63156348508,24.44117331519,14.8179,II/389/ps1_dr2
137370846748961969,84.67491864709,24.47614824465,13.7937,II/389/ps1_dr2
137330845847285330,84.58444969,24.44579383,11.5974,II/389/ps1_dr2
137330845845945008,84.58428132,24.44565404,11.81,II/389/ps1_dr2
137320846046780279,84.60465883979,24.43310298753,14.961,II/389/ps1_dr2
137330846171738468,84.61718029798,24.44823980027,13.9,II/389/ps1_dr2
137340846320895506,84.6320440777,24.45416861606,14.9299,II/389/ps1_dr2
137360846113837491,84.61134431962,24.47245623363,13.375,II/389/ps1_dr2
137370846517797429,84.65173462178,24.48073021598,12.239,II/389/ps1_dr2
137370846215648554,84.62153491193,24.48166636666,13.267,II/389/ps1_dr2
137390846093411790,84.6093436678,24.49266948859,14.7899,II/389/ps1_dr2
137420846492498019,84.64914598,24.52292911,11.1383,II/389/ps1_dr2
137420846496178567,84.6493368,24.52328044,11.4022,II/389/ps1_dr2
137420846493258355,84.64942123,24.52326895,11.074,II/389/ps1_dr2
137370847266941414,84.72666758696,24.47575288265,14.1438,II/389/ps1_dr2
137410847363872813,84.7363632229,24.51024009388,13.8902,II/389/ps1_dr2
137400847143086895,84.71429264485,24.50532554544,14.7572,II/389/ps1_dr2
137450847319113605,84.73191226584,24.54419523751,12.732,II/389/ps1_dr2
137450847388688964,84.73883357468,24.54870776654,14.2991,II/389/ps1_dr2
137410846858234874,84.68577765609,24.51193186442,12.241,II/389/ps1_dr2
137410846855064681,84.6855359,24.51178236,12.6045,II/389/ps1_dr2
137480847181080724,84.71805542359,24.56682635771,14.0511,II/389/ps1_dr2
137480847380729322,84.73801266155,24.57397995939,12.612,II/389/ps1_dr2
137480847075399036,84.70751363286,24.57374069242,14.9341,II/389/ps1_dr2
137510847001116761,84.70008237763,24.59685481945,14.9668,II/389/ps1_dr2
137370845436961172,84.54366531774,24.47553554791,14.0268,II/389/ps1_dr2
137370845484474944,84.54841564647,24.47868119513,14.1842,II/389/ps1_dr2
137370845606304263,84.56059694185,24.47811628563,14.835,II/389/ps1_dr2
137380845534954335,84.55350832,24.48645656,13.4668,II/389/ps1_dr2
137440846283596391,84.62832145391,24.5382099064,13.7201,II/389/ps1_dr2
137440845108445019,84.51083342702,24.53709433168,14.6349,II/389/ps1_dr2
137520845668806302,84.56683590977,24.60477604097,12.267,II/389/ps1_dr2
137450846366696499,84.63663475339,24.54664226293,14.2257,II/389/ps1_dr2
137450846367517992,84.63677789127,24.54780779906,12.34,II/389/ps1_dr2
137490846453344508,84.64528802859,24.5783064398,13.6639,II/389/ps1_dr2
137560846739455280,84.67386865785,24.63726713456,13.38,II/389/ps1_dr2
137540846260088771,84.62598924616,24.62352649157,14.7098,II/389/ps1_dr2
137540845771511812,84.57712471568,24.61772636629,14.6552,II/389/ps1_dr2
137530845714732952,84.57144606242,24.61034172755,14.5425,II/389/ps1_dr2
137540845706379636,84.57061045429,24.62424657666,14.7484,II/389/ps1_dr2
137590846394675036,84.63941787678,24.66208976442,13.9386,II/389/ps1_dr2
137570846613217258,84.66123839174,24.64725369288,13.392,II/389/ps1_dr2
137600846302629015,84.63023553582,24.6737163232,14.9632,II/389/ps1_dr2
137490844800876828,84.4800676318,24.58023244768,14.7097,II/389/ps1_dr2
137480844431516189,84.44316279544,24.57134096612,14.5757,II/389/ps1_dr2
137480844373084195,84.43733556431,24.56968366438,14.2996,II/389/ps1_dr2
137520844435110262,84.44347467645,24.59977780248,14.4631,II/389/ps1_dr2
137500845104886213,84.51046993707,24.58806731178,14.1679,II/389/ps1_dr2
137500845101946064,84.51044517353,24.58806529473,14.1894,II/389/ps1_dr2
137550845193845732,84.51935957105,24.6293173636,14.6064,II/389/ps1_dr2
137540845345066900,84.53452248853,24.62193436506,13.4592,II/389/ps1_dr2
137550844910796317,84.49105934289,24.62980902535,14.7755,II/389/ps1_dr2
137520844003462028,84.40035481951,24.60120728578,14.9376,II/389/ps1_dr2
137570844728288766,84.47280622686,24.6485169673,14.3705,II/389/ps1_dr2
137590844967846531,84.49674335484,24.66331847021,14.1857,II/389/ps1_dr2
137590845746997442,84.57467465808,24.66408235976,14.425,II/389/ps1_dr2
137600845506669537,84.55063453323,24.67416337185,14.0483,II/389/ps1_dr2
137650846130365504,84.61300203524,24.71246477953,14.2189,II/389/ps1_dr2
137670845169130969,84.51687736095,24.72537996727,14.9231,II/389/ps1_dr2
137650845547197269,84.55463795105,24.71393724794,13.326,II/389/ps1_dr2
137700845194211356,84.51938222049,24.7507093809,13.227,II/389/ps1_dr2
137610843997585016,84.39969380351,24.67873632323,12.904,II/389/ps1_dr2
137620843827877067,84.38273112016,24.68883928163,12.531,II/389/ps1_dr2
137620844363830263,84.43623778745,24.68308804639,12.227,II/389/ps1_dr2
137630844296358187,84.42958782342,24.69803705387,13.491,II/389/ps1_dr2
137660843534280836,84.35344912499,24.71690989926,14.1227,II/389/ps1_dr2
137660843849474530,84.38488791,24.72000452,12.659,II/389/ps1_dr2
137700844919032896,84.49184567263,24.75196239157,13.361,II/389/ps1_dr2
137710845114472440,84.51140889359,24.75993126247,12.765,II/389/ps1_dr2
137710845180093280,84.51797918715,24.76062132901,14.7743,II/389/ps1_dr2
137730845271282212,84.527094136,24.77639655905,14.3248,II/389/ps1_dr2
137740845374069874,84.53734925263,24.79111434003,13.437,II/389/ps1_dr2
137780844306585931,84.43061314503,24.82115972909,13.383,II/389/ps1_dr2
137690843172788961,84.31738009,24.74855187,11.604,II/389/ps1_dr2
137690843176068892,84.31746675,24.74869533,11.2659,II/389/ps1_dr2
137730842499296874,84.24993099275,24.78021154034,13.8866,II/389/ps1_dr2
137730842209707591,84.220721,24.780745,11.312,II/389/ps1_dr2
137780843083738684,84.30833032417,24.82345914373,13.255,II/389/ps1_dr2
137760843852654480,84.38522797395,24.80330860184,14.9514,II/389/ps1_dr2
137810844375457361,84.43749213835,24.84734907376,13.7033,II/389/ps1_dr2
137850844141675862,84.41416930153,24.87941691215,14.2028,II/389/ps1_dr2
137850844206444782,84.42064635403,24.87851300533,14.3959,II/389/ps1_dr2
137850843001915048,84.30020953986,24.87870992084,13.7699,II/389/ps1_dr2
137840843289316324,84.32890262876,24.87137579234,13.5124,II/389/ps1_dr2
137860843217033573,84.32170850088,24.88582977822,14.3435,II/389/ps1_dr2
137850843281151256,84.32811484478,24.87553963506,13.323,II/389/ps1_dr2
137870844522786912,84.45223363804,24.89700117717,14.4487,II/389/ps1_dr2
137840842414074865,84.24153207,24.87027569,13.022,II/389/ps1_dr2
137810841466097785,84.14660650642,24.84766731689,14.7097,II/389/ps1_dr2
137870842831452533,84.28314889214,24.89329274611,12.552,II/389/ps1_dr2
137880843065376433,84.30653171648,24.90487310358,13.387,II/389/ps1_dr2
137920842947933587,84.29478128404,24.93583778175,14.6677,II/389/ps1_dr2
137900843325713551,84.33256551592,24.91914972297,14.2736,II/389/ps1_dr2
137920843388674127,84.33886365025,24.93630048735,14.6641,II/389/ps1_dr2
137950843124220692,84.31241800918,24.95842066471,13.7507,II/389/ps1_dr2
137960843154089110,84.31535237,24.97376678,14.984,II/389/ps1_dr2
137960843161859110,84.31619386,24.97365066,9.8265,II/389/ps1_dr2
137970843171720181,84.31723746,24.97445526,13.4181,II/389/ps1_dr2
137960843158439315,84.3160401,24.97396035,10.147,II/389/ps1_dr2
137960843166019167,84.31670526,24.97390464,14.0364,II/389/ps1_dr2
137960843162808784,84.31647488,24.97346425,14.2535,II/389/ps1_dr2
137960843159799686,84.31584014,24.97439539,11.5511,II/389/ps1_dr2
137940842436349166,84.24362766318,24.95714940545,14.6511,II/389/ps1_dr2
137990842851540583,84.28521379986,24.99172198001,14.134,II/389/ps1_dr2
137980843012999552,84.3012947822,24.99081670809,14.1916,II/389/ps1_dr2
137930841098938148,84.10989368008,24.94796962044,13.7189,II/389/ps1_dr2
137910841605523016,84.16060352069,24.92707159039,14.4354,II/389/ps1_dr2
137950841483989818,84.14838954887,24.96603721182,13.9612,II/389/ps1_dr2
137930840981413379,84.09820134568,24.94399767918,13.383,II/389/ps1_dr2
137980841019821978,84.10184039,24.98441488,12.3462,II/389/ps1_dr2
137980841023351924,84.10221887,24.98461916,10.343,II/389/ps1_dr2
137990841171870904,84.11717981012,24.99193496525,14.2342,II/389/ps1_dr2
137990842374838054,84.23747519512,24.99789375563,14.156,II/389/ps1_dr2
138000841765616188,84.17652947439,25.00471404767,14.7678,II/389/ps1_dr2
138010841850084438,84.18504908676,25.01159034509,13.7808,II/389/ps1_dr2
138040842696713948,84.26965891773,25.03613345277,13.5554,II/389/ps1_dr2
138070842596610827,84.25966442343,25.05851956534,12.899,II/389/ps1_dr2
138010841630896581,84.1630769445,25.01334059443,14.4677,II/389/ps1_dr2
138050841583147433,84.15836685862,25.04741981871,14.4887,II/389/ps1_dr2
138080841787602617,84.17874549691,25.06836129073,14.1532,II/389/ps1_dr2
138110842176085870,84.21761019847,25.0960623153,13.6536,II/389/ps1_dr2
137970843561534959,84.3561332819,24.97865982912,14.6702,II/389/ps1_dr2
138000843357833903,84.33577179289,25.00276997329,14.8446,II/389/ps1_dr2
138070842957762341,84.2957627133,25.05981041536,14.8454,II/389/ps1_dr2
138120842654031563,84.26539995526,25.10081674993,14.0811,II/389/ps1_dr2
137970839994254317,83.9994448214,24.97810279991,13.401,II/389/ps1_dr2
138020840175249374,84.01754382753,25.02397600971,13.357,II/389/ps1_dr2
138030840593739639,84.05938352334,25.03254564251,14.0324,II/389/ps1_dr2
138070840804200958,84.08042050867,25.05863801931,14.5059,II/389/ps1_dr2
138010839900931074,83.99011693601,25.00874712448,14.076,II/389/ps1_dr2
138060841216308733,84.12162362576,25.05679123389,14.4643,II/389/ps1_dr2
138120841753974902,84.17537603123,25.10359824476,14.4769,II/389/ps1_dr2
138150841612209222,84.16121186844,25.13220560758,13.943,II/389/ps1_dr2
138180841569495894,84.15688918,25.15449484,14.221,II/389/ps1_dr2
138180841580285532,84.15802449,25.15414999,14.1266,II/389/ps1_dr2
138150841597673873,84.15975598998,25.12774597141,14.902,II/389/ps1_dr2
138180841522895723,84.15225038995,25.15430934336,14.854,II/389/ps1_dr2
138120840716035639,84.07160169527,25.10420508211,14.8702,II/389/ps1_dr2
138180841401483395,84.14014653295,25.15234206677,13.222,II/389/ps1_dr2
138210841494652117,84.14948023066,25.17629221327,14.4433,II/389/ps1_dr2
138220841810833881,84.1810797296,25.18609449995,14.5893,II/389/ps1_dr2
138220841722755185,84.17234843862,25.18721096154,14.209,II/389/ps1_dr2
25070,80.5047442059,22.1687178146,10.53,I/239/hip_main
25264,81.0513965796,22.1402783861,10.0,I/239/hip_main
25266,81.0533575287,22.1379121185,10.59,I/239/hip_main
25268,81.0652877793,20.1400133275,8.38,I/239/hip_main
25274,81.0798547703,22.3056335726,8.8,I/239/hip_main
25312,81.2111315854,22.9720685033,9.44,I/239/hip_main
25385,81.4653225298,21.1325115058,8.77,I/239/hip_main
25390,81.4745285358,21.7859184637,8.72,I/239/hip_main
25409,81.5224292518,22.8259946806,10.09,I/239/hip_main
25413,81.528038926,22.821765274,10.27,I/239/hip_main
25534,81.9041004256,19.3037654747,10.04,I/239/hip_main
25539,81.9086880855,21.9369652733,4.88,I/239/hip_main
25572,81.9808670375,23.293059411,8.24,I/239/hip_main
25586,82.0249308649,22.9304599161,8.67,I/239/hip_main
25613,82.0805668834,21.4436233165,8.67,I/239/hip_main
25621,82.1071061277,22.7425466821,7.21,I/239/hip_main
25668,82.2417444235,20.441822446,7.26,I/239/hip_main
25694,82.3149911532,21.3158950562,8.15,I/239/hip_main
25726,82.4029220568,20.0507975385,10.52,I/239/hip_main
25761,82.5134343622,23.7587465712,8.12,I/239/hip_main
25779,82.5641455926,22.5402575261,7.77,I/239/hip_main
25806,82.6806152023,22.4622546563,6.29,I/239/hip_main
25809,82.6878277736,21.5153486283,10.33,I/239/hip_main
25834,82.7336598511,19.7880700851,9.39,I/239/hip_main
25936,83.0250808166,21.0573101329,9.81,I/239/hip_main
26015,83.2723042877,23.1422977881,7.91,I/239/hip_main
26018,83.2788866439,20.0355614773,8.81,I/239/hip_main
26072,83.4118259658,20.4742163537,6.19,I/239/hip_main
26187,83.7332805564,22.56859819,8.51,I/239/hip_main
26201,83.7648740231,24.2907687512,6.82,I/239/hip_main
26240,83.8579511369,22.4380620382,8.35,I/239/hip_main
26248,83.8630420877,24.0395887842,5.37,I/239/hip_main
26250,83.8659268166,21.2943432361,9.24,I/239/hip_main
26281,83.9401793568,20.437841426,9.41,I/239/hip_main
26328,84.1099281718,21.9931082645,6.88,I/239/hip_main
26381,84.2603598942,20.7307878338,7.68,I/239/hip_main
26449,84.4091506739,23.1474533214,9.05,I/239/hip_main
26451,84.4111906983,21.1425491428,2.97,I/239/hip_main
26599,84.8117781755,23.3233600242,7.52,I/239/hip_main
26616,84.862950461,21.7629289635,6.42,I/239/hip_main
26651,84.9645575543,24.2254654697,7.12,I/239/hip_main
26684,85.0584685318,21.2859928369,8.57,I/239/hip_main
26828,85.4447963158,22.8703522446,7.92,I/239/hip_main
26853,85.5166060618,22.6603249574,6.35,I/239/hip_main
26964,85.8312607511,23.2043720058,6.23,I/239/hip_main
27098,86.1908169547,21.9437224181,9.03,I/239/hip_main
